0.27429028  0.13525610  0.13525610  0.07982338  0.12649948  0.09514717  0.09514717  0.09613834  
0.13525610  0.07982754  0.07664443  0.06083402  0.06968671  0.06958674  0.06671111  0.09514717  
0.13525610  0.07664443  0.07982754  0.06083402  0.06968671  0.06671111  0.06958674  0.09514717  
0.07982338  0.06083402  0.06083402  0.06605464  0.05079839  0.06968671  0.06968671  0.12649948  
0.12649948  0.06968671  0.06968671  0.05079839  0.06605464  0.06083402  0.06083402  0.07982338  
0.09514717  0.06958674  0.06671111  0.06968671  0.06083402  0.07982754  0.07664443  0.13525610  
0.09514717  0.06671111  0.06958674  0.06968671  0.06083402  0.07664443  0.07982754  0.13525610  
0.09613834  0.09514717  0.09514717  0.12649948  0.07982338  0.13525610  0.13525610  0.27429028  
