0.00004821  0.00003655  0.00003655  0.00003189  0.00004140  0.00002215  0.00002215  0.00003976  
0.00003655  0.00002073  0.00002389  0.00001336  0.00001970  0.00002287  0.00002599  0.00002215  
0.00003655  0.00002389  0.00002073  0.00001336  0.00001970  0.00002599  0.00002287  0.00002215  
0.00003189  0.00001336  0.00001336  0.00002425  0.00002848  0.00001970  0.00001970  0.00004140  
0.00004140  0.00001970  0.00001970  0.00002848  0.00002425  0.00001336  0.00001336  0.00003189  
0.00002215  0.00002287  0.00002599  0.00001970  0.00001336  0.00002073  0.00002389  0.00003655  
0.00002215  0.00002599  0.00002287  0.00001970  0.00001336  0.00002389  0.00002073  0.00003655  
0.00003976  0.00002215  0.00002215  0.00004140  0.00003189  0.00003655  0.00003655  0.00004821  
