0.48609256  0.04079379  0.04079379  0.00410922  0.04079379  0.00410972  0.00342646  0.00042331  0.04079379  0.00342646  0.00410972  0.00042331  0.00410922  0.00042331  0.00042331  0.00010533  
0.04079379  0.00342925  0.00342451  0.00034878  0.00342414  0.00034864  0.00029032  0.00007052  0.00342438  0.00029069  0.00034842  0.00007050  0.00034855  0.00007049  0.00007030  0.00042331  
0.04079379  0.00342451  0.00342925  0.00034878  0.00342438  0.00034842  0.00029069  0.00007050  0.00342414  0.00029032  0.00034864  0.00007052  0.00034855  0.00007030  0.00007049  0.00042331  
0.00410922  0.00034878  0.00034878  0.00007087  0.00034855  0.00006945  0.00005786  0.00034878  0.00034855  0.00005786  0.00006945  0.00034878  0.00006955  0.00034855  0.00034855  0.00410922  
0.04079379  0.00342414  0.00342438  0.00034855  0.00342925  0.00034864  0.00029069  0.00007049  0.00342451  0.00029032  0.00034842  0.00007030  0.00034878  0.00007052  0.00007050  0.00042331  
0.00410972  0.00034864  0.00034842  0.00006945  0.00034864  0.00007044  0.00005794  0.00034864  0.00034842  0.00005794  0.00006955  0.00034842  0.00006945  0.00034864  0.00034842  0.00410972  
0.00342646  0.00029032  0.00029069  0.00005786  0.00029069  0.00005794  0.00004915  0.00029069  0.00029032  0.00004830  0.00005794  0.00029032  0.00005786  0.00029032  0.00029069  0.00342646  
0.00042331  0.00007052  0.00007050  0.00034878  0.00007049  0.00034864  0.00029069  0.00342925  0.00007030  0.00029032  0.00034842  0.00342451  0.00034855  0.00342414  0.00342438  0.04079379  
0.04079379  0.00342438  0.00342414  0.00034855  0.00342451  0.00034842  0.00029032  0.00007030  0.00342925  0.00029069  0.00034864  0.00007049  0.00034878  0.00007050  0.00007052  0.00042331  
0.00342646  0.00029069  0.00029032  0.00005786  0.00029032  0.00005794  0.00004830  0.00029032  0.00029069  0.00004915  0.00005794  0.00029069  0.00005786  0.00029069  0.00029032  0.00342646  
0.00410972  0.00034842  0.00034864  0.00006945  0.00034842  0.00006955  0.00005794  0.00034842  0.00034864  0.00005794  0.00007044  0.00034864  0.00006945  0.00034842  0.00034864  0.00410972  
0.00042331  0.00007050  0.00007052  0.00034878  0.00007030  0.00034842  0.00029032  0.00342451  0.00007049  0.00029069  0.00034864  0.00342925  0.00034855  0.00342438  0.00342414  0.04079379  
0.00410922  0.00034855  0.00034855  0.00006955  0.00034878  0.00006945  0.00005786  0.00034855  0.00034878  0.00005786  0.00006945  0.00034855  0.00007087  0.00034878  0.00034878  0.00410922  
0.00042331  0.00007049  0.00007030  0.00034855  0.00007052  0.00034864  0.00029032  0.00342414  0.00007050  0.00029069  0.00034842  0.00342438  0.00034878  0.00342925  0.00342451  0.04079379  
0.00042331  0.00007030  0.00007049  0.00034855  0.00007050  0.00034842  0.00029069  0.00342438  0.00007052  0.00029032  0.00034864  0.00342414  0.00034878  0.00342451  0.00342925  0.04079379  
0.00010533  0.00042331  0.00042331  0.00410922  0.00042331  0.00410972  0.00342646  0.04079379  0.00042331  0.00342646  0.00410972  0.04079379  0.00410922  0.04079379  0.04079379  0.48609256  
