0.00000200  0.00000279  0.00000279  0.00000096  0.00000279  0.00000086  0.00000064  0.00000021  0.00000279  0.00000064  0.00000086  0.00000021  0.00000096  0.00000021  0.00000021  0.00000016  
0.00000279  0.00000050  0.00000056  0.00000013  0.00000058  0.00000013  0.00000011  0.00000007  0.00000052  0.00000010  0.00000010  0.00000007  0.00000013  0.00000009  0.00000007  0.00000021  
0.00000279  0.00000056  0.00000050  0.00000013  0.00000052  0.00000010  0.00000010  0.00000007  0.00000058  0.00000011  0.00000013  0.00000007  0.00000013  0.00000007  0.00000009  0.00000021  
0.00000096  0.00000013  0.00000013  0.00000015  0.00000013  0.00000006  0.00000005  0.00000013  0.00000013  0.00000005  0.00000006  0.00000013  0.00000015  0.00000013  0.00000013  0.00000096  
0.00000279  0.00000058  0.00000052  0.00000013  0.00000050  0.00000013  0.00000010  0.00000009  0.00000056  0.00000011  0.00000010  0.00000007  0.00000013  0.00000007  0.00000007  0.00000021  
0.00000086  0.00000013  0.00000010  0.00000006  0.00000013  0.00000011  0.00000006  0.00000013  0.00000010  0.00000006  0.00000010  0.00000010  0.00000006  0.00000013  0.00000010  0.00000086  
0.00000064  0.00000011  0.00000010  0.00000005  0.00000010  0.00000006  0.00000010  0.00000010  0.00000011  0.00000009  0.00000006  0.00000011  0.00000005  0.00000011  0.00000010  0.00000064  
0.00000021  0.00000007  0.00000007  0.00000013  0.00000009  0.00000013  0.00000010  0.00000050  0.00000007  0.00000011  0.00000010  0.00000056  0.00000013  0.00000058  0.00000052  0.00000279  
0.00000279  0.00000052  0.00000058  0.00000013  0.00000056  0.00000010  0.00000011  0.00000007  0.00000050  0.00000010  0.00000013  0.00000009  0.00000013  0.00000007  0.00000007  0.00000021  
0.00000064  0.00000010  0.00000011  0.00000005  0.00000011  0.00000006  0.00000009  0.00000011  0.00000010  0.00000010  0.00000006  0.00000010  0.00000005  0.00000010  0.00000011  0.00000064  
0.00000086  0.00000010  0.00000013  0.00000006  0.00000010  0.00000010  0.00000006  0.00000010  0.00000013  0.00000006  0.00000011  0.00000013  0.00000006  0.00000010  0.00000013  0.00000086  
0.00000021  0.00000007  0.00000007  0.00000013  0.00000007  0.00000010  0.00000011  0.00000056  0.00000009  0.00000010  0.00000013  0.00000050  0.00000013  0.00000052  0.00000058  0.00000279  
0.00000096  0.00000013  0.00000013  0.00000015  0.00000013  0.00000006  0.00000005  0.00000013  0.00000013  0.00000005  0.00000006  0.00000013  0.00000015  0.00000013  0.00000013  0.00000096  
0.00000021  0.00000009  0.00000007  0.00000013  0.00000007  0.00000013  0.00000011  0.00000058  0.00000007  0.00000010  0.00000010  0.00000052  0.00000013  0.00000050  0.00000056  0.00000279  
0.00000021  0.00000007  0.00000009  0.00000013  0.00000007  0.00000010  0.00000010  0.00000052  0.00000007  0.00000011  0.00000013  0.00000058  0.00000013  0.00000056  0.00000050  0.00000279  
0.00000016  0.00000021  0.00000021  0.00000096  0.00000021  0.00000086  0.00000064  0.00000279  0.00000021  0.00000064  0.00000086  0.00000279  0.00000096  0.00000279  0.00000279  0.00000200  
