0.13412274  0.08502321  0.08502321  0.07576003  0.08502321  0.07577036  0.05744286  0.07262934  0.08502321  0.05744286  0.07577036  0.07262934  0.07576003  0.07262934  0.07262934  0.09884260  
0.08502321  0.05776448  0.05540418  0.05304420  0.05539877  0.05305166  0.03857329  0.05248401  0.05469696  0.03963094  0.05018760  0.05179651  0.05019010  0.05177939  0.04965004  0.07262934  
0.08502321  0.05540418  0.05776448  0.05304420  0.05469696  0.05018760  0.03963094  0.05179651  0.05539877  0.03857329  0.05305166  0.05248401  0.05019010  0.04965004  0.05177939  0.07262934  
0.07576003  0.05304420  0.05304420  0.05267148  0.05019010  0.04972665  0.03766761  0.05304420  0.05019010  0.03766761  0.04972665  0.05304420  0.04698552  0.05019010  0.05019010  0.07576003  
0.08502321  0.05539877  0.05469696  0.05019010  0.05776448  0.05305166  0.03963094  0.05177939  0.05540418  0.03857329  0.05018760  0.04965004  0.05304420  0.05248401  0.05179651  0.07262934  
0.07577036  0.05305166  0.05018760  0.04972665  0.05305166  0.05273497  0.03767518  0.05305166  0.05018760  0.03767518  0.04703788  0.05018760  0.04972665  0.05305166  0.05018760  0.07577036  
0.05744286  0.03857329  0.03963094  0.03766761  0.03963094  0.03767518  0.02941288  0.03963094  0.03857329  0.02777663  0.03767518  0.03857329  0.03766761  0.03857329  0.03963094  0.05744286  
0.07262934  0.05248401  0.05179651  0.05304420  0.05177939  0.05305166  0.03963094  0.05776448  0.04965004  0.03857329  0.05018760  0.05540418  0.05019010  0.05539877  0.05469696  0.08502321  
0.08502321  0.05469696  0.05539877  0.05019010  0.05540418  0.05018760  0.03857329  0.04965004  0.05776448  0.03963094  0.05305166  0.05177939  0.05304420  0.05179651  0.05248401  0.07262934  
0.05744286  0.03963094  0.03857329  0.03766761  0.03857329  0.03767518  0.02777663  0.03857329  0.03963094  0.02941288  0.03767518  0.03963094  0.03766761  0.03963094  0.03857329  0.05744286  
0.07577036  0.05018760  0.05305166  0.04972665  0.05018760  0.04703788  0.03767518  0.05018760  0.05305166  0.03767518  0.05273497  0.05305166  0.04972665  0.05018760  0.05305166  0.07577036  
0.07262934  0.05179651  0.05248401  0.05304420  0.04965004  0.05018760  0.03857329  0.05540418  0.05177939  0.03963094  0.05305166  0.05776448  0.05019010  0.05469696  0.05539877  0.08502321  
0.07576003  0.05019010  0.05019010  0.04698552  0.05304420  0.04972665  0.03766761  0.05019010  0.05304420  0.03766761  0.04972665  0.05019010  0.05267148  0.05304420  0.05304420  0.07576003  
0.07262934  0.05177939  0.04965004  0.05019010  0.05248401  0.05305166  0.03857329  0.05539877  0.05179651  0.03963094  0.05018760  0.05469696  0.05304420  0.05776448  0.05540418  0.08502321  
0.07262934  0.04965004  0.05177939  0.05019010  0.05179651  0.05018760  0.03963094  0.05469696  0.05248401  0.03857329  0.05305166  0.05539877  0.05304420  0.05540418  0.05776448  0.08502321  
0.09884260  0.07262934  0.07262934  0.07576003  0.07262934  0.07577036  0.05744286  0.08502321  0.07262934  0.05744286  0.07577036  0.08502321  0.07576003  0.08502321  0.08502321  0.13412274  
