0.00004094  0.00001664  0.00001664  0.00002048  0.00001664  0.00002173  0.00001670  0.00001625  0.00001664  0.00001670  0.00002173  0.00001625  0.00002048  0.00001625  0.00001625  0.00003545  
0.00001664  0.00001084  0.00001676  0.00001322  0.00001304  0.00001237  0.00000937  0.00002074  0.00001321  0.00001145  0.00001354  0.00001469  0.00001006  0.00001401  0.00001343  0.00001625  
0.00001664  0.00001676  0.00001084  0.00001322  0.00001321  0.00001354  0.00001145  0.00001469  0.00001304  0.00000937  0.00001237  0.00002074  0.00001006  0.00001343  0.00001401  0.00001625  
0.00002048  0.00001322  0.00001322  0.00002609  0.00001006  0.00001489  0.00001084  0.00001322  0.00001006  0.00001084  0.00001489  0.00001322  0.00002332  0.00001006  0.00001006  0.00002048  
0.00001664  0.00001304  0.00001321  0.00001006  0.00001084  0.00001237  0.00001145  0.00001401  0.00001676  0.00000937  0.00001354  0.00001343  0.00001322  0.00002074  0.00001469  0.00001625  
0.00002173  0.00001237  0.00001354  0.00001489  0.00001237  0.00002574  0.00001478  0.00001237  0.00001354  0.00001478  0.00002803  0.00001354  0.00001489  0.00001237  0.00001354  0.00002173  
0.00001670  0.00000937  0.00001145  0.00001084  0.00001145  0.00001478  0.00001385  0.00001145  0.00000937  0.00001786  0.00001478  0.00000937  0.00001084  0.00000937  0.00001145  0.00001670  
0.00001625  0.00002074  0.00001469  0.00001322  0.00001401  0.00001237  0.00001145  0.00001084  0.00001343  0.00000937  0.00001354  0.00001676  0.00001006  0.00001304  0.00001321  0.00001664  
0.00001664  0.00001321  0.00001304  0.00001006  0.00001676  0.00001354  0.00000937  0.00001343  0.00001084  0.00001145  0.00001237  0.00001401  0.00001322  0.00001469  0.00002074  0.00001625  
0.00001670  0.00001145  0.00000937  0.00001084  0.00000937  0.00001478  0.00001786  0.00000937  0.00001145  0.00001385  0.00001478  0.00001145  0.00001084  0.00001145  0.00000937  0.00001670  
0.00002173  0.00001354  0.00001237  0.00001489  0.00001354  0.00002803  0.00001478  0.00001354  0.00001237  0.00001478  0.00002574  0.00001237  0.00001489  0.00001354  0.00001237  0.00002173  
0.00001625  0.00001469  0.00002074  0.00001322  0.00001343  0.00001354  0.00000937  0.00001676  0.00001401  0.00001145  0.00001237  0.00001084  0.00001006  0.00001321  0.00001304  0.00001664  
0.00002048  0.00001006  0.00001006  0.00002332  0.00001322  0.00001489  0.00001084  0.00001006  0.00001322  0.00001084  0.00001489  0.00001006  0.00002609  0.00001322  0.00001322  0.00002048  
0.00001625  0.00001401  0.00001343  0.00001006  0.00002074  0.00001237  0.00000937  0.00001304  0.00001469  0.00001145  0.00001354  0.00001321  0.00001322  0.00001084  0.00001676  0.00001664  
0.00001625  0.00001343  0.00001401  0.00001006  0.00001469  0.00001354  0.00001145  0.00001321  0.00002074  0.00000937  0.00001237  0.00001304  0.00001322  0.00001676  0.00001084  0.00001664  
0.00003545  0.00001625  0.00001625  0.00002048  0.00001625  0.00002173  0.00001670  0.00001664  0.00001625  0.00001670  0.00002173  0.00001664  0.00002048  0.00001664  0.00001664  0.00004094  
