0.08146651  0.07030600  0.07030600  0.06918439  0.07030600  0.06917136  0.06136174  0.06866214  0.07030600  0.06136174  0.06917136  0.06866214  0.06918439  0.06866214  0.06866214  0.07757662  
0.07030600  0.06192896  0.06102574  0.06102106  0.06101732  0.06102404  0.05339134  0.06076793  0.06085877  0.05400237  0.06006437  0.06064917  0.06005020  0.06062171  0.05983545  0.06866214  
0.07030600  0.06102574  0.06192896  0.06102106  0.06085877  0.06006437  0.05400237  0.06064917  0.06101732  0.05339134  0.06102404  0.06076793  0.06005020  0.05983545  0.06062171  0.06866214  
0.06918439  0.06102106  0.06102106  0.06135865  0.06005020  0.06026020  0.05346025  0.06102106  0.06005020  0.05346025  0.06026020  0.06102106  0.05934640  0.06005020  0.06005020  0.06918439  
0.07030600  0.06101732  0.06085877  0.06005020  0.06192896  0.06102404  0.05400237  0.06062171  0.06102574  0.05339134  0.06006437  0.05983545  0.06102106  0.06076793  0.06064917  0.06866214  
0.06917136  0.06102404  0.06006437  0.06026020  0.06102404  0.06136247  0.05345142  0.06102404  0.06006437  0.05345142  0.05930750  0.06006437  0.06026020  0.06102404  0.06006437  0.06917136  
0.06136174  0.05339134  0.05400237  0.05346025  0.05400237  0.05345142  0.04809655  0.05400237  0.05339134  0.04690752  0.05345142  0.05339134  0.05346025  0.05339134  0.05400237  0.06136174  
0.06866214  0.06076793  0.06064917  0.06102106  0.06062171  0.06102404  0.05400237  0.06192896  0.05983545  0.05339134  0.06006437  0.06102574  0.06005020  0.06101732  0.06085877  0.07030600  
0.07030600  0.06085877  0.06101732  0.06005020  0.06102574  0.06006437  0.05339134  0.05983545  0.06192896  0.05400237  0.06102404  0.06062171  0.06102106  0.06064917  0.06076793  0.06866214  
0.06136174  0.05400237  0.05339134  0.05346025  0.05339134  0.05345142  0.04690752  0.05339134  0.05400237  0.04809655  0.05345142  0.05400237  0.05346025  0.05400237  0.05339134  0.06136174  
0.06917136  0.06006437  0.06102404  0.06026020  0.06006437  0.05930750  0.05345142  0.06006437  0.06102404  0.05345142  0.06136247  0.06102404  0.06026020  0.06006437  0.06102404  0.06917136  
0.06866214  0.06064917  0.06076793  0.06102106  0.05983545  0.06006437  0.05339134  0.06102574  0.06062171  0.05400237  0.06102404  0.06192896  0.06005020  0.06085877  0.06101732  0.07030600  
0.06918439  0.06005020  0.06005020  0.05934640  0.06102106  0.06026020  0.05346025  0.06005020  0.06102106  0.05346025  0.06026020  0.06005020  0.06135865  0.06102106  0.06102106  0.06918439  
0.06866214  0.06062171  0.05983545  0.06005020  0.06076793  0.06102404  0.05339134  0.06101732  0.06064917  0.05400237  0.06006437  0.06085877  0.06102106  0.06192896  0.06102574  0.07030600  
0.06866214  0.05983545  0.06062171  0.06005020  0.06064917  0.06006437  0.05400237  0.06085877  0.06076793  0.05339134  0.06102404  0.06101732  0.06102106  0.06102574  0.06192896  0.07030600  
0.07757662  0.06866214  0.06866214  0.06918439  0.06866214  0.06917136  0.06136174  0.07030600  0.06866214  0.06136174  0.06917136  0.07030600  0.06918439  0.07030600  0.07030600  0.08146651  
