0.00002530  0.00001011  0.00001011  0.00001135  0.00001011  0.00001455  0.00001120  0.00001175  0.00001011  0.00001120  0.00001455  0.00001175  0.00001135  0.00001175  0.00001175  0.00002413  
0.00001011  0.00000985  0.00001549  0.00000950  0.00001408  0.00001109  0.00000792  0.00001182  0.00001188  0.00000800  0.00001330  0.00001457  0.00001114  0.00001124  0.00001217  0.00001175  
0.00001011  0.00001549  0.00000985  0.00000950  0.00001188  0.00001330  0.00000800  0.00001457  0.00001408  0.00000792  0.00001109  0.00001182  0.00001114  0.00001217  0.00001124  0.00001175  
0.00001135  0.00000950  0.00000950  0.00001934  0.00001114  0.00001127  0.00001194  0.00000950  0.00001114  0.00001194  0.00001127  0.00000950  0.00002502  0.00001114  0.00001114  0.00001135  
0.00001011  0.00001408  0.00001188  0.00001114  0.00000985  0.00001109  0.00000800  0.00001124  0.00001549  0.00000792  0.00001330  0.00001217  0.00000950  0.00001182  0.00001457  0.00001175  
0.00001455  0.00001109  0.00001330  0.00001127  0.00001109  0.00002289  0.00001314  0.00001109  0.00001330  0.00001314  0.00002739  0.00001330  0.00001127  0.00001109  0.00001330  0.00001455  
0.00001120  0.00000792  0.00000800  0.00001194  0.00000800  0.00001314  0.00002056  0.00000800  0.00000792  0.00002131  0.00001314  0.00000792  0.00001194  0.00000792  0.00000800  0.00001120  
0.00001175  0.00001182  0.00001457  0.00000950  0.00001124  0.00001109  0.00000800  0.00000985  0.00001217  0.00000792  0.00001330  0.00001549  0.00001114  0.00001408  0.00001188  0.00001011  
0.00001011  0.00001188  0.00001408  0.00001114  0.00001549  0.00001330  0.00000792  0.00001217  0.00000985  0.00000800  0.00001109  0.00001124  0.00000950  0.00001457  0.00001182  0.00001175  
0.00001120  0.00000800  0.00000792  0.00001194  0.00000792  0.00001314  0.00002131  0.00000792  0.00000800  0.00002056  0.00001314  0.00000800  0.00001194  0.00000800  0.00000792  0.00001120  
0.00001455  0.00001330  0.00001109  0.00001127  0.00001330  0.00002739  0.00001314  0.00001330  0.00001109  0.00001314  0.00002289  0.00001109  0.00001127  0.00001330  0.00001109  0.00001455  
0.00001175  0.00001457  0.00001182  0.00000950  0.00001217  0.00001330  0.00000792  0.00001549  0.00001124  0.00000800  0.00001109  0.00000985  0.00001114  0.00001188  0.00001408  0.00001011  
0.00001135  0.00001114  0.00001114  0.00002502  0.00000950  0.00001127  0.00001194  0.00001114  0.00000950  0.00001194  0.00001127  0.00001114  0.00001934  0.00000950  0.00000950  0.00001135  
0.00001175  0.00001124  0.00001217  0.00001114  0.00001182  0.00001109  0.00000792  0.00001408  0.00001457  0.00000800  0.00001330  0.00001188  0.00000950  0.00000985  0.00001549  0.00001011  
0.00001175  0.00001217  0.00001124  0.00001114  0.00001457  0.00001330  0.00000800  0.00001188  0.00001182  0.00000792  0.00001109  0.00001408  0.00000950  0.00001549  0.00000985  0.00001011  
0.00002413  0.00001175  0.00001175  0.00001135  0.00001175  0.00001455  0.00001120  0.00001011  0.00001175  0.00001120  0.00001455  0.00001011  0.00001135  0.00001011  0.00001011  0.00002530  
