0.13766112  0.13021634  0.13021634  0.12409822  0.12491488  0.12991136  0.12991136  0.13599063  
0.13021634  0.12417412  0.12356831  0.11847747  0.11832492  0.12381117  0.12331661  0.12991136  
0.13021634  0.12356831  0.12417412  0.11847747  0.11832492  0.12331661  0.12381117  0.12991136  
0.12409822  0.11847747  0.11847747  0.11399063  0.11284195  0.11832492  0.11832492  0.12491488  
0.12491488  0.11832492  0.11832492  0.11284195  0.11399063  0.11847747  0.11847747  0.12409822  
0.12991136  0.12381117  0.12331661  0.11832492  0.11847747  0.12417412  0.12356831  0.13021634  
0.12991136  0.12331661  0.12381117  0.11832492  0.11847747  0.12356831  0.12417412  0.13021634  
0.13599063  0.12991136  0.12991136  0.12491488  0.12409822  0.13021634  0.13021634  0.13766112  
