0.00002607  0.00001719  0.00001719  0.00002486  0.00002472  0.00002080  0.00002080  0.00004173  
0.00001719  0.00001454  0.00002814  0.00001712  0.00002045  0.00002421  0.00002446  0.00002080  
0.00001719  0.00002814  0.00001454  0.00001712  0.00002045  0.00002446  0.00002421  0.00002080  
0.00002486  0.00001712  0.00001712  0.00002539  0.00002887  0.00002045  0.00002045  0.00002472  
0.00002472  0.00002045  0.00002045  0.00002887  0.00002539  0.00001712  0.00001712  0.00002486  
0.00002080  0.00002421  0.00002446  0.00002045  0.00001712  0.00001454  0.00002814  0.00001719  
0.00002080  0.00002446  0.00002421  0.00002045  0.00001712  0.00002814  0.00001454  0.00001719  
0.00004173  0.00002080  0.00002080  0.00002472  0.00002486  0.00001719  0.00001719  0.00002607  
