0.44425723  0.07626894  0.07626894  0.01574540  0.07626894  0.01574583  0.01313983  0.00342624  0.07626894  0.01313983  0.01574583  0.00342624  0.01574540  0.00342624  0.00342624  0.00169060  
0.07626894  0.01317685  0.01311641  0.00282844  0.01311876  0.00282842  0.00234910  0.00113286  0.01311786  0.00235846  0.00281444  0.00113241  0.00281482  0.00113224  0.00112679  0.00342624  
0.07626894  0.01311641  0.01317685  0.00282844  0.01311786  0.00281444  0.00235846  0.00113241  0.01311876  0.00234910  0.00282842  0.00113286  0.00281482  0.00112679  0.00113224  0.00342624  
0.01574540  0.00282844  0.00282844  0.00112650  0.00281482  0.00111811  0.00093241  0.00282844  0.00281482  0.00093241  0.00111811  0.00282844  0.00111276  0.00281482  0.00281482  0.01574540  
0.07626894  0.01311876  0.01311786  0.00281482  0.01317685  0.00282842  0.00235846  0.00113224  0.01311641  0.00234910  0.00281444  0.00112679  0.00282844  0.00113286  0.00113241  0.00342624  
0.01574583  0.00282842  0.00281444  0.00111811  0.00282842  0.00112605  0.00093261  0.00282842  0.00281444  0.00093261  0.00111301  0.00281444  0.00111811  0.00282842  0.00281444  0.01574583  
0.01313983  0.00234910  0.00235846  0.00093241  0.00235846  0.00093261  0.00078281  0.00235846  0.00234910  0.00077493  0.00093261  0.00234910  0.00093241  0.00234910  0.00235846  0.01313983  
0.00342624  0.00113286  0.00113241  0.00282844  0.00113224  0.00282842  0.00235846  0.01317685  0.00112679  0.00234910  0.00281444  0.01311641  0.00281482  0.01311876  0.01311786  0.07626894  
0.07626894  0.01311786  0.01311876  0.00281482  0.01311641  0.00281444  0.00234910  0.00112679  0.01317685  0.00235846  0.00282842  0.00113224  0.00282844  0.00113241  0.00113286  0.00342624  
0.01313983  0.00235846  0.00234910  0.00093241  0.00234910  0.00093261  0.00077493  0.00234910  0.00235846  0.00078281  0.00093261  0.00235846  0.00093241  0.00235846  0.00234910  0.01313983  
0.01574583  0.00281444  0.00282842  0.00111811  0.00281444  0.00111301  0.00093261  0.00281444  0.00282842  0.00093261  0.00112605  0.00282842  0.00111811  0.00281444  0.00282842  0.01574583  
0.00342624  0.00113241  0.00113286  0.00282844  0.00112679  0.00281444  0.00234910  0.01311641  0.00113224  0.00235846  0.00282842  0.01317685  0.00281482  0.01311786  0.01311876  0.07626894  
0.01574540  0.00281482  0.00281482  0.00111276  0.00282844  0.00111811  0.00093241  0.00281482  0.00282844  0.00093241  0.00111811  0.00281482  0.00112650  0.00282844  0.00282844  0.01574540  
0.00342624  0.00113224  0.00112679  0.00281482  0.00113286  0.00282842  0.00234910  0.01311876  0.00113241  0.00235846  0.00281444  0.01311786  0.00282844  0.01317685  0.01311641  0.07626894  
0.00342624  0.00112679  0.00113224  0.00281482  0.00113241  0.00281444  0.00235846  0.01311786  0.00113286  0.00234910  0.00282842  0.01311876  0.00282844  0.01311641  0.01317685  0.07626894  
0.00169060  0.00342624  0.00342624  0.01574540  0.00342624  0.01574583  0.01313983  0.07626894  0.00342624  0.01313983  0.01574583  0.07626894  0.01574540  0.07626894  0.07626894  0.44425723  
