0.00000443  0.00000330  0.00000330  0.00000128  0.00000330  0.00000166  0.00000116  0.00000048  0.00000330  0.00000116  0.00000166  0.00000048  0.00000128  0.00000048  0.00000048  0.00000081  
0.00000330  0.00000110  0.00000125  0.00000025  0.00000099  0.00000036  0.00000040  0.00000031  0.00000137  0.00000035  0.00000037  0.00000032  0.00000028  0.00000034  0.00000032  0.00000048  
0.00000330  0.00000125  0.00000110  0.00000025  0.00000137  0.00000037  0.00000035  0.00000032  0.00000099  0.00000040  0.00000036  0.00000031  0.00000028  0.00000032  0.00000034  0.00000048  
0.00000128  0.00000025  0.00000025  0.00000044  0.00000028  0.00000021  0.00000018  0.00000025  0.00000028  0.00000018  0.00000021  0.00000025  0.00000042  0.00000028  0.00000028  0.00000128  
0.00000330  0.00000099  0.00000137  0.00000028  0.00000110  0.00000036  0.00000035  0.00000034  0.00000125  0.00000040  0.00000037  0.00000032  0.00000025  0.00000031  0.00000032  0.00000048  
0.00000166  0.00000036  0.00000037  0.00000021  0.00000036  0.00000042  0.00000020  0.00000036  0.00000037  0.00000020  0.00000043  0.00000037  0.00000021  0.00000036  0.00000037  0.00000166  
0.00000116  0.00000040  0.00000035  0.00000018  0.00000035  0.00000020  0.00000045  0.00000035  0.00000040  0.00000036  0.00000020  0.00000040  0.00000018  0.00000040  0.00000035  0.00000116  
0.00000048  0.00000031  0.00000032  0.00000025  0.00000034  0.00000036  0.00000035  0.00000110  0.00000032  0.00000040  0.00000037  0.00000125  0.00000028  0.00000099  0.00000137  0.00000330  
0.00000330  0.00000137  0.00000099  0.00000028  0.00000125  0.00000037  0.00000040  0.00000032  0.00000110  0.00000035  0.00000036  0.00000034  0.00000025  0.00000032  0.00000031  0.00000048  
0.00000116  0.00000035  0.00000040  0.00000018  0.00000040  0.00000020  0.00000036  0.00000040  0.00000035  0.00000045  0.00000020  0.00000035  0.00000018  0.00000035  0.00000040  0.00000116  
0.00000166  0.00000037  0.00000036  0.00000021  0.00000037  0.00000043  0.00000020  0.00000037  0.00000036  0.00000020  0.00000042  0.00000036  0.00000021  0.00000037  0.00000036  0.00000166  
0.00000048  0.00000032  0.00000031  0.00000025  0.00000032  0.00000037  0.00000040  0.00000125  0.00000034  0.00000035  0.00000036  0.00000110  0.00000028  0.00000137  0.00000099  0.00000330  
0.00000128  0.00000028  0.00000028  0.00000042  0.00000025  0.00000021  0.00000018  0.00000028  0.00000025  0.00000018  0.00000021  0.00000028  0.00000044  0.00000025  0.00000025  0.00000128  
0.00000048  0.00000034  0.00000032  0.00000028  0.00000031  0.00000036  0.00000040  0.00000099  0.00000032  0.00000035  0.00000037  0.00000137  0.00000025  0.00000110  0.00000125  0.00000330  
0.00000048  0.00000032  0.00000034  0.00000028  0.00000032  0.00000037  0.00000035  0.00000137  0.00000031  0.00000040  0.00000036  0.00000099  0.00000025  0.00000125  0.00000110  0.00000330  
0.00000081  0.00000048  0.00000048  0.00000128  0.00000048  0.00000166  0.00000116  0.00000330  0.00000048  0.00000116  0.00000166  0.00000330  0.00000128  0.00000330  0.00000330  0.00000443  
