0.46848066  0.05952381  0.05952381  0.01009544  0.05952381  0.01009543  0.00759035  0.00182374  0.05952381  0.00759035  0.01009543  0.00182374  0.01009544  0.00182374  0.00182374  0.00089554  
0.05952381  0.00759740  0.00756820  0.00132501  0.00756998  0.00132496  0.00099226  0.00045125  0.00756861  0.00099523  0.00131956  0.00045063  0.00131987  0.00045084  0.00044913  0.00182374  
0.05952381  0.00756820  0.00759740  0.00132501  0.00756861  0.00131956  0.00099523  0.00045063  0.00756998  0.00099226  0.00132496  0.00045125  0.00131987  0.00044913  0.00045084  0.00182374  
0.01009544  0.00132501  0.00132501  0.00044081  0.00131987  0.00043644  0.00032797  0.00132501  0.00131987  0.00032797  0.00043644  0.00132501  0.00043484  0.00131987  0.00131987  0.01009544  
0.05952381  0.00756998  0.00756861  0.00131987  0.00759740  0.00132496  0.00099523  0.00045084  0.00756820  0.00099226  0.00131956  0.00044913  0.00132501  0.00045125  0.00045063  0.00182374  
0.01009543  0.00132496  0.00131956  0.00043644  0.00132496  0.00044010  0.00032786  0.00132496  0.00131956  0.00032786  0.00043430  0.00131956  0.00043644  0.00132496  0.00131956  0.01009543  
0.00759035  0.00099226  0.00099523  0.00032797  0.00099523  0.00032786  0.00024883  0.00099523  0.00099226  0.00024596  0.00032786  0.00099226  0.00032797  0.00099226  0.00099523  0.00759035  
0.00182374  0.00045125  0.00045063  0.00132501  0.00045084  0.00132496  0.00099523  0.00759740  0.00044913  0.00099226  0.00131956  0.00756820  0.00131987  0.00756998  0.00756861  0.05952381  
0.05952381  0.00756861  0.00756998  0.00131987  0.00756820  0.00131956  0.00099226  0.00044913  0.00759740  0.00099523  0.00132496  0.00045084  0.00132501  0.00045063  0.00045125  0.00182374  
0.00759035  0.00099523  0.00099226  0.00032797  0.00099226  0.00032786  0.00024596  0.00099226  0.00099523  0.00024883  0.00032786  0.00099523  0.00032797  0.00099523  0.00099226  0.00759035  
0.01009543  0.00131956  0.00132496  0.00043644  0.00131956  0.00043430  0.00032786  0.00131956  0.00132496  0.00032786  0.00044010  0.00132496  0.00043644  0.00131956  0.00132496  0.01009543  
0.00182374  0.00045063  0.00045125  0.00132501  0.00044913  0.00131956  0.00099226  0.00756820  0.00045084  0.00099523  0.00132496  0.00759740  0.00131987  0.00756861  0.00756998  0.05952381  
0.01009544  0.00131987  0.00131987  0.00043484  0.00132501  0.00043644  0.00032797  0.00131987  0.00132501  0.00032797  0.00043644  0.00131987  0.00044081  0.00132501  0.00132501  0.01009544  
0.00182374  0.00045084  0.00044913  0.00131987  0.00045125  0.00132496  0.00099226  0.00756998  0.00045063  0.00099523  0.00131956  0.00756861  0.00132501  0.00759740  0.00756820  0.05952381  
0.00182374  0.00044913  0.00045084  0.00131987  0.00045063  0.00131956  0.00099523  0.00756861  0.00045125  0.00099226  0.00132496  0.00756998  0.00132501  0.00756820  0.00759740  0.05952381  
0.00089554  0.00182374  0.00182374  0.01009544  0.00182374  0.01009543  0.00759035  0.05952381  0.00182374  0.00759035  0.01009543  0.05952381  0.01009544  0.05952381  0.05952381  0.46848066  
