0.00000471  0.00000276  0.00000276  0.00000147  0.00000276  0.00000134  0.00000135  0.00000045  0.00000276  0.00000135  0.00000134  0.00000045  0.00000147  0.00000045  0.00000045  0.00000100  
0.00000276  0.00000120  0.00000105  0.00000021  0.00000111  0.00000029  0.00000023  0.00000022  0.00000096  0.00000031  0.00000026  0.00000030  0.00000029  0.00000022  0.00000023  0.00000045  
0.00000276  0.00000105  0.00000120  0.00000021  0.00000096  0.00000026  0.00000031  0.00000030  0.00000111  0.00000023  0.00000029  0.00000022  0.00000029  0.00000023  0.00000022  0.00000045  
0.00000147  0.00000021  0.00000021  0.00000037  0.00000029  0.00000015  0.00000014  0.00000021  0.00000029  0.00000014  0.00000015  0.00000021  0.00000032  0.00000029  0.00000029  0.00000147  
0.00000276  0.00000111  0.00000096  0.00000029  0.00000120  0.00000029  0.00000031  0.00000022  0.00000105  0.00000023  0.00000026  0.00000023  0.00000021  0.00000022  0.00000030  0.00000045  
0.00000134  0.00000029  0.00000026  0.00000015  0.00000029  0.00000039  0.00000012  0.00000029  0.00000026  0.00000012  0.00000032  0.00000026  0.00000015  0.00000029  0.00000026  0.00000134  
0.00000135  0.00000023  0.00000031  0.00000014  0.00000031  0.00000012  0.00000024  0.00000031  0.00000023  0.00000024  0.00000012  0.00000023  0.00000014  0.00000023  0.00000031  0.00000135  
0.00000045  0.00000022  0.00000030  0.00000021  0.00000022  0.00000029  0.00000031  0.00000120  0.00000023  0.00000023  0.00000026  0.00000105  0.00000029  0.00000111  0.00000096  0.00000276  
0.00000276  0.00000096  0.00000111  0.00000029  0.00000105  0.00000026  0.00000023  0.00000023  0.00000120  0.00000031  0.00000029  0.00000022  0.00000021  0.00000030  0.00000022  0.00000045  
0.00000135  0.00000031  0.00000023  0.00000014  0.00000023  0.00000012  0.00000024  0.00000023  0.00000031  0.00000024  0.00000012  0.00000031  0.00000014  0.00000031  0.00000023  0.00000135  
0.00000134  0.00000026  0.00000029  0.00000015  0.00000026  0.00000032  0.00000012  0.00000026  0.00000029  0.00000012  0.00000039  0.00000029  0.00000015  0.00000026  0.00000029  0.00000134  
0.00000045  0.00000030  0.00000022  0.00000021  0.00000023  0.00000026  0.00000023  0.00000105  0.00000022  0.00000031  0.00000029  0.00000120  0.00000029  0.00000096  0.00000111  0.00000276  
0.00000147  0.00000029  0.00000029  0.00000032  0.00000021  0.00000015  0.00000014  0.00000029  0.00000021  0.00000014  0.00000015  0.00000029  0.00000037  0.00000021  0.00000021  0.00000147  
0.00000045  0.00000022  0.00000023  0.00000029  0.00000022  0.00000029  0.00000023  0.00000111  0.00000030  0.00000031  0.00000026  0.00000096  0.00000021  0.00000120  0.00000105  0.00000276  
0.00000045  0.00000023  0.00000022  0.00000029  0.00000030  0.00000026  0.00000031  0.00000096  0.00000022  0.00000023  0.00000029  0.00000111  0.00000021  0.00000105  0.00000120  0.00000276  
0.00000100  0.00000045  0.00000045  0.00000147  0.00000045  0.00000134  0.00000135  0.00000276  0.00000045  0.00000135  0.00000134  0.00000276  0.00000147  0.00000276  0.00000276  0.00000471  
