0.10305904  0.07687204  0.07687204  0.07119067  0.07687204  0.07117837  0.05934439  0.06834374  0.07687204  0.05934439  0.07117837  0.06834374  0.07119067  0.06834374  0.06834374  0.08161536  
0.07687204  0.06060914  0.05862668  0.05737270  0.05862303  0.05737274  0.04627606  0.05638739  0.05815263  0.04741830  0.05505123  0.05592886  0.05506178  0.05591456  0.05409621  0.06834374  
0.07687204  0.05862668  0.06060914  0.05737270  0.05815263  0.05505123  0.04741830  0.05592886  0.05862303  0.04627606  0.05737274  0.05638739  0.05506178  0.05409621  0.05591456  0.06834374  
0.07119067  0.05737270  0.05737270  0.05759084  0.05506178  0.05519692  0.04599160  0.05737270  0.05506178  0.04599160  0.05519692  0.05737270  0.05291160  0.05506178  0.05506178  0.07119067  
0.07687204  0.05862303  0.05815263  0.05506178  0.06060914  0.05737274  0.04741830  0.05591456  0.05862668  0.04627606  0.05505123  0.05409621  0.05737270  0.05638739  0.05592886  0.06834374  
0.07117837  0.05737274  0.05505123  0.05519692  0.05737274  0.05757335  0.04598155  0.05737274  0.05505123  0.04598155  0.05292627  0.05505123  0.05519692  0.05737274  0.05505123  0.07117837  
0.05934439  0.04627606  0.04741830  0.04599160  0.04741830  0.04598155  0.03934023  0.04741830  0.04627606  0.03741808  0.04598155  0.04627606  0.04599160  0.04627606  0.04741830  0.05934439  
0.06834374  0.05638739  0.05592886  0.05737270  0.05591456  0.05737274  0.04741830  0.06060914  0.05409621  0.04627606  0.05505123  0.05862668  0.05506178  0.05862303  0.05815263  0.07687204  
0.07687204  0.05815263  0.05862303  0.05506178  0.05862668  0.05505123  0.04627606  0.05409621  0.06060914  0.04741830  0.05737274  0.05591456  0.05737270  0.05592886  0.05638739  0.06834374  
0.05934439  0.04741830  0.04627606  0.04599160  0.04627606  0.04598155  0.03741808  0.04627606  0.04741830  0.03934023  0.04598155  0.04741830  0.04599160  0.04741830  0.04627606  0.05934439  
0.07117837  0.05505123  0.05737274  0.05519692  0.05505123  0.05292627  0.04598155  0.05505123  0.05737274  0.04598155  0.05757335  0.05737274  0.05519692  0.05505123  0.05737274  0.07117837  
0.06834374  0.05592886  0.05638739  0.05737270  0.05409621  0.05505123  0.04627606  0.05862668  0.05591456  0.04741830  0.05737274  0.06060914  0.05506178  0.05815263  0.05862303  0.07687204  
0.07119067  0.05506178  0.05506178  0.05291160  0.05737270  0.05519692  0.04599160  0.05506178  0.05737270  0.04599160  0.05519692  0.05506178  0.05759084  0.05737270  0.05737270  0.07119067  
0.06834374  0.05591456  0.05409621  0.05506178  0.05638739  0.05737274  0.04627606  0.05862303  0.05592886  0.04741830  0.05505123  0.05815263  0.05737270  0.06060914  0.05862668  0.07687204  
0.06834374  0.05409621  0.05591456  0.05506178  0.05592886  0.05505123  0.04741830  0.05815263  0.05638739  0.04627606  0.05737274  0.05862303  0.05737270  0.05862668  0.06060914  0.07687204  
0.08161536  0.06834374  0.06834374  0.07119067  0.06834374  0.07117837  0.05934439  0.07687204  0.06834374  0.05934439  0.07117837  0.07687204  0.07119067  0.07687204  0.07687204  0.10305904  
