0.00001790  0.00001004  0.00001004  0.00001353  0.00001004  0.00001515  0.00001007  0.00001123  0.00001004  0.00001007  0.00001515  0.00001123  0.00001353  0.00001123  0.00001123  0.00002150  
0.00001004  0.00000617  0.00001240  0.00000745  0.00001066  0.00000573  0.00000641  0.00000982  0.00001025  0.00000587  0.00000820  0.00000804  0.00000755  0.00001018  0.00000848  0.00001123  
0.00001004  0.00001240  0.00000617  0.00000745  0.00001025  0.00000820  0.00000587  0.00000804  0.00001066  0.00000641  0.00000573  0.00000982  0.00000755  0.00000848  0.00001018  0.00001123  
0.00001353  0.00000745  0.00000745  0.00001739  0.00000755  0.00000885  0.00000749  0.00000745  0.00000755  0.00000749  0.00000885  0.00000745  0.00001340  0.00000755  0.00000755  0.00001353  
0.00001004  0.00001066  0.00001025  0.00000755  0.00000617  0.00000573  0.00000587  0.00001018  0.00001240  0.00000641  0.00000820  0.00000848  0.00000745  0.00000982  0.00000804  0.00001123  
0.00001515  0.00000573  0.00000820  0.00000885  0.00000573  0.00001274  0.00000699  0.00000573  0.00000820  0.00000699  0.00001631  0.00000820  0.00000885  0.00000573  0.00000820  0.00001515  
0.00001007  0.00000641  0.00000587  0.00000749  0.00000587  0.00000699  0.00001246  0.00000587  0.00000641  0.00001411  0.00000699  0.00000641  0.00000749  0.00000641  0.00000587  0.00001007  
0.00001123  0.00000982  0.00000804  0.00000745  0.00001018  0.00000573  0.00000587  0.00000617  0.00000848  0.00000641  0.00000820  0.00001240  0.00000755  0.00001066  0.00001025  0.00001004  
0.00001004  0.00001025  0.00001066  0.00000755  0.00001240  0.00000820  0.00000641  0.00000848  0.00000617  0.00000587  0.00000573  0.00001018  0.00000745  0.00000804  0.00000982  0.00001123  
0.00001007  0.00000587  0.00000641  0.00000749  0.00000641  0.00000699  0.00001411  0.00000641  0.00000587  0.00001246  0.00000699  0.00000587  0.00000749  0.00000587  0.00000641  0.00001007  
0.00001515  0.00000820  0.00000573  0.00000885  0.00000820  0.00001631  0.00000699  0.00000820  0.00000573  0.00000699  0.00001274  0.00000573  0.00000885  0.00000820  0.00000573  0.00001515  
0.00001123  0.00000804  0.00000982  0.00000745  0.00000848  0.00000820  0.00000641  0.00001240  0.00001018  0.00000587  0.00000573  0.00000617  0.00000755  0.00001025  0.00001066  0.00001004  
0.00001353  0.00000755  0.00000755  0.00001340  0.00000745  0.00000885  0.00000749  0.00000755  0.00000745  0.00000749  0.00000885  0.00000755  0.00001739  0.00000745  0.00000745  0.00001353  
0.00001123  0.00001018  0.00000848  0.00000755  0.00000982  0.00000573  0.00000641  0.00001066  0.00000804  0.00000587  0.00000820  0.00001025  0.00000745  0.00000617  0.00001240  0.00001004  
0.00001123  0.00000848  0.00001018  0.00000755  0.00000804  0.00000820  0.00000587  0.00001025  0.00000982  0.00000641  0.00000573  0.00001066  0.00000745  0.00001240  0.00000617  0.00001004  
0.00002150  0.00001123  0.00001123  0.00001353  0.00001123  0.00001515  0.00001007  0.00001004  0.00001123  0.00001007  0.00001515  0.00001004  0.00001353  0.00001004  0.00001004  0.00001790  
