0.37391120  0.10062606  0.10062606  0.03283874  0.10062606  0.03284179  0.02743406  0.01180257  0.10062606  0.02743406  0.03284179  0.01180257  0.03283874  0.01180257  0.01180257  0.00858750  
0.10062606  0.02761485  0.02734410  0.00977663  0.02734208  0.00977442  0.00808317  0.00579807  0.02732737  0.00815868  0.00966702  0.00579008  0.00966706  0.00578872  0.00572367  0.01180257  
0.10062606  0.02734410  0.02761485  0.00977663  0.02732737  0.00966702  0.00815868  0.00579008  0.02734208  0.00808317  0.00977442  0.00579807  0.00966706  0.00572367  0.00578872  0.01180257  
0.03283874  0.00977663  0.00977663  0.00579684  0.00966706  0.00571163  0.00477042  0.00977663  0.00966706  0.00477042  0.00571163  0.00977663  0.00564934  0.00966706  0.00966706  0.03283874  
0.10062606  0.02734208  0.02732737  0.00966706  0.02761485  0.00977442  0.00815868  0.00578872  0.02734410  0.00808317  0.00966702  0.00572367  0.00977663  0.00579807  0.00579008  0.01180257  
0.03284179  0.00977442  0.00966702  0.00571163  0.00977442  0.00579838  0.00476964  0.00977442  0.00966702  0.00476964  0.00563778  0.00966702  0.00571163  0.00977442  0.00966702  0.03284179  
0.02743406  0.00808317  0.00815868  0.00477042  0.00815868  0.00476964  0.00403417  0.00815868  0.00808317  0.00394881  0.00476964  0.00808317  0.00477042  0.00808317  0.00815868  0.02743406  
0.01180257  0.00579807  0.00579008  0.00977663  0.00578872  0.00977442  0.00815868  0.02761485  0.00572367  0.00808317  0.00966702  0.02734410  0.00966706  0.02734208  0.02732737  0.10062606  
0.10062606  0.02732737  0.02734208  0.00966706  0.02734410  0.00966702  0.00808317  0.00572367  0.02761485  0.00815868  0.00977442  0.00578872  0.00977663  0.00579008  0.00579807  0.01180257  
0.02743406  0.00815868  0.00808317  0.00477042  0.00808317  0.00476964  0.00394881  0.00808317  0.00815868  0.00403417  0.00476964  0.00815868  0.00477042  0.00815868  0.00808317  0.02743406  
0.03284179  0.00966702  0.00977442  0.00571163  0.00966702  0.00563778  0.00476964  0.00966702  0.00977442  0.00476964  0.00579838  0.00977442  0.00571163  0.00966702  0.00977442  0.03284179  
0.01180257  0.00579008  0.00579807  0.00977663  0.00572367  0.00966702  0.00808317  0.02734410  0.00578872  0.00815868  0.00977442  0.02761485  0.00966706  0.02732737  0.02734208  0.10062606  
0.03283874  0.00966706  0.00966706  0.00564934  0.00977663  0.00571163  0.00477042  0.00966706  0.00977663  0.00477042  0.00571163  0.00966706  0.00579684  0.00977663  0.00977663  0.03283874  
0.01180257  0.00578872  0.00572367  0.00966706  0.00579807  0.00977442  0.00808317  0.02734208  0.00579008  0.00815868  0.00966702  0.02732737  0.00977663  0.02761485  0.02734410  0.10062606  
0.01180257  0.00572367  0.00578872  0.00966706  0.00579008  0.00966702  0.00815868  0.02732737  0.00579807  0.00808317  0.00977442  0.02734208  0.00977663  0.02734410  0.02761485  0.10062606  
0.00858750  0.01180257  0.01180257  0.03283874  0.01180257  0.03284179  0.02743406  0.10062606  0.01180257  0.02743406  0.03284179  0.10062606  0.03283874  0.10062606  0.10062606  0.37391120  
