0.00001483  0.00000806  0.00000806  0.00000506  0.00000806  0.00000605  0.00000384  0.00000221  0.00000806  0.00000384  0.00000605  0.00000221  0.00000506  0.00000221  0.00000221  0.00000388  
0.00000806  0.00000372  0.00000484  0.00000154  0.00000386  0.00000201  0.00000183  0.00000240  0.00000494  0.00000170  0.00000210  0.00000209  0.00000204  0.00000223  0.00000185  0.00000221  
0.00000806  0.00000484  0.00000372  0.00000154  0.00000494  0.00000210  0.00000170  0.00000209  0.00000386  0.00000183  0.00000201  0.00000240  0.00000204  0.00000185  0.00000223  0.00000221  
0.00000506  0.00000154  0.00000154  0.00000290  0.00000204  0.00000145  0.00000136  0.00000154  0.00000204  0.00000136  0.00000145  0.00000154  0.00000322  0.00000204  0.00000204  0.00000506  
0.00000806  0.00000386  0.00000494  0.00000204  0.00000372  0.00000201  0.00000170  0.00000223  0.00000484  0.00000183  0.00000210  0.00000185  0.00000154  0.00000240  0.00000209  0.00000221  
0.00000605  0.00000201  0.00000210  0.00000145  0.00000201  0.00000344  0.00000111  0.00000201  0.00000210  0.00000111  0.00000287  0.00000210  0.00000145  0.00000201  0.00000210  0.00000605  
0.00000384  0.00000183  0.00000170  0.00000136  0.00000170  0.00000111  0.00000268  0.00000170  0.00000183  0.00000234  0.00000111  0.00000183  0.00000136  0.00000183  0.00000170  0.00000384  
0.00000221  0.00000240  0.00000209  0.00000154  0.00000223  0.00000201  0.00000170  0.00000372  0.00000185  0.00000183  0.00000210  0.00000484  0.00000204  0.00000386  0.00000494  0.00000806  
0.00000806  0.00000494  0.00000386  0.00000204  0.00000484  0.00000210  0.00000183  0.00000185  0.00000372  0.00000170  0.00000201  0.00000223  0.00000154  0.00000209  0.00000240  0.00000221  
0.00000384  0.00000170  0.00000183  0.00000136  0.00000183  0.00000111  0.00000234  0.00000183  0.00000170  0.00000268  0.00000111  0.00000170  0.00000136  0.00000170  0.00000183  0.00000384  
0.00000605  0.00000210  0.00000201  0.00000145  0.00000210  0.00000287  0.00000111  0.00000210  0.00000201  0.00000111  0.00000344  0.00000201  0.00000145  0.00000210  0.00000201  0.00000605  
0.00000221  0.00000209  0.00000240  0.00000154  0.00000185  0.00000210  0.00000183  0.00000484  0.00000223  0.00000170  0.00000201  0.00000372  0.00000204  0.00000494  0.00000386  0.00000806  
0.00000506  0.00000204  0.00000204  0.00000322  0.00000154  0.00000145  0.00000136  0.00000204  0.00000154  0.00000136  0.00000145  0.00000204  0.00000290  0.00000154  0.00000154  0.00000506  
0.00000221  0.00000223  0.00000185  0.00000204  0.00000240  0.00000201  0.00000183  0.00000386  0.00000209  0.00000170  0.00000210  0.00000494  0.00000154  0.00000372  0.00000484  0.00000806  
0.00000221  0.00000185  0.00000223  0.00000204  0.00000209  0.00000210  0.00000170  0.00000494  0.00000240  0.00000183  0.00000201  0.00000386  0.00000154  0.00000484  0.00000372  0.00000806  
0.00000388  0.00000221  0.00000221  0.00000506  0.00000221  0.00000605  0.00000384  0.00000806  0.00000221  0.00000384  0.00000605  0.00000806  0.00000506  0.00000806  0.00000806  0.00001483  
