0.13356454  0.12863684  0.12863684  0.12432088  0.12483738  0.12830998  0.12830998  0.13229825  
0.12863684  0.12459366  0.12406855  0.12051750  0.12031884  0.12430152  0.12380355  0.12830998  
0.12863684  0.12406855  0.12459366  0.12051750  0.12031884  0.12380355  0.12430152  0.12830998  
0.12432088  0.12051750  0.12051750  0.11724814  0.11634282  0.12031884  0.12031884  0.12483738  
0.12483738  0.12031884  0.12031884  0.11634282  0.11724814  0.12051750  0.12051750  0.12432088  
0.12830998  0.12430152  0.12380355  0.12031884  0.12051750  0.12459366  0.12406855  0.12863684  
0.12830998  0.12380355  0.12430152  0.12031884  0.12051750  0.12406855  0.12459366  0.12863684  
0.13229825  0.12830998  0.12830998  0.12483738  0.12432088  0.12863684  0.12863684  0.13356454  
