0.00001020  0.00000624  0.00000624  0.00000792  0.00000767  0.00000740  0.00000740  0.00001257  
0.00000624  0.00000477  0.00000739  0.00000581  0.00000678  0.00000596  0.00000883  0.00000740  
0.00000624  0.00000739  0.00000477  0.00000581  0.00000678  0.00000883  0.00000596  0.00000740  
0.00000792  0.00000581  0.00000581  0.00000945  0.00001142  0.00000678  0.00000678  0.00000767  
0.00000767  0.00000678  0.00000678  0.00001142  0.00000945  0.00000581  0.00000581  0.00000792  
0.00000740  0.00000596  0.00000883  0.00000678  0.00000581  0.00000477  0.00000739  0.00000624  
0.00000740  0.00000883  0.00000596  0.00000678  0.00000581  0.00000739  0.00000477  0.00000624  
0.00001257  0.00000740  0.00000740  0.00000767  0.00000792  0.00000624  0.00000624  0.00001020  
