0.15082311  0.08825413  0.08825413  0.07432953  0.08825413  0.07431418  0.05585515  0.06893447  0.08825413  0.05585515  0.07431418  0.06893447  0.07432953  0.06893447  0.06893447  0.09406680  
0.08825413  0.05620553  0.05381603  0.04973473  0.05379841  0.04973063  0.03573559  0.04867619  0.05306964  0.03673276  0.04688506  0.04793153  0.04688486  0.04795384  0.04587428  0.06893447  
0.08825413  0.05381603  0.05620553  0.04973473  0.05306964  0.04688506  0.03673276  0.04793153  0.05379841  0.03573559  0.04973063  0.04867619  0.04688486  0.04587428  0.04795384  0.06893447  
0.07432953  0.04973473  0.04973473  0.04886478  0.04688486  0.04590616  0.03443266  0.04973473  0.04688486  0.03443266  0.04590616  0.04973473  0.04317560  0.04688486  0.04688486  0.07432953  
0.08825413  0.05379841  0.05306964  0.04688486  0.05620553  0.04973063  0.03673276  0.04795384  0.05381603  0.03573559  0.04688506  0.04587428  0.04973473  0.04867619  0.04793153  0.06893447  
0.07431418  0.04973063  0.04688506  0.04590616  0.04973063  0.04884553  0.03444051  0.04973063  0.04688506  0.03444051  0.04323498  0.04688506  0.04590616  0.04973063  0.04688506  0.07431418  
0.05585515  0.03573559  0.03673276  0.03443266  0.03673276  0.03444051  0.02664445  0.03673276  0.03573559  0.02511996  0.03444051  0.03573559  0.03443266  0.03573559  0.03673276  0.05585515  
0.06893447  0.04867619  0.04793153  0.04973473  0.04795384  0.04973063  0.03673276  0.05620553  0.04587428  0.03573559  0.04688506  0.05381603  0.04688486  0.05379841  0.05306964  0.08825413  
0.08825413  0.05306964  0.05379841  0.04688486  0.05381603  0.04688506  0.03573559  0.04587428  0.05620553  0.03673276  0.04973063  0.04795384  0.04973473  0.04793153  0.04867619  0.06893447  
0.05585515  0.03673276  0.03573559  0.03443266  0.03573559  0.03444051  0.02511996  0.03573559  0.03673276  0.02664445  0.03444051  0.03673276  0.03443266  0.03673276  0.03573559  0.05585515  
0.07431418  0.04688506  0.04973063  0.04590616  0.04688506  0.04323498  0.03444051  0.04688506  0.04973063  0.03444051  0.04884553  0.04973063  0.04590616  0.04688506  0.04973063  0.07431418  
0.06893447  0.04793153  0.04867619  0.04973473  0.04587428  0.04688506  0.03573559  0.05381603  0.04795384  0.03673276  0.04973063  0.05620553  0.04688486  0.05306964  0.05379841  0.08825413  
0.07432953  0.04688486  0.04688486  0.04317560  0.04973473  0.04590616  0.03443266  0.04688486  0.04973473  0.03443266  0.04590616  0.04688486  0.04886478  0.04973473  0.04973473  0.07432953  
0.06893447  0.04795384  0.04587428  0.04688486  0.04867619  0.04973063  0.03573559  0.05379841  0.04793153  0.03673276  0.04688506  0.05306964  0.04973473  0.05620553  0.05381603  0.08825413  
0.06893447  0.04587428  0.04795384  0.04688486  0.04793153  0.04688506  0.03673276  0.05306964  0.04867619  0.03573559  0.04973063  0.05379841  0.04973473  0.05381603  0.05620553  0.08825413  
0.09406680  0.06893447  0.06893447  0.07432953  0.06893447  0.07431418  0.05585515  0.08825413  0.06893447  0.05585515  0.07431418  0.08825413  0.07432953  0.08825413  0.08825413  0.15082311  
