0.00003891  0.00001966  0.00001966  0.00002647  0.00001966  0.00002589  0.00001937  0.00001785  0.00001966  0.00001937  0.00002589  0.00001785  0.00002647  0.00001785  0.00001785  0.00003778  
0.00001966  0.00001162  0.00001564  0.00000988  0.00001867  0.00000920  0.00001435  0.00001883  0.00002125  0.00001077  0.00001333  0.00001557  0.00001209  0.00001579  0.00001623  0.00001785  
0.00001966  0.00001564  0.00001162  0.00000988  0.00002125  0.00001333  0.00001077  0.00001557  0.00001867  0.00001435  0.00000920  0.00001883  0.00001209  0.00001623  0.00001579  0.00001785  
0.00002647  0.00000988  0.00000988  0.00002658  0.00001209  0.00001462  0.00001273  0.00000988  0.00001209  0.00001273  0.00001462  0.00000988  0.00002215  0.00001209  0.00001209  0.00002647  
0.00001966  0.00001867  0.00002125  0.00001209  0.00001162  0.00000920  0.00001077  0.00001579  0.00001564  0.00001435  0.00001333  0.00001623  0.00000988  0.00001883  0.00001557  0.00001785  
0.00002589  0.00000920  0.00001333  0.00001462  0.00000920  0.00002702  0.00001304  0.00000920  0.00001333  0.00001304  0.00002346  0.00001333  0.00001462  0.00000920  0.00001333  0.00002589  
0.00001937  0.00001435  0.00001077  0.00001273  0.00001077  0.00001304  0.00001998  0.00001077  0.00001435  0.00001951  0.00001304  0.00001435  0.00001273  0.00001435  0.00001077  0.00001937  
0.00001785  0.00001883  0.00001557  0.00000988  0.00001579  0.00000920  0.00001077  0.00001162  0.00001623  0.00001435  0.00001333  0.00001564  0.00001209  0.00001867  0.00002125  0.00001966  
0.00001966  0.00002125  0.00001867  0.00001209  0.00001564  0.00001333  0.00001435  0.00001623  0.00001162  0.00001077  0.00000920  0.00001579  0.00000988  0.00001557  0.00001883  0.00001785  
0.00001937  0.00001077  0.00001435  0.00001273  0.00001435  0.00001304  0.00001951  0.00001435  0.00001077  0.00001998  0.00001304  0.00001077  0.00001273  0.00001077  0.00001435  0.00001937  
0.00002589  0.00001333  0.00000920  0.00001462  0.00001333  0.00002346  0.00001304  0.00001333  0.00000920  0.00001304  0.00002702  0.00000920  0.00001462  0.00001333  0.00000920  0.00002589  
0.00001785  0.00001557  0.00001883  0.00000988  0.00001623  0.00001333  0.00001435  0.00001564  0.00001579  0.00001077  0.00000920  0.00001162  0.00001209  0.00002125  0.00001867  0.00001966  
0.00002647  0.00001209  0.00001209  0.00002215  0.00000988  0.00001462  0.00001273  0.00001209  0.00000988  0.00001273  0.00001462  0.00001209  0.00002658  0.00000988  0.00000988  0.00002647  
0.00001785  0.00001579  0.00001623  0.00001209  0.00001883  0.00000920  0.00001435  0.00001867  0.00001557  0.00001077  0.00001333  0.00002125  0.00000988  0.00001162  0.00001564  0.00001966  
0.00001785  0.00001623  0.00001579  0.00001209  0.00001557  0.00001333  0.00001077  0.00002125  0.00001883  0.00001435  0.00000920  0.00001867  0.00000988  0.00001564  0.00001162  0.00001966  
0.00003778  0.00001785  0.00001785  0.00002647  0.00001785  0.00002589  0.00001937  0.00001966  0.00001785  0.00001937  0.00002589  0.00001966  0.00002647  0.00001966  0.00001966  0.00003891  
