0.13132430  0.12754135  0.12754135  0.12446184  0.12467395  0.12748128  0.12748128  0.13051344  
0.12754135  0.12475214  0.12434006  0.12157066  0.12148163  0.12439505  0.12424764  0.12748128  
0.12754135  0.12434006  0.12475214  0.12157066  0.12148163  0.12424764  0.12439505  0.12748128  
0.12446184  0.12157066  0.12157066  0.11917141  0.11851400  0.12148163  0.12148163  0.12467395  
0.12467395  0.12148163  0.12148163  0.11851400  0.11917141  0.12157066  0.12157066  0.12446184  
0.12748128  0.12439505  0.12424764  0.12148163  0.12157066  0.12475214  0.12434006  0.12754135  
0.12748128  0.12424764  0.12439505  0.12148163  0.12157066  0.12434006  0.12475214  0.12754135  
0.13051344  0.12748128  0.12748128  0.12467395  0.12446184  0.12754135  0.12754135  0.13132430  
