0.00005648  0.00003110  0.00003110  0.00004899  0.00004743  0.00003683  0.00003683  0.00007063  
0.00003110  0.00002689  0.00003948  0.00003379  0.00002989  0.00003287  0.00004433  0.00003683  
0.00003110  0.00003948  0.00002689  0.00003379  0.00002989  0.00004433  0.00003287  0.00003683  
0.00004899  0.00003379  0.00003379  0.00003984  0.00005713  0.00002989  0.00002989  0.00004743  
0.00004743  0.00002989  0.00002989  0.00005713  0.00003984  0.00003379  0.00003379  0.00004899  
0.00003683  0.00003287  0.00004433  0.00002989  0.00003379  0.00002689  0.00003948  0.00003110  
0.00003683  0.00004433  0.00003287  0.00002989  0.00003379  0.00003948  0.00002689  0.00003110  
0.00007063  0.00003683  0.00003683  0.00004743  0.00004899  0.00003110  0.00003110  0.00005648  
