0.09567937  0.07486933  0.07486933  0.07113052  0.07486933  0.07114228  0.06002452  0.06932020  0.07486933  0.06002452  0.07114228  0.06932020  0.07113052  0.06932020  0.06932020  0.08210467  
0.07486933  0.06110640  0.05938934  0.05882607  0.05936466  0.05882276  0.04824157  0.05812009  0.05899708  0.04931236  0.05680245  0.05774212  0.05679642  0.05774245  0.05610491  0.06932020  
0.07486933  0.05938934  0.06110640  0.05882607  0.05899708  0.05680245  0.04931236  0.05774212  0.05936466  0.04824157  0.05882276  0.05812009  0.05679642  0.05610491  0.05774245  0.06932020  
0.07113052  0.05882607  0.05882607  0.05916586  0.05679642  0.05707746  0.04815797  0.05882607  0.05679642  0.04815797  0.05707746  0.05882607  0.05508049  0.05679642  0.05679642  0.07113052  
0.07486933  0.05936466  0.05899708  0.05679642  0.06110640  0.05882276  0.04931236  0.05774245  0.05938934  0.04824157  0.05680245  0.05610491  0.05882607  0.05812009  0.05774212  0.06932020  
0.07114228  0.05882276  0.05680245  0.05707746  0.05882276  0.05916073  0.04815401  0.05882276  0.05680245  0.04815401  0.05508310  0.05680245  0.05707746  0.05882276  0.05680245  0.07114228  
0.06002452  0.04824157  0.04931236  0.04815797  0.04931236  0.04815401  0.04156843  0.04931236  0.04824157  0.03975006  0.04815401  0.04824157  0.04815797  0.04824157  0.04931236  0.06002452  
0.06932020  0.05812009  0.05774212  0.05882607  0.05774245  0.05882276  0.04931236  0.06110640  0.05610491  0.04824157  0.05680245  0.05938934  0.05679642  0.05936466  0.05899708  0.07486933  
0.07486933  0.05899708  0.05936466  0.05679642  0.05938934  0.05680245  0.04824157  0.05610491  0.06110640  0.04931236  0.05882276  0.05774245  0.05882607  0.05774212  0.05812009  0.06932020  
0.06002452  0.04931236  0.04824157  0.04815797  0.04824157  0.04815401  0.03975006  0.04824157  0.04931236  0.04156843  0.04815401  0.04931236  0.04815797  0.04931236  0.04824157  0.06002452  
0.07114228  0.05680245  0.05882276  0.05707746  0.05680245  0.05508310  0.04815401  0.05680245  0.05882276  0.04815401  0.05916073  0.05882276  0.05707746  0.05680245  0.05882276  0.07114228  
0.06932020  0.05774212  0.05812009  0.05882607  0.05610491  0.05680245  0.04824157  0.05938934  0.05774245  0.04931236  0.05882276  0.06110640  0.05679642  0.05899708  0.05936466  0.07486933  
0.07113052  0.05679642  0.05679642  0.05508049  0.05882607  0.05707746  0.04815797  0.05679642  0.05882607  0.04815797  0.05707746  0.05679642  0.05916586  0.05882607  0.05882607  0.07113052  
0.06932020  0.05774245  0.05610491  0.05679642  0.05812009  0.05882276  0.04824157  0.05936466  0.05774212  0.04931236  0.05680245  0.05899708  0.05882607  0.06110640  0.05938934  0.07486933  
0.06932020  0.05610491  0.05774245  0.05679642  0.05774212  0.05680245  0.04931236  0.05899708  0.05812009  0.04824157  0.05882276  0.05936466  0.05882607  0.05938934  0.06110640  0.07486933  
0.08210467  0.06932020  0.06932020  0.07113052  0.06932020  0.07114228  0.06002452  0.07486933  0.06932020  0.06002452  0.07114228  0.07486933  0.07113052  0.07486933  0.07486933  0.09567937  
