0.00001756  0.00000721  0.00000721  0.00000710  0.00000721  0.00000942  0.00000672  0.00000600  0.00000721  0.00000672  0.00000942  0.00000600  0.00000710  0.00000600  0.00000600  0.00001580  
0.00000721  0.00000421  0.00000574  0.00000544  0.00000746  0.00000421  0.00000526  0.00000609  0.00000638  0.00000408  0.00000536  0.00000691  0.00000565  0.00000548  0.00000617  0.00000600  
0.00000721  0.00000574  0.00000421  0.00000544  0.00000638  0.00000536  0.00000408  0.00000691  0.00000746  0.00000526  0.00000421  0.00000609  0.00000565  0.00000617  0.00000548  0.00000600  
0.00000710  0.00000544  0.00000544  0.00000958  0.00000565  0.00000595  0.00000490  0.00000544  0.00000565  0.00000490  0.00000595  0.00000544  0.00001095  0.00000565  0.00000565  0.00000710  
0.00000721  0.00000746  0.00000638  0.00000565  0.00000421  0.00000421  0.00000408  0.00000548  0.00000574  0.00000526  0.00000536  0.00000617  0.00000544  0.00000609  0.00000691  0.00000600  
0.00000942  0.00000421  0.00000536  0.00000595  0.00000421  0.00000987  0.00000505  0.00000421  0.00000536  0.00000505  0.00001209  0.00000536  0.00000595  0.00000421  0.00000536  0.00000942  
0.00000672  0.00000526  0.00000408  0.00000490  0.00000408  0.00000505  0.00000887  0.00000408  0.00000526  0.00000837  0.00000505  0.00000526  0.00000490  0.00000526  0.00000408  0.00000672  
0.00000600  0.00000609  0.00000691  0.00000544  0.00000548  0.00000421  0.00000408  0.00000421  0.00000617  0.00000526  0.00000536  0.00000574  0.00000565  0.00000746  0.00000638  0.00000721  
0.00000721  0.00000638  0.00000746  0.00000565  0.00000574  0.00000536  0.00000526  0.00000617  0.00000421  0.00000408  0.00000421  0.00000548  0.00000544  0.00000691  0.00000609  0.00000600  
0.00000672  0.00000408  0.00000526  0.00000490  0.00000526  0.00000505  0.00000837  0.00000526  0.00000408  0.00000887  0.00000505  0.00000408  0.00000490  0.00000408  0.00000526  0.00000672  
0.00000942  0.00000536  0.00000421  0.00000595  0.00000536  0.00001209  0.00000505  0.00000536  0.00000421  0.00000505  0.00000987  0.00000421  0.00000595  0.00000536  0.00000421  0.00000942  
0.00000600  0.00000691  0.00000609  0.00000544  0.00000617  0.00000536  0.00000526  0.00000574  0.00000548  0.00000408  0.00000421  0.00000421  0.00000565  0.00000638  0.00000746  0.00000721  
0.00000710  0.00000565  0.00000565  0.00001095  0.00000544  0.00000595  0.00000490  0.00000565  0.00000544  0.00000490  0.00000595  0.00000565  0.00000958  0.00000544  0.00000544  0.00000710  
0.00000600  0.00000548  0.00000617  0.00000565  0.00000609  0.00000421  0.00000526  0.00000746  0.00000691  0.00000408  0.00000536  0.00000638  0.00000544  0.00000421  0.00000574  0.00000721  
0.00000600  0.00000617  0.00000548  0.00000565  0.00000691  0.00000536  0.00000408  0.00000638  0.00000609  0.00000526  0.00000421  0.00000746  0.00000544  0.00000574  0.00000421  0.00000721  
0.00001580  0.00000600  0.00000600  0.00000710  0.00000600  0.00000942  0.00000672  0.00000721  0.00000600  0.00000672  0.00000942  0.00000721  0.00000710  0.00000721  0.00000721  0.00001756  
