0.00000432  0.00000203  0.00000184  0.00000212  0.00000184  0.00000210  0.00000249  0.00000276  0.00000203  0.00000320  0.00000210  0.00000184  0.00000212  0.00000184  0.00000276  0.00000518  
0.00000203  0.00000242  0.00000189  0.00000197  0.00000179  0.00000162  0.00000162  0.00000278  0.00000272  0.00000250  0.00000168  0.00000225  0.00000210  0.00000242  0.00000267  0.00000276  
0.00000184  0.00000189  0.00000144  0.00000225  0.00000190  0.00000147  0.00000203  0.00000225  0.00000179  0.00000204  0.00000164  0.00000220  0.00000174  0.00000250  0.00000242  0.00000184  
0.00000212  0.00000197  0.00000225  0.00000292  0.00000174  0.00000241  0.00000192  0.00000197  0.00000210  0.00000192  0.00000226  0.00000225  0.00000373  0.00000174  0.00000210  0.00000212  
0.00000184  0.00000179  0.00000190  0.00000174  0.00000144  0.00000164  0.00000203  0.00000242  0.00000189  0.00000204  0.00000147  0.00000250  0.00000225  0.00000220  0.00000225  0.00000184  
0.00000210  0.00000162  0.00000147  0.00000241  0.00000164  0.00000258  0.00000161  0.00000162  0.00000168  0.00000161  0.00000287  0.00000147  0.00000226  0.00000164  0.00000168  0.00000210  
0.00000249  0.00000162  0.00000203  0.00000192  0.00000203  0.00000161  0.00000237  0.00000250  0.00000162  0.00000367  0.00000161  0.00000204  0.00000192  0.00000204  0.00000250  0.00000320  
0.00000276  0.00000278  0.00000225  0.00000197  0.00000242  0.00000162  0.00000250  0.00000242  0.00000267  0.00000162  0.00000168  0.00000189  0.00000210  0.00000179  0.00000272  0.00000203  
0.00000203  0.00000272  0.00000179  0.00000210  0.00000189  0.00000168  0.00000162  0.00000267  0.00000242  0.00000250  0.00000162  0.00000242  0.00000197  0.00000225  0.00000278  0.00000276  
0.00000320  0.00000250  0.00000204  0.00000192  0.00000204  0.00000161  0.00000367  0.00000162  0.00000250  0.00000237  0.00000161  0.00000203  0.00000192  0.00000203  0.00000162  0.00000249  
0.00000210  0.00000168  0.00000164  0.00000226  0.00000147  0.00000287  0.00000161  0.00000168  0.00000162  0.00000161  0.00000258  0.00000164  0.00000241  0.00000147  0.00000162  0.00000210  
0.00000184  0.00000225  0.00000220  0.00000225  0.00000250  0.00000147  0.00000204  0.00000189  0.00000242  0.00000203  0.00000164  0.00000144  0.00000174  0.00000190  0.00000179  0.00000184  
0.00000212  0.00000210  0.00000174  0.00000373  0.00000225  0.00000226  0.00000192  0.00000210  0.00000197  0.00000192  0.00000241  0.00000174  0.00000292  0.00000225  0.00000197  0.00000212  
0.00000184  0.00000242  0.00000250  0.00000174  0.00000220  0.00000164  0.00000204  0.00000179  0.00000225  0.00000203  0.00000147  0.00000190  0.00000225  0.00000144  0.00000189  0.00000184  
0.00000276  0.00000267  0.00000242  0.00000210  0.00000225  0.00000168  0.00000250  0.00000272  0.00000278  0.00000162  0.00000162  0.00000179  0.00000197  0.00000189  0.00000242  0.00000203  
0.00000518  0.00000276  0.00000184  0.00000212  0.00000184  0.00000210  0.00000320  0.00000203  0.00000276  0.00000249  0.00000210  0.00000184  0.00000212  0.00000184  0.00000203  0.00000432  
