0.14023885  0.13108385  0.13108385  0.12373322  0.12492643  0.13057103  0.13057103  0.13777377  
0.13108385  0.12381661  0.12300048  0.11719847  0.11695226  0.12336252  0.12264745  0.13057103  
0.13108385  0.12300048  0.12381661  0.11719847  0.11695226  0.12264745  0.12336252  0.13057103  
0.12373322  0.11719847  0.11719847  0.11212792  0.11048616  0.11695226  0.11695226  0.12492643  
0.12492643  0.11695226  0.11695226  0.11048616  0.11212792  0.11719847  0.11719847  0.12373322  
0.13057103  0.12336252  0.12264745  0.11695226  0.11719847  0.12381661  0.12300048  0.13108385  
0.13057103  0.12264745  0.12336252  0.11695226  0.11719847  0.12300048  0.12381661  0.13108385  
0.13777377  0.13057103  0.13057103  0.12492643  0.12373322  0.13108385  0.13108385  0.14023885  
