0.00002569  0.00001555  0.00001555  0.00001917  0.00001544  0.00001316  0.00001316  0.00002513  
0.00001555  0.00001621  0.00001838  0.00001427  0.00001515  0.00001828  0.00001900  0.00001316  
0.00001555  0.00001838  0.00001621  0.00001427  0.00001515  0.00001900  0.00001828  0.00001316  
0.00001917  0.00001427  0.00001427  0.00002488  0.00002664  0.00001515  0.00001515  0.00001544  
0.00001544  0.00001515  0.00001515  0.00002664  0.00002488  0.00001427  0.00001427  0.00001917  
0.00001316  0.00001828  0.00001900  0.00001515  0.00001427  0.00001621  0.00001838  0.00001555  
0.00001316  0.00001900  0.00001828  0.00001515  0.00001427  0.00001838  0.00001621  0.00001555  
0.00002513  0.00001316  0.00001316  0.00001544  0.00001917  0.00001555  0.00001555  0.00002569  
