0.22149915  0.13645087  0.13645087  0.09555130  0.12890537  0.10619895  0.10619895  0.10537040  
0.13645087  0.09713078  0.09394432  0.08063271  0.08764068  0.08816981  0.08523462  0.10619895  
0.13645087  0.09394432  0.09713078  0.08063271  0.08764068  0.08523462  0.08816981  0.10619895  
0.09555130  0.08063271  0.08063271  0.08423928  0.07150337  0.08764068  0.08764068  0.12890537  
0.12890537  0.08764068  0.08764068  0.07150337  0.08423928  0.08063271  0.08063271  0.09555130  
0.10619895  0.08816981  0.08523462  0.08764068  0.08063271  0.09713078  0.09394432  0.13645087  
0.10619895  0.08523462  0.08816981  0.08764068  0.08063271  0.09394432  0.09713078  0.13645087  
0.10537040  0.10619895  0.10619895  0.12890537  0.09555130  0.13645087  0.13645087  0.22149915  
