0.00001353  0.00000910  0.00000910  0.00000973  0.00000812  0.00000796  0.00000796  0.00001184  
0.00000910  0.00000615  0.00000955  0.00000453  0.00000488  0.00000811  0.00000785  0.00000796  
0.00000910  0.00000955  0.00000615  0.00000453  0.00000488  0.00000785  0.00000811  0.00000796  
0.00000973  0.00000453  0.00000453  0.00000683  0.00000931  0.00000488  0.00000488  0.00000812  
0.00000812  0.00000488  0.00000488  0.00000931  0.00000683  0.00000453  0.00000453  0.00000973  
0.00000796  0.00000811  0.00000785  0.00000488  0.00000453  0.00000615  0.00000955  0.00000910  
0.00000796  0.00000785  0.00000811  0.00000488  0.00000453  0.00000955  0.00000615  0.00000910  
0.00001184  0.00000796  0.00000796  0.00000812  0.00000973  0.00000910  0.00000910  0.00001353  
