0.00002318  0.00000845  0.00000845  0.00001300  0.00000845  0.00001225  0.00000834  0.00000960  0.00000845  0.00000834  0.00001225  0.00000960  0.00001300  0.00000960  0.00000960  0.00002430  
0.00000845  0.00000742  0.00000985  0.00000701  0.00001225  0.00000861  0.00000828  0.00000907  0.00000941  0.00000586  0.00000959  0.00000891  0.00000801  0.00001054  0.00000926  0.00000960  
0.00000845  0.00000985  0.00000742  0.00000701  0.00000941  0.00000959  0.00000586  0.00000891  0.00001225  0.00000828  0.00000861  0.00000907  0.00000801  0.00000926  0.00001054  0.00000960  
0.00001300  0.00000701  0.00000701  0.00001560  0.00000801  0.00000907  0.00000748  0.00000701  0.00000801  0.00000748  0.00000907  0.00000701  0.00001897  0.00000801  0.00000801  0.00001300  
0.00000845  0.00001225  0.00000941  0.00000801  0.00000742  0.00000861  0.00000586  0.00001054  0.00000985  0.00000828  0.00000959  0.00000926  0.00000701  0.00000907  0.00000891  0.00000960  
0.00001225  0.00000861  0.00000959  0.00000907  0.00000861  0.00001837  0.00000645  0.00000861  0.00000959  0.00000645  0.00001868  0.00000959  0.00000907  0.00000861  0.00000959  0.00001225  
0.00000834  0.00000828  0.00000586  0.00000748  0.00000586  0.00000645  0.00001165  0.00000586  0.00000828  0.00001381  0.00000645  0.00000828  0.00000748  0.00000828  0.00000586  0.00000834  
0.00000960  0.00000907  0.00000891  0.00000701  0.00001054  0.00000861  0.00000586  0.00000742  0.00000926  0.00000828  0.00000959  0.00000985  0.00000801  0.00001225  0.00000941  0.00000845  
0.00000845  0.00000941  0.00001225  0.00000801  0.00000985  0.00000959  0.00000828  0.00000926  0.00000742  0.00000586  0.00000861  0.00001054  0.00000701  0.00000891  0.00000907  0.00000960  
0.00000834  0.00000586  0.00000828  0.00000748  0.00000828  0.00000645  0.00001381  0.00000828  0.00000586  0.00001165  0.00000645  0.00000586  0.00000748  0.00000586  0.00000828  0.00000834  
0.00001225  0.00000959  0.00000861  0.00000907  0.00000959  0.00001868  0.00000645  0.00000959  0.00000861  0.00000645  0.00001837  0.00000861  0.00000907  0.00000959  0.00000861  0.00001225  
0.00000960  0.00000891  0.00000907  0.00000701  0.00000926  0.00000959  0.00000828  0.00000985  0.00001054  0.00000586  0.00000861  0.00000742  0.00000801  0.00000941  0.00001225  0.00000845  
0.00001300  0.00000801  0.00000801  0.00001897  0.00000701  0.00000907  0.00000748  0.00000801  0.00000701  0.00000748  0.00000907  0.00000801  0.00001560  0.00000701  0.00000701  0.00001300  
0.00000960  0.00001054  0.00000926  0.00000801  0.00000907  0.00000861  0.00000828  0.00001225  0.00000891  0.00000586  0.00000959  0.00000941  0.00000701  0.00000742  0.00000985  0.00000845  
0.00000960  0.00000926  0.00001054  0.00000801  0.00000891  0.00000959  0.00000586  0.00000941  0.00000907  0.00000828  0.00000861  0.00001225  0.00000701  0.00000985  0.00000742  0.00000845  
0.00002430  0.00000960  0.00000960  0.00001300  0.00000960  0.00001225  0.00000834  0.00000845  0.00000960  0.00000834  0.00001225  0.00000845  0.00001300  0.00000845  0.00000845  0.00002318  
