0.15512432  0.13357353  0.13357353  0.11896571  0.12459565  0.12906073  0.12906073  0.13834764  
0.13357353  0.12050465  0.11706185  0.10926716  0.10892495  0.11824587  0.11486049  0.12906073  
0.13357353  0.11706185  0.12050465  0.10926716  0.10892495  0.11486049  0.11824587  0.12906073  
0.11896571  0.10926716  0.10926716  0.10386638  0.09851482  0.10892495  0.10892495  0.12459565  
0.12459565  0.10892495  0.10892495  0.09851482  0.10386638  0.10926716  0.10926716  0.11896571  
0.12906073  0.11824587  0.11486049  0.10892495  0.10926716  0.12050465  0.11706185  0.13357353  
0.12906073  0.11486049  0.11824587  0.10892495  0.10926716  0.11706185  0.12050465  0.13357353  
0.13834764  0.12906073  0.12906073  0.12459565  0.11896571  0.13357353  0.13357353  0.15512432  
