0.00000436  0.00000356  0.00000356  0.00000319  0.00000393  0.00000292  0.00000292  0.00000434  
0.00000356  0.00000216  0.00000350  0.00000331  0.00000289  0.00000273  0.00000264  0.00000292  
0.00000356  0.00000350  0.00000216  0.00000331  0.00000289  0.00000264  0.00000273  0.00000292  
0.00000319  0.00000331  0.00000331  0.00000320  0.00000343  0.00000289  0.00000289  0.00000393  
0.00000393  0.00000289  0.00000289  0.00000343  0.00000320  0.00000331  0.00000331  0.00000319  
0.00000292  0.00000273  0.00000264  0.00000289  0.00000331  0.00000216  0.00000350  0.00000356  
0.00000292  0.00000264  0.00000273  0.00000289  0.00000331  0.00000350  0.00000216  0.00000356  
0.00000434  0.00000292  0.00000292  0.00000393  0.00000319  0.00000356  0.00000356  0.00000436  
