0.30607061  0.13641801  0.11017087  0.11991733  0.13641801  0.07752126  0.11991733  0.17694653  
0.13641801  0.07659171  0.05227113  0.07440172  0.06477943  0.04814686  0.06262189  0.11991733  
0.11017087  0.05227113  0.04074596  0.04814686  0.05227113  0.03242051  0.04814686  0.07752126  
0.11991733  0.07440172  0.04814686  0.07659171  0.06262189  0.05227113  0.06477943  0.13641801  
0.13641801  0.06477943  0.05227113  0.06262189  0.07659171  0.04814686  0.07440172  0.11991733  
0.07752126  0.04814686  0.03242051  0.05227113  0.04814686  0.04074596  0.05227113  0.11017087  
0.11991733  0.06262189  0.04814686  0.06477943  0.07440172  0.05227113  0.07659171  0.13641801  
0.17694653  0.11991733  0.07752126  0.13641801  0.11991733  0.11017087  0.13641801  0.30607061  
