0.00000987  0.00000634  0.00000621  0.00000447  0.00000634  0.00000616  0.00000447  0.00001344  
0.00000634  0.00000439  0.00000347  0.00000455  0.00000468  0.00000290  0.00000454  0.00000447  
0.00000621  0.00000347  0.00000430  0.00000290  0.00000347  0.00000435  0.00000290  0.00000616  
0.00000447  0.00000455  0.00000290  0.00000439  0.00000454  0.00000347  0.00000468  0.00000634  
0.00000634  0.00000468  0.00000347  0.00000454  0.00000439  0.00000290  0.00000455  0.00000447  
0.00000616  0.00000290  0.00000435  0.00000347  0.00000290  0.00000430  0.00000347  0.00000621  
0.00000447  0.00000454  0.00000290  0.00000468  0.00000455  0.00000347  0.00000439  0.00000634  
0.00001344  0.00000447  0.00000616  0.00000634  0.00000447  0.00000621  0.00000634  0.00000987  
