0.00001903  0.00000894  0.00000894  0.00000799  0.00000894  0.00000575  0.00000566  0.00000482  0.00000894  0.00000566  0.00000575  0.00000482  0.00000799  0.00000482  0.00000482  0.00001184  
0.00000894  0.00000476  0.00000755  0.00000368  0.00000610  0.00000448  0.00000301  0.00000621  0.00000564  0.00000345  0.00000401  0.00000540  0.00000423  0.00000542  0.00000368  0.00000482  
0.00000894  0.00000755  0.00000476  0.00000368  0.00000564  0.00000401  0.00000345  0.00000540  0.00000610  0.00000301  0.00000448  0.00000621  0.00000423  0.00000368  0.00000542  0.00000482  
0.00000799  0.00000368  0.00000368  0.00000735  0.00000423  0.00000444  0.00000364  0.00000368  0.00000423  0.00000364  0.00000444  0.00000368  0.00000894  0.00000423  0.00000423  0.00000799  
0.00000894  0.00000610  0.00000564  0.00000423  0.00000476  0.00000448  0.00000345  0.00000542  0.00000755  0.00000301  0.00000401  0.00000368  0.00000368  0.00000621  0.00000540  0.00000482  
0.00000575  0.00000448  0.00000401  0.00000444  0.00000448  0.00000919  0.00000380  0.00000448  0.00000401  0.00000380  0.00000712  0.00000401  0.00000444  0.00000448  0.00000401  0.00000575  
0.00000566  0.00000301  0.00000345  0.00000364  0.00000345  0.00000380  0.00000760  0.00000345  0.00000301  0.00000458  0.00000380  0.00000301  0.00000364  0.00000301  0.00000345  0.00000566  
0.00000482  0.00000621  0.00000540  0.00000368  0.00000542  0.00000448  0.00000345  0.00000476  0.00000368  0.00000301  0.00000401  0.00000755  0.00000423  0.00000610  0.00000564  0.00000894  
0.00000894  0.00000564  0.00000610  0.00000423  0.00000755  0.00000401  0.00000301  0.00000368  0.00000476  0.00000345  0.00000448  0.00000542  0.00000368  0.00000540  0.00000621  0.00000482  
0.00000566  0.00000345  0.00000301  0.00000364  0.00000301  0.00000380  0.00000458  0.00000301  0.00000345  0.00000760  0.00000380  0.00000345  0.00000364  0.00000345  0.00000301  0.00000566  
0.00000575  0.00000401  0.00000448  0.00000444  0.00000401  0.00000712  0.00000380  0.00000401  0.00000448  0.00000380  0.00000919  0.00000448  0.00000444  0.00000401  0.00000448  0.00000575  
0.00000482  0.00000540  0.00000621  0.00000368  0.00000368  0.00000401  0.00000301  0.00000755  0.00000542  0.00000345  0.00000448  0.00000476  0.00000423  0.00000564  0.00000610  0.00000894  
0.00000799  0.00000423  0.00000423  0.00000894  0.00000368  0.00000444  0.00000364  0.00000423  0.00000368  0.00000364  0.00000444  0.00000423  0.00000735  0.00000368  0.00000368  0.00000799  
0.00000482  0.00000542  0.00000368  0.00000423  0.00000621  0.00000448  0.00000301  0.00000610  0.00000540  0.00000345  0.00000401  0.00000564  0.00000368  0.00000476  0.00000755  0.00000894  
0.00000482  0.00000368  0.00000542  0.00000423  0.00000540  0.00000401  0.00000345  0.00000564  0.00000621  0.00000301  0.00000448  0.00000610  0.00000368  0.00000755  0.00000476  0.00000894  
0.00001184  0.00000482  0.00000482  0.00000799  0.00000482  0.00000575  0.00000566  0.00000894  0.00000482  0.00000566  0.00000575  0.00000894  0.00000799  0.00000894  0.00000894  0.00001903  
