0.09910223  0.07584310  0.07584310  0.07122771  0.07584310  0.07122313  0.05975238  0.06895172  0.07584310  0.05975238  0.07122313  0.06895172  0.07122771  0.06895172  0.06895172  0.08204998  
0.07584310  0.06088013  0.05904358  0.05817402  0.05904889  0.05817656  0.04734463  0.05734096  0.05863242  0.04844472  0.05602105  0.05693461  0.05601907  0.05693465  0.05520742  0.06895172  
0.07584310  0.05904358  0.06088013  0.05817402  0.05863242  0.05602105  0.04844472  0.05693461  0.05904889  0.04734463  0.05817656  0.05734096  0.05601907  0.05520742  0.05693465  0.06895172  
0.07122771  0.05817402  0.05817402  0.05843550  0.05601907  0.05622300  0.04715511  0.05817402  0.05601907  0.04715511  0.05622300  0.05817402  0.05412006  0.05601907  0.05601907  0.07122771  
0.07584310  0.05904889  0.05863242  0.05601907  0.06088013  0.05817656  0.04844472  0.05693465  0.05904358  0.04734463  0.05602105  0.05520742  0.05817402  0.05734096  0.05693461  0.06895172  
0.07122313  0.05817656  0.05602105  0.05622300  0.05817656  0.05843504  0.04715852  0.05817656  0.05602105  0.04715852  0.05412875  0.05602105  0.05622300  0.05817656  0.05602105  0.07122313  
0.05975238  0.04734463  0.04844472  0.04715511  0.04844472  0.04715852  0.04050671  0.04844472  0.04734463  0.03865970  0.04715852  0.04734463  0.04715511  0.04734463  0.04844472  0.05975238  
0.06895172  0.05734096  0.05693461  0.05817402  0.05693465  0.05817656  0.04844472  0.06088013  0.05520742  0.04734463  0.05602105  0.05904358  0.05601907  0.05904889  0.05863242  0.07584310  
0.07584310  0.05863242  0.05904889  0.05601907  0.05904358  0.05602105  0.04734463  0.05520742  0.06088013  0.04844472  0.05817656  0.05693465  0.05817402  0.05693461  0.05734096  0.06895172  
0.05975238  0.04844472  0.04734463  0.04715511  0.04734463  0.04715852  0.03865970  0.04734463  0.04844472  0.04050671  0.04715852  0.04844472  0.04715511  0.04844472  0.04734463  0.05975238  
0.07122313  0.05602105  0.05817656  0.05622300  0.05602105  0.05412875  0.04715852  0.05602105  0.05817656  0.04715852  0.05843504  0.05817656  0.05622300  0.05602105  0.05817656  0.07122313  
0.06895172  0.05693461  0.05734096  0.05817402  0.05520742  0.05602105  0.04734463  0.05904358  0.05693465  0.04844472  0.05817656  0.06088013  0.05601907  0.05863242  0.05904889  0.07584310  
0.07122771  0.05601907  0.05601907  0.05412006  0.05817402  0.05622300  0.04715511  0.05601907  0.05817402  0.04715511  0.05622300  0.05601907  0.05843550  0.05817402  0.05817402  0.07122771  
0.06895172  0.05693465  0.05520742  0.05601907  0.05734096  0.05817656  0.04734463  0.05904889  0.05693461  0.04844472  0.05602105  0.05863242  0.05817402  0.06088013  0.05904358  0.07584310  
0.06895172  0.05520742  0.05693465  0.05601907  0.05693461  0.05602105  0.04844472  0.05863242  0.05734096  0.04734463  0.05817656  0.05904889  0.05817402  0.05904358  0.06088013  0.07584310  
0.08204998  0.06895172  0.06895172  0.07122771  0.06895172  0.07122313  0.05975238  0.07584310  0.06895172  0.05975238  0.07122313  0.07584310  0.07122771  0.07584310  0.07584310  0.09910223  
