0.00001148  0.00000534  0.00000534  0.00000884  0.00000534  0.00001021  0.00000626  0.00000651  0.00000534  0.00000626  0.00001021  0.00000651  0.00000884  0.00000651  0.00000651  0.00001391  
0.00000534  0.00000440  0.00000823  0.00000545  0.00000616  0.00000367  0.00000411  0.00000726  0.00000654  0.00000378  0.00000618  0.00000573  0.00000645  0.00000630  0.00000626  0.00000651  
0.00000534  0.00000823  0.00000440  0.00000545  0.00000654  0.00000618  0.00000378  0.00000573  0.00000616  0.00000411  0.00000367  0.00000726  0.00000645  0.00000626  0.00000630  0.00000651  
0.00000884  0.00000545  0.00000545  0.00001166  0.00000645  0.00000810  0.00000565  0.00000545  0.00000645  0.00000565  0.00000810  0.00000545  0.00001037  0.00000645  0.00000645  0.00000884  
0.00000534  0.00000616  0.00000654  0.00000645  0.00000440  0.00000367  0.00000378  0.00000630  0.00000823  0.00000411  0.00000618  0.00000626  0.00000545  0.00000726  0.00000573  0.00000651  
0.00001021  0.00000367  0.00000618  0.00000810  0.00000367  0.00000945  0.00000567  0.00000367  0.00000618  0.00000567  0.00001434  0.00000618  0.00000810  0.00000367  0.00000618  0.00001021  
0.00000626  0.00000411  0.00000378  0.00000565  0.00000378  0.00000567  0.00000868  0.00000378  0.00000411  0.00001005  0.00000567  0.00000411  0.00000565  0.00000411  0.00000378  0.00000626  
0.00000651  0.00000726  0.00000573  0.00000545  0.00000630  0.00000367  0.00000378  0.00000440  0.00000626  0.00000411  0.00000618  0.00000823  0.00000645  0.00000616  0.00000654  0.00000534  
0.00000534  0.00000654  0.00000616  0.00000645  0.00000823  0.00000618  0.00000411  0.00000626  0.00000440  0.00000378  0.00000367  0.00000630  0.00000545  0.00000573  0.00000726  0.00000651  
0.00000626  0.00000378  0.00000411  0.00000565  0.00000411  0.00000567  0.00001005  0.00000411  0.00000378  0.00000868  0.00000567  0.00000378  0.00000565  0.00000378  0.00000411  0.00000626  
0.00001021  0.00000618  0.00000367  0.00000810  0.00000618  0.00001434  0.00000567  0.00000618  0.00000367  0.00000567  0.00000945  0.00000367  0.00000810  0.00000618  0.00000367  0.00001021  
0.00000651  0.00000573  0.00000726  0.00000545  0.00000626  0.00000618  0.00000411  0.00000823  0.00000630  0.00000378  0.00000367  0.00000440  0.00000645  0.00000654  0.00000616  0.00000534  
0.00000884  0.00000645  0.00000645  0.00001037  0.00000545  0.00000810  0.00000565  0.00000645  0.00000545  0.00000565  0.00000810  0.00000645  0.00001166  0.00000545  0.00000545  0.00000884  
0.00000651  0.00000630  0.00000626  0.00000645  0.00000726  0.00000367  0.00000411  0.00000616  0.00000573  0.00000378  0.00000618  0.00000654  0.00000545  0.00000440  0.00000823  0.00000534  
0.00000651  0.00000626  0.00000630  0.00000645  0.00000573  0.00000618  0.00000378  0.00000654  0.00000726  0.00000411  0.00000367  0.00000616  0.00000545  0.00000823  0.00000440  0.00000534  
0.00001391  0.00000651  0.00000651  0.00000884  0.00000651  0.00001021  0.00000626  0.00000534  0.00000651  0.00000626  0.00001021  0.00000534  0.00000884  0.00000534  0.00000534  0.00001148  
