0.40413690  0.09047294  0.08536504  0.04048401  0.08536504  0.02054490  0.03692434  0.02430431  0.09047294  0.02131215  0.02054490  0.01245142  0.04048401  0.01245142  0.02430431  0.02755616  
0.09047294  0.02229595  0.01949817  0.01169688  0.01943380  0.00579785  0.00921482  0.01022875  0.02102236  0.00659482  0.00544901  0.00672707  0.01070064  0.00666216  0.00936075  0.02430431  
0.08536504  0.01949817  0.01817487  0.00927504  0.01816079  0.00469258  0.00814907  0.00672707  0.01943380  0.00510215  0.00467240  0.00403424  0.00921448  0.00402898  0.00666216  0.01245142  
0.04048401  0.01169688  0.00927504  0.00848760  0.00921448  0.00416899  0.00561393  0.01169688  0.01070064  0.00561393  0.00384289  0.00927504  0.00753228  0.00921448  0.01070064  0.04048401  
0.08536504  0.01943380  0.01816079  0.00921448  0.01817487  0.00467240  0.00814907  0.00666216  0.01949817  0.00510215  0.00469258  0.00402898  0.00927504  0.00403424  0.00672707  0.01245142  
0.02054490  0.00579785  0.00469258  0.00416899  0.00467240  0.00208085  0.00282812  0.00579785  0.00544901  0.00282812  0.00195409  0.00469258  0.00384289  0.00467240  0.00544901  0.02054490  
0.03692434  0.00921482  0.00814907  0.00561393  0.00814907  0.00282812  0.00435300  0.00659482  0.00921482  0.00362758  0.00282812  0.00510215  0.00561393  0.00510215  0.00659482  0.02131215  
0.02430431  0.01022875  0.00672707  0.01169688  0.00666216  0.00579785  0.00659482  0.02229595  0.00936075  0.00921482  0.00544901  0.01949817  0.01070064  0.01943380  0.02102236  0.09047294  
0.09047294  0.02102236  0.01943380  0.01070064  0.01949817  0.00544901  0.00921482  0.00936075  0.02229595  0.00659482  0.00579785  0.00666216  0.01169688  0.00672707  0.01022875  0.02430431  
0.02131215  0.00659482  0.00510215  0.00561393  0.00510215  0.00282812  0.00362758  0.00921482  0.00659482  0.00435300  0.00282812  0.00814907  0.00561393  0.00814907  0.00921482  0.03692434  
0.02054490  0.00544901  0.00467240  0.00384289  0.00469258  0.00195409  0.00282812  0.00544901  0.00579785  0.00282812  0.00208085  0.00467240  0.00416899  0.00469258  0.00579785  0.02054490  
0.01245142  0.00672707  0.00403424  0.00927504  0.00402898  0.00469258  0.00510215  0.01949817  0.00666216  0.00814907  0.00467240  0.01817487  0.00921448  0.01816079  0.01943380  0.08536504  
0.04048401  0.01070064  0.00921448  0.00753228  0.00927504  0.00384289  0.00561393  0.01070064  0.01169688  0.00561393  0.00416899  0.00921448  0.00848760  0.00927504  0.01169688  0.04048401  
0.01245142  0.00666216  0.00402898  0.00921448  0.00403424  0.00467240  0.00510215  0.01943380  0.00672707  0.00814907  0.00469258  0.01816079  0.00927504  0.01817487  0.01949817  0.08536504  
0.02430431  0.00936075  0.00666216  0.01070064  0.00672707  0.00544901  0.00659482  0.02102236  0.01022875  0.00921482  0.00579785  0.01943380  0.01169688  0.01949817  0.02229595  0.09047294  
0.02755616  0.02430431  0.01245142  0.04048401  0.01245142  0.02054490  0.02131215  0.09047294  0.02430431  0.03692434  0.02054490  0.08536504  0.04048401  0.08536504  0.09047294  0.40413690  
