0.00001120  0.00000686  0.00000648  0.00000440  0.00000648  0.00000314  0.00000466  0.00000299  0.00000686  0.00000351  0.00000314  0.00000190  0.00000440  0.00000190  0.00000299  0.00000702  
0.00000686  0.00000423  0.00000246  0.00000137  0.00000291  0.00000137  0.00000153  0.00000254  0.00000376  0.00000163  0.00000122  0.00000130  0.00000188  0.00000110  0.00000287  0.00000299  
0.00000648  0.00000246  0.00000219  0.00000157  0.00000245  0.00000075  0.00000128  0.00000130  0.00000291  0.00000112  0.00000077  0.00000124  0.00000134  0.00000082  0.00000110  0.00000190  
0.00000440  0.00000137  0.00000157  0.00000263  0.00000134  0.00000096  0.00000088  0.00000137  0.00000188  0.00000088  0.00000120  0.00000157  0.00000207  0.00000134  0.00000188  0.00000440  
0.00000648  0.00000291  0.00000245  0.00000134  0.00000219  0.00000077  0.00000128  0.00000110  0.00000246  0.00000112  0.00000075  0.00000082  0.00000157  0.00000124  0.00000130  0.00000190  
0.00000314  0.00000137  0.00000075  0.00000096  0.00000077  0.00000156  0.00000059  0.00000137  0.00000122  0.00000059  0.00000103  0.00000075  0.00000120  0.00000077  0.00000122  0.00000314  
0.00000466  0.00000153  0.00000128  0.00000088  0.00000128  0.00000059  0.00000138  0.00000163  0.00000153  0.00000136  0.00000059  0.00000112  0.00000088  0.00000112  0.00000163  0.00000351  
0.00000299  0.00000254  0.00000130  0.00000137  0.00000110  0.00000137  0.00000163  0.00000423  0.00000287  0.00000153  0.00000122  0.00000246  0.00000188  0.00000291  0.00000376  0.00000686  
0.00000686  0.00000376  0.00000291  0.00000188  0.00000246  0.00000122  0.00000153  0.00000287  0.00000423  0.00000163  0.00000137  0.00000110  0.00000137  0.00000130  0.00000254  0.00000299  
0.00000351  0.00000163  0.00000112  0.00000088  0.00000112  0.00000059  0.00000136  0.00000153  0.00000163  0.00000138  0.00000059  0.00000128  0.00000088  0.00000128  0.00000153  0.00000466  
0.00000314  0.00000122  0.00000077  0.00000120  0.00000075  0.00000103  0.00000059  0.00000122  0.00000137  0.00000059  0.00000156  0.00000077  0.00000096  0.00000075  0.00000137  0.00000314  
0.00000190  0.00000130  0.00000124  0.00000157  0.00000082  0.00000075  0.00000112  0.00000246  0.00000110  0.00000128  0.00000077  0.00000219  0.00000134  0.00000245  0.00000291  0.00000648  
0.00000440  0.00000188  0.00000134  0.00000207  0.00000157  0.00000120  0.00000088  0.00000188  0.00000137  0.00000088  0.00000096  0.00000134  0.00000263  0.00000157  0.00000137  0.00000440  
0.00000190  0.00000110  0.00000082  0.00000134  0.00000124  0.00000077  0.00000112  0.00000291  0.00000130  0.00000128  0.00000075  0.00000245  0.00000157  0.00000219  0.00000246  0.00000648  
0.00000299  0.00000287  0.00000110  0.00000188  0.00000130  0.00000122  0.00000163  0.00000376  0.00000254  0.00000153  0.00000137  0.00000291  0.00000137  0.00000246  0.00000423  0.00000686  
0.00000702  0.00000299  0.00000190  0.00000440  0.00000190  0.00000314  0.00000351  0.00000686  0.00000299  0.00000466  0.00000314  0.00000648  0.00000440  0.00000648  0.00000686  0.00001120  
