0.15882214  0.13395551  0.13395551  0.11746585  0.12415371  0.12854446  0.12854446  0.13847050  
0.13395551  0.11975973  0.11523532  0.10711796  0.10652028  0.11694648  0.11250988  0.12854446  
0.13395551  0.11523532  0.11975973  0.10711796  0.10652028  0.11250988  0.11694648  0.12854446  
0.11746585  0.10711796  0.10711796  0.10165841  0.09505520  0.10652028  0.10652028  0.12415371  
0.12415371  0.10652028  0.10652028  0.09505520  0.10165841  0.10711796  0.10711796  0.11746585  
0.12854446  0.11694648  0.11250988  0.10652028  0.10711796  0.11975973  0.11523532  0.13395551  
0.12854446  0.11250988  0.11694648  0.10652028  0.10711796  0.11523532  0.11975973  0.13395551  
0.13847050  0.12854446  0.12854446  0.12415371  0.11746585  0.13395551  0.13395551  0.15882214  
