0.00001167  0.00000767  0.00000767  0.00000893  0.00001112  0.00000850  0.00000850  0.00001479  
0.00000767  0.00000501  0.00000942  0.00000645  0.00000636  0.00000927  0.00000854  0.00000850  
0.00000767  0.00000942  0.00000501  0.00000645  0.00000636  0.00000854  0.00000927  0.00000850  
0.00000893  0.00000645  0.00000645  0.00000792  0.00000857  0.00000636  0.00000636  0.00001112  
0.00001112  0.00000636  0.00000636  0.00000857  0.00000792  0.00000645  0.00000645  0.00000893  
0.00000850  0.00000927  0.00000854  0.00000636  0.00000645  0.00000501  0.00000942  0.00000767  
0.00000850  0.00000854  0.00000927  0.00000636  0.00000645  0.00000942  0.00000501  0.00000767  
0.00001479  0.00000850  0.00000850  0.00001112  0.00000893  0.00000767  0.00000767  0.00001167  
