0.00001509  0.00000884  0.00000734  0.00000785  0.00000734  0.00000414  0.00000736  0.00000725  0.00000884  0.00000732  0.00000414  0.00000443  0.00000785  0.00000443  0.00000725  0.00001701  
0.00000884  0.00000645  0.00000330  0.00000521  0.00000361  0.00000323  0.00000346  0.00000740  0.00000790  0.00000386  0.00000284  0.00000372  0.00000363  0.00000332  0.00000620  0.00000725  
0.00000734  0.00000330  0.00000438  0.00000370  0.00000407  0.00000198  0.00000347  0.00000372  0.00000361  0.00000212  0.00000180  0.00000384  0.00000352  0.00000351  0.00000332  0.00000443  
0.00000785  0.00000521  0.00000370  0.00000925  0.00000352  0.00000458  0.00000350  0.00000521  0.00000363  0.00000350  0.00000348  0.00000370  0.00000673  0.00000352  0.00000363  0.00000785  
0.00000734  0.00000361  0.00000407  0.00000352  0.00000438  0.00000180  0.00000347  0.00000332  0.00000330  0.00000212  0.00000198  0.00000351  0.00000370  0.00000384  0.00000372  0.00000443  
0.00000414  0.00000323  0.00000198  0.00000458  0.00000180  0.00000339  0.00000191  0.00000323  0.00000284  0.00000191  0.00000366  0.00000198  0.00000348  0.00000180  0.00000284  0.00000414  
0.00000736  0.00000346  0.00000347  0.00000350  0.00000347  0.00000191  0.00000424  0.00000386  0.00000346  0.00000522  0.00000191  0.00000212  0.00000350  0.00000212  0.00000386  0.00000732  
0.00000725  0.00000740  0.00000372  0.00000521  0.00000332  0.00000323  0.00000386  0.00000645  0.00000620  0.00000346  0.00000284  0.00000330  0.00000363  0.00000361  0.00000790  0.00000884  
0.00000884  0.00000790  0.00000361  0.00000363  0.00000330  0.00000284  0.00000346  0.00000620  0.00000645  0.00000386  0.00000323  0.00000332  0.00000521  0.00000372  0.00000740  0.00000725  
0.00000732  0.00000386  0.00000212  0.00000350  0.00000212  0.00000191  0.00000522  0.00000346  0.00000386  0.00000424  0.00000191  0.00000347  0.00000350  0.00000347  0.00000346  0.00000736  
0.00000414  0.00000284  0.00000180  0.00000348  0.00000198  0.00000366  0.00000191  0.00000284  0.00000323  0.00000191  0.00000339  0.00000180  0.00000458  0.00000198  0.00000323  0.00000414  
0.00000443  0.00000372  0.00000384  0.00000370  0.00000351  0.00000198  0.00000212  0.00000330  0.00000332  0.00000347  0.00000180  0.00000438  0.00000352  0.00000407  0.00000361  0.00000734  
0.00000785  0.00000363  0.00000352  0.00000673  0.00000370  0.00000348  0.00000350  0.00000363  0.00000521  0.00000350  0.00000458  0.00000352  0.00000925  0.00000370  0.00000521  0.00000785  
0.00000443  0.00000332  0.00000351  0.00000352  0.00000384  0.00000180  0.00000212  0.00000361  0.00000372  0.00000347  0.00000198  0.00000407  0.00000370  0.00000438  0.00000330  0.00000734  
0.00000725  0.00000620  0.00000332  0.00000363  0.00000372  0.00000284  0.00000386  0.00000790  0.00000740  0.00000346  0.00000323  0.00000361  0.00000521  0.00000330  0.00000645  0.00000884  
0.00001701  0.00000725  0.00000443  0.00000785  0.00000443  0.00000414  0.00000732  0.00000884  0.00000725  0.00000736  0.00000414  0.00000734  0.00000785  0.00000734  0.00000884  0.00001509  
