0.30843467  0.13593402  0.11034398  0.11856270  0.13593402  0.07664294  0.11856270  0.17417921  
0.13593402  0.07547950  0.05185819  0.07314889  0.06417059  0.04755328  0.06187669  0.11856270  
0.11034398  0.05185819  0.04060633  0.04755328  0.05185819  0.03206559  0.04755328  0.07664294  
0.11856270  0.07314889  0.04755328  0.07547950  0.06187669  0.05185819  0.06417059  0.13593402  
0.13593402  0.06417059  0.05185819  0.06187669  0.07547950  0.04755328  0.07314889  0.11856270  
0.07664294  0.04755328  0.03206559  0.05185819  0.04755328  0.04060633  0.05185819  0.11034398  
0.11856270  0.06187669  0.04755328  0.06417059  0.07314889  0.05185819  0.07547950  0.13593402  
0.17417921  0.11856270  0.07664294  0.13593402  0.11856270  0.11034398  0.13593402  0.30843467  
