0.00000631  0.00000556  0.00000515  0.00000520  0.00000556  0.00000428  0.00000520  0.00001048  
0.00000556  0.00000335  0.00000240  0.00000331  0.00000416  0.00000309  0.00000351  0.00000520  
0.00000515  0.00000240  0.00000365  0.00000309  0.00000240  0.00000331  0.00000309  0.00000428  
0.00000520  0.00000331  0.00000309  0.00000335  0.00000351  0.00000240  0.00000416  0.00000556  
0.00000556  0.00000416  0.00000240  0.00000351  0.00000335  0.00000309  0.00000331  0.00000520  
0.00000428  0.00000309  0.00000331  0.00000240  0.00000309  0.00000365  0.00000240  0.00000515  
0.00000520  0.00000351  0.00000309  0.00000416  0.00000331  0.00000240  0.00000335  0.00000556  
0.00001048  0.00000520  0.00000428  0.00000556  0.00000520  0.00000515  0.00000556  0.00000631  
