0.42825739  0.08350121  0.08350121  0.02182723  0.08350121  0.02182683  0.01645499  0.00630254  0.08350121  0.01645499  0.02182683  0.00630254  0.02182723  0.00630254  0.00630254  0.00455434  
0.08350121  0.01648724  0.01635426  0.00457466  0.01635378  0.00457370  0.00341891  0.00231047  0.01634907  0.00344219  0.00453180  0.00230390  0.00453279  0.00230242  0.00228468  0.00630254  
0.08350121  0.01635426  0.01648724  0.00457466  0.01634907  0.00453180  0.00344219  0.00230390  0.01635378  0.00341891  0.00457370  0.00231047  0.00453279  0.00228468  0.00230242  0.00630254  
0.02182723  0.00457466  0.00457466  0.00225976  0.00453279  0.00222407  0.00167611  0.00457466  0.00453279  0.00167611  0.00222407  0.00457466  0.00220343  0.00453279  0.00453279  0.02182723  
0.08350121  0.01635378  0.01634907  0.00453279  0.01648724  0.00457370  0.00344219  0.00230242  0.01635426  0.00341891  0.00453180  0.00228468  0.00457466  0.00231047  0.00230390  0.00630254  
0.02182683  0.00457370  0.00453180  0.00222407  0.00457370  0.00225693  0.00167522  0.00457370  0.00453180  0.00167522  0.00220394  0.00453180  0.00222407  0.00457370  0.00453180  0.02182683  
0.01645499  0.00341891  0.00344219  0.00167611  0.00344219  0.00167522  0.00127697  0.00344219  0.00341891  0.00125487  0.00167522  0.00341891  0.00167611  0.00341891  0.00344219  0.01645499  
0.00630254  0.00231047  0.00230390  0.00457466  0.00230242  0.00457370  0.00344219  0.01648724  0.00228468  0.00341891  0.00453180  0.01635426  0.00453279  0.01635378  0.01634907  0.08350121  
0.08350121  0.01634907  0.01635378  0.00453279  0.01635426  0.00453180  0.00341891  0.00228468  0.01648724  0.00344219  0.00457370  0.00230242  0.00457466  0.00230390  0.00231047  0.00630254  
0.01645499  0.00344219  0.00341891  0.00167611  0.00341891  0.00167522  0.00125487  0.00341891  0.00344219  0.00127697  0.00167522  0.00344219  0.00167611  0.00344219  0.00341891  0.01645499  
0.02182683  0.00453180  0.00457370  0.00222407  0.00453180  0.00220394  0.00167522  0.00453180  0.00457370  0.00167522  0.00225693  0.00457370  0.00222407  0.00453180  0.00457370  0.02182683  
0.00630254  0.00230390  0.00231047  0.00457466  0.00228468  0.00453180  0.00341891  0.01635426  0.00230242  0.00344219  0.00457370  0.01648724  0.00453279  0.01634907  0.01635378  0.08350121  
0.02182723  0.00453279  0.00453279  0.00220343  0.00457466  0.00222407  0.00167611  0.00453279  0.00457466  0.00167611  0.00222407  0.00453279  0.00225976  0.00457466  0.00457466  0.02182723  
0.00630254  0.00230242  0.00228468  0.00453279  0.00231047  0.00457370  0.00341891  0.01635378  0.00230390  0.00344219  0.00453180  0.01634907  0.00457466  0.01648724  0.01635426  0.08350121  
0.00630254  0.00228468  0.00230242  0.00453279  0.00230390  0.00453180  0.00344219  0.01634907  0.00231047  0.00341891  0.00457370  0.01635378  0.00457466  0.01635426  0.01648724  0.08350121  
0.00455434  0.00630254  0.00630254  0.02182723  0.00630254  0.02182683  0.01645499  0.08350121  0.00630254  0.01645499  0.02182683  0.08350121  0.02182723  0.08350121  0.08350121  0.42825739  
