0.00001519  0.00000847  0.00000847  0.00000510  0.00000847  0.00000399  0.00000482  0.00000160  0.00000847  0.00000482  0.00000399  0.00000160  0.00000510  0.00000160  0.00000160  0.00000475  
0.00000847  0.00000359  0.00000365  0.00000125  0.00000286  0.00000123  0.00000124  0.00000140  0.00000390  0.00000102  0.00000117  0.00000134  0.00000129  0.00000109  0.00000096  0.00000160  
0.00000847  0.00000365  0.00000359  0.00000125  0.00000390  0.00000117  0.00000102  0.00000134  0.00000286  0.00000124  0.00000123  0.00000140  0.00000129  0.00000096  0.00000109  0.00000160  
0.00000510  0.00000125  0.00000125  0.00000210  0.00000129  0.00000127  0.00000074  0.00000125  0.00000129  0.00000074  0.00000127  0.00000125  0.00000162  0.00000129  0.00000129  0.00000510  
0.00000847  0.00000286  0.00000390  0.00000129  0.00000359  0.00000123  0.00000102  0.00000109  0.00000365  0.00000124  0.00000117  0.00000096  0.00000125  0.00000140  0.00000134  0.00000160  
0.00000399  0.00000123  0.00000117  0.00000127  0.00000123  0.00000136  0.00000070  0.00000123  0.00000117  0.00000070  0.00000180  0.00000117  0.00000127  0.00000123  0.00000117  0.00000399  
0.00000482  0.00000124  0.00000102  0.00000074  0.00000102  0.00000070  0.00000135  0.00000102  0.00000124  0.00000127  0.00000070  0.00000124  0.00000074  0.00000124  0.00000102  0.00000482  
0.00000160  0.00000140  0.00000134  0.00000125  0.00000109  0.00000123  0.00000102  0.00000359  0.00000096  0.00000124  0.00000117  0.00000365  0.00000129  0.00000286  0.00000390  0.00000847  
0.00000847  0.00000390  0.00000286  0.00000129  0.00000365  0.00000117  0.00000124  0.00000096  0.00000359  0.00000102  0.00000123  0.00000109  0.00000125  0.00000134  0.00000140  0.00000160  
0.00000482  0.00000102  0.00000124  0.00000074  0.00000124  0.00000070  0.00000127  0.00000124  0.00000102  0.00000135  0.00000070  0.00000102  0.00000074  0.00000102  0.00000124  0.00000482  
0.00000399  0.00000117  0.00000123  0.00000127  0.00000117  0.00000180  0.00000070  0.00000117  0.00000123  0.00000070  0.00000136  0.00000123  0.00000127  0.00000117  0.00000123  0.00000399  
0.00000160  0.00000134  0.00000140  0.00000125  0.00000096  0.00000117  0.00000124  0.00000365  0.00000109  0.00000102  0.00000123  0.00000359  0.00000129  0.00000390  0.00000286  0.00000847  
0.00000510  0.00000129  0.00000129  0.00000162  0.00000125  0.00000127  0.00000074  0.00000129  0.00000125  0.00000074  0.00000127  0.00000129  0.00000210  0.00000125  0.00000125  0.00000510  
0.00000160  0.00000109  0.00000096  0.00000129  0.00000140  0.00000123  0.00000124  0.00000286  0.00000134  0.00000102  0.00000117  0.00000390  0.00000125  0.00000359  0.00000365  0.00000847  
0.00000160  0.00000096  0.00000109  0.00000129  0.00000134  0.00000117  0.00000102  0.00000390  0.00000140  0.00000124  0.00000123  0.00000286  0.00000125  0.00000365  0.00000359  0.00000847  
0.00000475  0.00000160  0.00000160  0.00000510  0.00000160  0.00000399  0.00000482  0.00000847  0.00000160  0.00000482  0.00000399  0.00000847  0.00000510  0.00000847  0.00000847  0.00001519  
