0.16496159  0.13986207  0.12364650  0.13962756  0.13986207  0.12110060  0.13962756  0.16099770  
0.13986207  0.12112643  0.10503020  0.12104553  0.11866585  0.10487710  0.11863251  0.13962756  
0.12364650  0.10503020  0.09278554  0.10487710  0.10503020  0.09108481  0.10487710  0.12110060  
0.13962756  0.12104553  0.10487710  0.12112643  0.11863251  0.10503020  0.11866585  0.13986207  
0.13986207  0.11866585  0.10503020  0.11863251  0.12112643  0.10487710  0.12104553  0.13962756  
0.12110060  0.10487710  0.09108481  0.10503020  0.10487710  0.09278554  0.10503020  0.12364650  
0.13962756  0.11863251  0.10487710  0.11866585  0.12104553  0.10503020  0.12112643  0.13986207  
0.16099770  0.13962756  0.12110060  0.13986207  0.13962756  0.12364650  0.13986207  0.16496159  
