0.00001243  0.00001069  0.00000928  0.00000907  0.00001069  0.00001058  0.00000907  0.00001796  
0.00001069  0.00000672  0.00000789  0.00000950  0.00000892  0.00000526  0.00001165  0.00000907  
0.00000928  0.00000789  0.00000736  0.00000526  0.00000789  0.00001241  0.00000526  0.00001058  
0.00000907  0.00000950  0.00000526  0.00000672  0.00001165  0.00000789  0.00000892  0.00001069  
0.00001069  0.00000892  0.00000789  0.00001165  0.00000672  0.00000526  0.00000950  0.00000907  
0.00001058  0.00000526  0.00001241  0.00000789  0.00000526  0.00000736  0.00000789  0.00000928  
0.00000907  0.00001165  0.00000526  0.00000892  0.00000950  0.00000789  0.00000672  0.00001069  
0.00001796  0.00000907  0.00001058  0.00001069  0.00000907  0.00000928  0.00001069  0.00001243  
