0.40416639  0.09046962  0.08536614  0.04046054  0.08536614  0.02053740  0.03690966  0.02426884  0.09046962  0.02130107  0.02053740  0.01242976  0.04046054  0.01242976  0.02426884  0.02745807  
0.09046962  0.02228832  0.01949175  0.01168953  0.01942904  0.00579395  0.00920812  0.01021280  0.02101548  0.00658966  0.00544877  0.00671991  0.01069127  0.00665198  0.00934645  0.02426884  
0.08536614  0.01949175  0.01817303  0.00927016  0.01815417  0.00468972  0.00814365  0.00671991  0.01942904  0.00509859  0.00466983  0.00402924  0.00920708  0.00402604  0.00665198  0.01242976  
0.04046054  0.01168953  0.00927016  0.00848207  0.00920708  0.00416644  0.00560994  0.01168953  0.01069127  0.00560994  0.00384026  0.00927016  0.00753017  0.00920708  0.01069127  0.04046054  
0.08536614  0.01942904  0.01815417  0.00920708  0.01817303  0.00466983  0.00814365  0.00665198  0.01949175  0.00509859  0.00468972  0.00402604  0.00927016  0.00402924  0.00671991  0.01242976  
0.02053740  0.00579395  0.00468972  0.00416644  0.00466983  0.00207745  0.00282693  0.00579395  0.00544877  0.00282693  0.00195546  0.00468972  0.00384026  0.00466983  0.00544877  0.02053740  
0.03690966  0.00920812  0.00814365  0.00560994  0.00814365  0.00282693  0.00435138  0.00658966  0.00920812  0.00362525  0.00282693  0.00509859  0.00560994  0.00509859  0.00658966  0.02130107  
0.02426884  0.01021280  0.00671991  0.01168953  0.00665198  0.00579395  0.00658966  0.02228832  0.00934645  0.00920812  0.00544877  0.01949175  0.01069127  0.01942904  0.02101548  0.09046962  
0.09046962  0.02101548  0.01942904  0.01069127  0.01949175  0.00544877  0.00920812  0.00934645  0.02228832  0.00658966  0.00579395  0.00665198  0.01168953  0.00671991  0.01021280  0.02426884  
0.02130107  0.00658966  0.00509859  0.00560994  0.00509859  0.00282693  0.00362525  0.00920812  0.00658966  0.00435138  0.00282693  0.00814365  0.00560994  0.00814365  0.00920812  0.03690966  
0.02053740  0.00544877  0.00466983  0.00384026  0.00468972  0.00195546  0.00282693  0.00544877  0.00579395  0.00282693  0.00207745  0.00466983  0.00416644  0.00468972  0.00579395  0.02053740  
0.01242976  0.00671991  0.00402924  0.00927016  0.00402604  0.00468972  0.00509859  0.01949175  0.00665198  0.00814365  0.00466983  0.01817303  0.00920708  0.01815417  0.01942904  0.08536614  
0.04046054  0.01069127  0.00920708  0.00753017  0.00927016  0.00384026  0.00560994  0.01069127  0.01168953  0.00560994  0.00416644  0.00920708  0.00848207  0.00927016  0.01168953  0.04046054  
0.01242976  0.00665198  0.00402604  0.00920708  0.00402924  0.00466983  0.00509859  0.01942904  0.00671991  0.00814365  0.00468972  0.01815417  0.00927016  0.01817303  0.01949175  0.08536614  
0.02426884  0.00934645  0.00665198  0.01069127  0.00671991  0.00544877  0.00658966  0.02101548  0.01021280  0.00920812  0.00579395  0.01942904  0.01168953  0.01949175  0.02228832  0.09046962  
0.02745807  0.02426884  0.01242976  0.04046054  0.01242976  0.02053740  0.02130107  0.09046962  0.02426884  0.03690966  0.02053740  0.08536614  0.04046054  0.08536614  0.09046962  0.40416639  
