0.00001049  0.00000704  0.00000604  0.00000435  0.00000604  0.00000250  0.00000449  0.00000360  0.00000704  0.00000385  0.00000250  0.00000230  0.00000435  0.00000230  0.00000360  0.00000511  
0.00000704  0.00000394  0.00000276  0.00000187  0.00000184  0.00000111  0.00000188  0.00000213  0.00000443  0.00000158  0.00000102  0.00000161  0.00000169  0.00000114  0.00000237  0.00000360  
0.00000604  0.00000276  0.00000328  0.00000157  0.00000260  0.00000091  0.00000162  0.00000161  0.00000184  0.00000099  0.00000101  0.00000129  0.00000139  0.00000103  0.00000114  0.00000230  
0.00000435  0.00000187  0.00000157  0.00000259  0.00000139  0.00000097  0.00000104  0.00000187  0.00000169  0.00000104  0.00000108  0.00000157  0.00000227  0.00000139  0.00000169  0.00000435  
0.00000604  0.00000184  0.00000260  0.00000139  0.00000328  0.00000101  0.00000162  0.00000114  0.00000276  0.00000099  0.00000091  0.00000103  0.00000157  0.00000129  0.00000161  0.00000230  
0.00000250  0.00000111  0.00000091  0.00000097  0.00000101  0.00000108  0.00000063  0.00000111  0.00000102  0.00000063  0.00000086  0.00000091  0.00000108  0.00000101  0.00000102  0.00000250  
0.00000449  0.00000188  0.00000162  0.00000104  0.00000162  0.00000063  0.00000176  0.00000158  0.00000188  0.00000134  0.00000063  0.00000099  0.00000104  0.00000099  0.00000158  0.00000385  
0.00000360  0.00000213  0.00000161  0.00000187  0.00000114  0.00000111  0.00000158  0.00000394  0.00000237  0.00000188  0.00000102  0.00000276  0.00000169  0.00000184  0.00000443  0.00000704  
0.00000704  0.00000443  0.00000184  0.00000169  0.00000276  0.00000102  0.00000188  0.00000237  0.00000394  0.00000158  0.00000111  0.00000114  0.00000187  0.00000161  0.00000213  0.00000360  
0.00000385  0.00000158  0.00000099  0.00000104  0.00000099  0.00000063  0.00000134  0.00000188  0.00000158  0.00000176  0.00000063  0.00000162  0.00000104  0.00000162  0.00000188  0.00000449  
0.00000250  0.00000102  0.00000101  0.00000108  0.00000091  0.00000086  0.00000063  0.00000102  0.00000111  0.00000063  0.00000108  0.00000101  0.00000097  0.00000091  0.00000111  0.00000250  
0.00000230  0.00000161  0.00000129  0.00000157  0.00000103  0.00000091  0.00000099  0.00000276  0.00000114  0.00000162  0.00000101  0.00000328  0.00000139  0.00000260  0.00000184  0.00000604  
0.00000435  0.00000169  0.00000139  0.00000227  0.00000157  0.00000108  0.00000104  0.00000169  0.00000187  0.00000104  0.00000097  0.00000139  0.00000259  0.00000157  0.00000187  0.00000435  
0.00000230  0.00000114  0.00000103  0.00000139  0.00000129  0.00000101  0.00000099  0.00000184  0.00000161  0.00000162  0.00000091  0.00000260  0.00000157  0.00000328  0.00000276  0.00000604  
0.00000360  0.00000237  0.00000114  0.00000169  0.00000161  0.00000102  0.00000158  0.00000443  0.00000213  0.00000188  0.00000111  0.00000184  0.00000187  0.00000276  0.00000394  0.00000704  
0.00000511  0.00000360  0.00000230  0.00000435  0.00000230  0.00000250  0.00000385  0.00000704  0.00000360  0.00000449  0.00000250  0.00000604  0.00000435  0.00000604  0.00000704  0.00001049  
