0.12723663  0.08335703  0.08335703  0.06987758  0.08335703  0.06987413  0.05812920  0.06324010  0.08335703  0.05812920  0.06987413  0.06324010  0.06987758  0.06324010  0.06324010  0.07480151  
0.08335703  0.05893115  0.05723541  0.05232613  0.05723870  0.05232810  0.04222626  0.05048668  0.05681062  0.04315142  0.05039406  0.05008768  0.05039556  0.05008172  0.04860596  0.06324010  
0.08335703  0.05723541  0.05893115  0.05232613  0.05681062  0.05039406  0.04315142  0.05008768  0.05723870  0.04222626  0.05232810  0.05048668  0.05039556  0.04860596  0.05008172  0.06324010  
0.06987758  0.05232613  0.05232613  0.05113483  0.05039556  0.04920496  0.04089056  0.05232613  0.05039556  0.04089056  0.04920496  0.05232613  0.04735072  0.05039556  0.05039556  0.06987758  
0.08335703  0.05723870  0.05681062  0.05039556  0.05893115  0.05232810  0.04315142  0.05008172  0.05723541  0.04222626  0.05039406  0.04860596  0.05232613  0.05048668  0.05008768  0.06324010  
0.06987413  0.05232810  0.05039406  0.04920496  0.05232810  0.05115418  0.04089193  0.05232810  0.05039406  0.04089193  0.04734708  0.05039406  0.04920496  0.05232810  0.05039406  0.06987413  
0.05812920  0.04222626  0.04315142  0.04089056  0.04315142  0.04089193  0.03474977  0.04315142  0.04222626  0.03325454  0.04089193  0.04222626  0.04089056  0.04222626  0.04315142  0.05812920  
0.06324010  0.05048668  0.05008768  0.05232613  0.05008172  0.05232810  0.04315142  0.05893115  0.04860596  0.04222626  0.05039406  0.05723541  0.05039556  0.05723870  0.05681062  0.08335703  
0.08335703  0.05681062  0.05723870  0.05039556  0.05723541  0.05039406  0.04222626  0.04860596  0.05893115  0.04315142  0.05232810  0.05008172  0.05232613  0.05008768  0.05048668  0.06324010  
0.05812920  0.04315142  0.04222626  0.04089056  0.04222626  0.04089193  0.03325454  0.04222626  0.04315142  0.03474977  0.04089193  0.04315142  0.04089056  0.04315142  0.04222626  0.05812920  
0.06987413  0.05039406  0.05232810  0.04920496  0.05039406  0.04734708  0.04089193  0.05039406  0.05232810  0.04089193  0.05115418  0.05232810  0.04920496  0.05039406  0.05232810  0.06987413  
0.06324010  0.05008768  0.05048668  0.05232613  0.04860596  0.05039406  0.04222626  0.05723541  0.05008172  0.04315142  0.05232810  0.05893115  0.05039556  0.05681062  0.05723870  0.08335703  
0.06987758  0.05039556  0.05039556  0.04735072  0.05232613  0.04920496  0.04089056  0.05039556  0.05232613  0.04089056  0.04920496  0.05039556  0.05113483  0.05232613  0.05232613  0.06987758  
0.06324010  0.05008172  0.04860596  0.05039556  0.05048668  0.05232810  0.04222626  0.05723870  0.05008768  0.04315142  0.05039406  0.05681062  0.05232613  0.05893115  0.05723541  0.08335703  
0.06324010  0.04860596  0.05008172  0.05039556  0.05008768  0.05039406  0.04315142  0.05681062  0.05048668  0.04222626  0.05232810  0.05723870  0.05232613  0.05723541  0.05893115  0.08335703  
0.07480151  0.06324010  0.06324010  0.06987758  0.06324010  0.06987413  0.05812920  0.08335703  0.06324010  0.05812920  0.06987413  0.08335703  0.06987758  0.08335703  0.08335703  0.12723663  
