0.00000998  0.00000505  0.00000505  0.00000649  0.00000505  0.00000532  0.00000459  0.00000361  0.00000505  0.00000459  0.00000532  0.00000361  0.00000649  0.00000361  0.00000361  0.00001056  
0.00000505  0.00000295  0.00000437  0.00000287  0.00000435  0.00000305  0.00000217  0.00000446  0.00000410  0.00000232  0.00000320  0.00000441  0.00000321  0.00000508  0.00000374  0.00000361  
0.00000505  0.00000437  0.00000295  0.00000287  0.00000410  0.00000320  0.00000232  0.00000441  0.00000435  0.00000217  0.00000305  0.00000446  0.00000321  0.00000374  0.00000508  0.00000361  
0.00000649  0.00000287  0.00000287  0.00000703  0.00000321  0.00000423  0.00000308  0.00000287  0.00000321  0.00000308  0.00000423  0.00000287  0.00000791  0.00000321  0.00000321  0.00000649  
0.00000505  0.00000435  0.00000410  0.00000321  0.00000295  0.00000305  0.00000232  0.00000508  0.00000437  0.00000217  0.00000320  0.00000374  0.00000287  0.00000446  0.00000441  0.00000361  
0.00000532  0.00000305  0.00000320  0.00000423  0.00000305  0.00000670  0.00000380  0.00000305  0.00000320  0.00000380  0.00000568  0.00000320  0.00000423  0.00000305  0.00000320  0.00000532  
0.00000459  0.00000217  0.00000232  0.00000308  0.00000232  0.00000380  0.00000585  0.00000232  0.00000217  0.00000531  0.00000380  0.00000217  0.00000308  0.00000217  0.00000232  0.00000459  
0.00000361  0.00000446  0.00000441  0.00000287  0.00000508  0.00000305  0.00000232  0.00000295  0.00000374  0.00000217  0.00000320  0.00000437  0.00000321  0.00000435  0.00000410  0.00000505  
0.00000505  0.00000410  0.00000435  0.00000321  0.00000437  0.00000320  0.00000217  0.00000374  0.00000295  0.00000232  0.00000305  0.00000508  0.00000287  0.00000441  0.00000446  0.00000361  
0.00000459  0.00000232  0.00000217  0.00000308  0.00000217  0.00000380  0.00000531  0.00000217  0.00000232  0.00000585  0.00000380  0.00000232  0.00000308  0.00000232  0.00000217  0.00000459  
0.00000532  0.00000320  0.00000305  0.00000423  0.00000320  0.00000568  0.00000380  0.00000320  0.00000305  0.00000380  0.00000670  0.00000305  0.00000423  0.00000320  0.00000305  0.00000532  
0.00000361  0.00000441  0.00000446  0.00000287  0.00000374  0.00000320  0.00000217  0.00000437  0.00000508  0.00000232  0.00000305  0.00000295  0.00000321  0.00000410  0.00000435  0.00000505  
0.00000649  0.00000321  0.00000321  0.00000791  0.00000287  0.00000423  0.00000308  0.00000321  0.00000287  0.00000308  0.00000423  0.00000321  0.00000703  0.00000287  0.00000287  0.00000649  
0.00000361  0.00000508  0.00000374  0.00000321  0.00000446  0.00000305  0.00000217  0.00000435  0.00000441  0.00000232  0.00000320  0.00000410  0.00000287  0.00000295  0.00000437  0.00000505  
0.00000361  0.00000374  0.00000508  0.00000321  0.00000441  0.00000320  0.00000232  0.00000410  0.00000446  0.00000217  0.00000305  0.00000435  0.00000287  0.00000437  0.00000295  0.00000505  
0.00001056  0.00000361  0.00000361  0.00000649  0.00000361  0.00000532  0.00000459  0.00000505  0.00000361  0.00000459  0.00000532  0.00000505  0.00000649  0.00000505  0.00000505  0.00000998  
