0.16853517  0.13687193  0.13687193  0.11745435  0.12484370  0.13237219  0.13237219  0.14841747  
0.13687193  0.11766873  0.11366138  0.10329563  0.10279715  0.11532070  0.11147686  0.13237219  
0.13687193  0.11366138  0.11766873  0.10329563  0.10279715  0.11147686  0.11532070  0.13237219  
0.11745435  0.10329563  0.10329563  0.09612737  0.08949249  0.10279715  0.10279715  0.12484370  
0.12484370  0.10279715  0.10279715  0.08949249  0.09612737  0.10329563  0.10329563  0.11745435  
0.13237219  0.11532070  0.11147686  0.10279715  0.10329563  0.11766873  0.11366138  0.13687193  
0.13237219  0.11147686  0.11532070  0.10279715  0.10329563  0.11366138  0.11766873  0.13687193  
0.14841747  0.13237219  0.13237219  0.12484370  0.11745435  0.13687193  0.13687193  0.16853517  
