0.00002184  0.00002584  0.00002584  0.00002321  0.00002015  0.00002108  0.00002108  0.00003449  
0.00002584  0.00001578  0.00001769  0.00001297  0.00001781  0.00001752  0.00001906  0.00002108  
0.00002584  0.00001769  0.00001578  0.00001297  0.00001781  0.00001906  0.00001752  0.00002108  
0.00002321  0.00001297  0.00001297  0.00002310  0.00002376  0.00001781  0.00001781  0.00002015  
0.00002015  0.00001781  0.00001781  0.00002376  0.00002310  0.00001297  0.00001297  0.00002321  
0.00002108  0.00001752  0.00001906  0.00001781  0.00001297  0.00001578  0.00001769  0.00002584  
0.00002108  0.00001906  0.00001752  0.00001781  0.00001297  0.00001769  0.00001578  0.00002584  
0.00003449  0.00002108  0.00002108  0.00002015  0.00002321  0.00002584  0.00002584  0.00002184  
