0.29487770  0.13337416  0.13337416  0.07228871  0.12574564  0.08676981  0.08676981  0.08410730  
0.13337416  0.07224126  0.06967032  0.05328700  0.06373500  0.06092159  0.05866367  0.08676981  
0.13337416  0.06967032  0.07224126  0.05328700  0.06373500  0.05866367  0.06092159  0.08676981  
0.07228871  0.05328700  0.05328700  0.06063977  0.04465718  0.06373500  0.06373500  0.12574564  
0.12574564  0.06373500  0.06373500  0.04465718  0.06063977  0.05328700  0.05328700  0.07228871  
0.08676981  0.06092159  0.05866367  0.06373500  0.05328700  0.07224126  0.06967032  0.13337416  
0.08676981  0.05866367  0.06092159  0.06373500  0.05328700  0.06967032  0.07224126  0.13337416  
0.08410730  0.08676981  0.08676981  0.12574564  0.07228871  0.13337416  0.13337416  0.29487770  
