0.00001711  0.00001563  0.00001563  0.00001010  0.00001749  0.00001209  0.00001209  0.00001684  
0.00001563  0.00000751  0.00001105  0.00000755  0.00000960  0.00001166  0.00001172  0.00001209  
0.00001563  0.00001105  0.00000751  0.00000755  0.00000960  0.00001172  0.00001166  0.00001209  
0.00001010  0.00000755  0.00000755  0.00001063  0.00001115  0.00000960  0.00000960  0.00001749  
0.00001749  0.00000960  0.00000960  0.00001115  0.00001063  0.00000755  0.00000755  0.00001010  
0.00001209  0.00001166  0.00001172  0.00000960  0.00000755  0.00000751  0.00001105  0.00001563  
0.00001209  0.00001172  0.00001166  0.00000960  0.00000755  0.00001105  0.00000751  0.00001563  
0.00001684  0.00001209  0.00001209  0.00001749  0.00001010  0.00001563  0.00001563  0.00001711  
