0.13128324  0.12770471  0.12770471  0.12455579  0.12480528  0.12755809  0.12755809  0.13057905  
0.12770471  0.12478853  0.12443329  0.12166373  0.12156020  0.12455237  0.12430704  0.12755809  
0.12770471  0.12443329  0.12478853  0.12166373  0.12156020  0.12430704  0.12455237  0.12755809  
0.12455579  0.12166373  0.12166373  0.11913969  0.11862173  0.12156020  0.12156020  0.12480528  
0.12480528  0.12156020  0.12156020  0.11862173  0.11913969  0.12166373  0.12166373  0.12455579  
0.12755809  0.12455237  0.12430704  0.12156020  0.12166373  0.12478853  0.12443329  0.12770471  
0.12755809  0.12430704  0.12455237  0.12156020  0.12166373  0.12443329  0.12478853  0.12770471  
0.13057905  0.12755809  0.12755809  0.12480528  0.12455579  0.12770471  0.12770471  0.13128324  
