0.00002085  0.00001685  0.00001685  0.00002566  0.00001770  0.00001735  0.00001735  0.00002965  
0.00001685  0.00001099  0.00002128  0.00001453  0.00002089  0.00002320  0.00002435  0.00001735  
0.00001685  0.00002128  0.00001099  0.00001453  0.00002089  0.00002435  0.00002320  0.00001735  
0.00002566  0.00001453  0.00001453  0.00002266  0.00003274  0.00002089  0.00002089  0.00001770  
0.00001770  0.00002089  0.00002089  0.00003274  0.00002266  0.00001453  0.00001453  0.00002566  
0.00001735  0.00002320  0.00002435  0.00002089  0.00001453  0.00001099  0.00002128  0.00001685  
0.00001735  0.00002435  0.00002320  0.00002089  0.00001453  0.00002128  0.00001099  0.00001685  
0.00002965  0.00001735  0.00001735  0.00001770  0.00002566  0.00001685  0.00001685  0.00002085  
