0.13612463  0.12951006  0.12951006  0.12416878  0.12466743  0.12925369  0.12925369  0.13449170  
0.12951006  0.12432341  0.12378936  0.11917467  0.11908962  0.12393810  0.12354037  0.12925369  
0.12951006  0.12378936  0.12432341  0.11917467  0.11908962  0.12354037  0.12393810  0.12925369  
0.12416878  0.11917467  0.11917467  0.11522855  0.11427682  0.11908962  0.11908962  0.12466743  
0.12466743  0.11908962  0.11908962  0.11427682  0.11522855  0.11917467  0.11917467  0.12416878  
0.12925369  0.12393810  0.12354037  0.11908962  0.11917467  0.12432341  0.12378936  0.12951006  
0.12925369  0.12354037  0.12393810  0.11908962  0.11917467  0.12378936  0.12432341  0.12951006  
0.13449170  0.12925369  0.12925369  0.12466743  0.12416878  0.12951006  0.12951006  0.13612463  
