0.00006075  0.00002773  0.00002773  0.00005435  0.00005573  0.00004688  0.00004688  0.00007290  
0.00002773  0.00003204  0.00005608  0.00002998  0.00003839  0.00003843  0.00005397  0.00004688  
0.00002773  0.00005608  0.00003204  0.00002998  0.00003839  0.00005397  0.00003843  0.00004688  
0.00005435  0.00002998  0.00002998  0.00005203  0.00005786  0.00003839  0.00003839  0.00005573  
0.00005573  0.00003839  0.00003839  0.00005786  0.00005203  0.00002998  0.00002998  0.00005435  
0.00004688  0.00003843  0.00005397  0.00003839  0.00002998  0.00003204  0.00005608  0.00002773  
0.00004688  0.00005397  0.00003843  0.00003839  0.00002998  0.00005608  0.00003204  0.00002773  
0.00007290  0.00004688  0.00004688  0.00005573  0.00005435  0.00002773  0.00002773  0.00006075  
