0.14090777  0.13088716  0.13088716  0.12288783  0.12459080  0.12975661  0.12975661  0.13650696  
0.13088716  0.12370450  0.12210544  0.11653721  0.11603493  0.12285751  0.12130170  0.12975661  
0.13088716  0.12210544  0.12370450  0.11653721  0.11603493  0.12130170  0.12285751  0.12975661  
0.12288783  0.11653721  0.11653721  0.11168323  0.10918468  0.11603493  0.11603493  0.12459080  
0.12459080  0.11603493  0.11603493  0.10918468  0.11168323  0.11653721  0.11653721  0.12288783  
0.12975661  0.12285751  0.12130170  0.11603493  0.11653721  0.12370450  0.12210544  0.13088716  
0.12975661  0.12130170  0.12285751  0.11603493  0.11653721  0.12210544  0.12370450  0.13088716  
0.13650696  0.12975661  0.12975661  0.12459080  0.12288783  0.13088716  0.13088716  0.14090777  
