0.00001054  0.00000740  0.00000740  0.00001114  0.00000765  0.00000984  0.00000984  0.00001480  
0.00000740  0.00000660  0.00000880  0.00000740  0.00000747  0.00001102  0.00001027  0.00000984  
0.00000740  0.00000880  0.00000660  0.00000740  0.00000747  0.00001027  0.00001102  0.00000984  
0.00001114  0.00000740  0.00000740  0.00001033  0.00001375  0.00000747  0.00000747  0.00000765  
0.00000765  0.00000747  0.00000747  0.00001375  0.00001033  0.00000740  0.00000740  0.00001114  
0.00000984  0.00001102  0.00001027  0.00000747  0.00000740  0.00000660  0.00000880  0.00000740  
0.00000984  0.00001027  0.00001102  0.00000747  0.00000740  0.00000880  0.00000660  0.00000740  
0.00001480  0.00000984  0.00000984  0.00000765  0.00001114  0.00000740  0.00000740  0.00001054  
