0.13353071  0.12850748  0.12850748  0.12428162  0.12475424  0.12824844  0.12824844  0.13228351  
0.12850748  0.12456167  0.12397652  0.12042626  0.12025397  0.12418012  0.12376276  0.12824844  
0.12850748  0.12397652  0.12456167  0.12042626  0.12025397  0.12376276  0.12418012  0.12824844  
0.12428162  0.12042626  0.12042626  0.11734595  0.11625865  0.12025397  0.12025397  0.12475424  
0.12475424  0.12025397  0.12025397  0.11625865  0.11734595  0.12042626  0.12042626  0.12428162  
0.12824844  0.12418012  0.12376276  0.12025397  0.12042626  0.12456167  0.12397652  0.12850748  
0.12824844  0.12376276  0.12418012  0.12025397  0.12042626  0.12397652  0.12456167  0.12850748  
0.13228351  0.12824844  0.12824844  0.12475424  0.12428162  0.12850748  0.12850748  0.13353071  
