0.00004996  0.00002818  0.00002818  0.00003901  0.00002836  0.00002929  0.00002929  0.00004803  
0.00002818  0.00002728  0.00003716  0.00002588  0.00003039  0.00003157  0.00003885  0.00002929  
0.00002818  0.00003716  0.00002728  0.00002588  0.00003039  0.00003885  0.00003157  0.00002929  
0.00003901  0.00002588  0.00002588  0.00004738  0.00006416  0.00003039  0.00003039  0.00002836  
0.00002836  0.00003039  0.00003039  0.00006416  0.00004738  0.00002588  0.00002588  0.00003901  
0.00002929  0.00003157  0.00003885  0.00003039  0.00002588  0.00002728  0.00003716  0.00002818  
0.00002929  0.00003885  0.00003157  0.00003039  0.00002588  0.00003716  0.00002728  0.00002818  
0.00004803  0.00002929  0.00002929  0.00002836  0.00003901  0.00002818  0.00002818  0.00004996  
