0.07310165  0.06723748  0.06723748  0.06690060  0.06723748  0.06688643  0.06207579  0.06675409  0.06723748  0.06207579  0.06688643  0.06675409  0.06690060  0.06675409  0.06675409  0.07200139  
0.06723748  0.06229852  0.06193181  0.06197646  0.06193452  0.06196936  0.05721563  0.06188888  0.06190635  0.05748898  0.06161693  0.06186392  0.06161517  0.06186256  0.06153992  0.06675409  
0.06723748  0.06193181  0.06229852  0.06197646  0.06190635  0.06161693  0.05748898  0.06186392  0.06193452  0.05721563  0.06196936  0.06188888  0.06161517  0.06153992  0.06186256  0.06675409  
0.06690060  0.06197646  0.06197646  0.06213017  0.06161517  0.06169737  0.05725546  0.06197646  0.06161517  0.05725546  0.06169737  0.06197646  0.06134859  0.06161517  0.06161517  0.06690060  
0.06723748  0.06193452  0.06190635  0.06161517  0.06229852  0.06196936  0.05748898  0.06186256  0.06193181  0.05721563  0.06161693  0.06153992  0.06197646  0.06188888  0.06186392  0.06675409  
0.06688643  0.06196936  0.06161693  0.06169737  0.06196936  0.06210242  0.05726209  0.06196936  0.06161693  0.05726209  0.06135109  0.06161693  0.06169737  0.06196936  0.06161693  0.06688643  
0.06207579  0.05721563  0.05748898  0.05725546  0.05748898  0.05726209  0.05347168  0.05748898  0.05721563  0.05290374  0.05726209  0.05721563  0.05725546  0.05721563  0.05748898  0.06207579  
0.06675409  0.06188888  0.06186392  0.06197646  0.06186256  0.06196936  0.05748898  0.06229852  0.06153992  0.05721563  0.06161693  0.06193181  0.06161517  0.06193452  0.06190635  0.06723748  
0.06723748  0.06190635  0.06193452  0.06161517  0.06193181  0.06161693  0.05721563  0.06153992  0.06229852  0.05748898  0.06196936  0.06186256  0.06197646  0.06186392  0.06188888  0.06675409  
0.06207579  0.05748898  0.05721563  0.05725546  0.05721563  0.05726209  0.05290374  0.05721563  0.05748898  0.05347168  0.05726209  0.05748898  0.05725546  0.05748898  0.05721563  0.06207579  
0.06688643  0.06161693  0.06196936  0.06169737  0.06161693  0.06135109  0.05726209  0.06161693  0.06196936  0.05726209  0.06210242  0.06196936  0.06169737  0.06161693  0.06196936  0.06688643  
0.06675409  0.06186392  0.06188888  0.06197646  0.06153992  0.06161693  0.05721563  0.06193181  0.06186256  0.05748898  0.06196936  0.06229852  0.06161517  0.06190635  0.06193452  0.06723748  
0.06690060  0.06161517  0.06161517  0.06134859  0.06197646  0.06169737  0.05725546  0.06161517  0.06197646  0.05725546  0.06169737  0.06161517  0.06213017  0.06197646  0.06197646  0.06690060  
0.06675409  0.06186256  0.06153992  0.06161517  0.06188888  0.06196936  0.05721563  0.06193452  0.06186392  0.05748898  0.06161693  0.06190635  0.06197646  0.06229852  0.06193181  0.06723748  
0.06675409  0.06153992  0.06186256  0.06161517  0.06186392  0.06161693  0.05748898  0.06190635  0.06188888  0.05721563  0.06196936  0.06193452  0.06197646  0.06193181  0.06229852  0.06723748  
0.07200139  0.06675409  0.06675409  0.06690060  0.06675409  0.06688643  0.06207579  0.06723748  0.06675409  0.06207579  0.06688643  0.06723748  0.06690060  0.06723748  0.06723748  0.07310165  
