0.00001148  0.00000543  0.00000543  0.00000560  0.00000543  0.00000666  0.00000724  0.00000626  0.00000543  0.00000724  0.00000666  0.00000626  0.00000560  0.00000626  0.00000626  0.00001373  
0.00000543  0.00000375  0.00000675  0.00000472  0.00000687  0.00000506  0.00000570  0.00000653  0.00000621  0.00000449  0.00000621  0.00000641  0.00000579  0.00000648  0.00000823  0.00000626  
0.00000543  0.00000675  0.00000375  0.00000472  0.00000621  0.00000621  0.00000449  0.00000641  0.00000687  0.00000570  0.00000506  0.00000653  0.00000579  0.00000823  0.00000648  0.00000626  
0.00000560  0.00000472  0.00000472  0.00001035  0.00000579  0.00000663  0.00000647  0.00000472  0.00000579  0.00000647  0.00000663  0.00000472  0.00001115  0.00000579  0.00000579  0.00000560  
0.00000543  0.00000687  0.00000621  0.00000579  0.00000375  0.00000506  0.00000449  0.00000648  0.00000675  0.00000570  0.00000621  0.00000823  0.00000472  0.00000653  0.00000641  0.00000626  
0.00000666  0.00000506  0.00000621  0.00000663  0.00000506  0.00000822  0.00000776  0.00000506  0.00000621  0.00000776  0.00001177  0.00000621  0.00000663  0.00000506  0.00000621  0.00000666  
0.00000724  0.00000570  0.00000449  0.00000647  0.00000449  0.00000776  0.00000990  0.00000449  0.00000570  0.00001058  0.00000776  0.00000570  0.00000647  0.00000570  0.00000449  0.00000724  
0.00000626  0.00000653  0.00000641  0.00000472  0.00000648  0.00000506  0.00000449  0.00000375  0.00000823  0.00000570  0.00000621  0.00000675  0.00000579  0.00000687  0.00000621  0.00000543  
0.00000543  0.00000621  0.00000687  0.00000579  0.00000675  0.00000621  0.00000570  0.00000823  0.00000375  0.00000449  0.00000506  0.00000648  0.00000472  0.00000641  0.00000653  0.00000626  
0.00000724  0.00000449  0.00000570  0.00000647  0.00000570  0.00000776  0.00001058  0.00000570  0.00000449  0.00000990  0.00000776  0.00000449  0.00000647  0.00000449  0.00000570  0.00000724  
0.00000666  0.00000621  0.00000506  0.00000663  0.00000621  0.00001177  0.00000776  0.00000621  0.00000506  0.00000776  0.00000822  0.00000506  0.00000663  0.00000621  0.00000506  0.00000666  
0.00000626  0.00000641  0.00000653  0.00000472  0.00000823  0.00000621  0.00000570  0.00000675  0.00000648  0.00000449  0.00000506  0.00000375  0.00000579  0.00000621  0.00000687  0.00000543  
0.00000560  0.00000579  0.00000579  0.00001115  0.00000472  0.00000663  0.00000647  0.00000579  0.00000472  0.00000647  0.00000663  0.00000579  0.00001035  0.00000472  0.00000472  0.00000560  
0.00000626  0.00000648  0.00000823  0.00000579  0.00000653  0.00000506  0.00000570  0.00000687  0.00000641  0.00000449  0.00000621  0.00000621  0.00000472  0.00000375  0.00000675  0.00000543  
0.00000626  0.00000823  0.00000648  0.00000579  0.00000641  0.00000621  0.00000449  0.00000621  0.00000653  0.00000570  0.00000506  0.00000687  0.00000472  0.00000675  0.00000375  0.00000543  
0.00001373  0.00000626  0.00000626  0.00000560  0.00000626  0.00000666  0.00000724  0.00000543  0.00000626  0.00000724  0.00000666  0.00000543  0.00000560  0.00000543  0.00000543  0.00001148  
