0.10073245  0.07704818  0.07704818  0.07425767  0.07704818  0.07426802  0.06059246  0.07364097  0.07704818  0.06059246  0.07426802  0.07364097  0.07425767  0.07364097  0.07364097  0.09206590  
0.07704818  0.06068495  0.05937427  0.05886373  0.05937790  0.05886619  0.04701017  0.05878552  0.05908757  0.04780455  0.05733538  0.05851030  0.05734285  0.05850877  0.05726174  0.07364097  
0.07704818  0.05937427  0.06068495  0.05886373  0.05908757  0.05733538  0.04780455  0.05851030  0.05937790  0.04701017  0.05886619  0.05878552  0.05734285  0.05726174  0.05850877  0.07364097  
0.07425767  0.05886373  0.05886373  0.05886545  0.05734285  0.05727393  0.04673803  0.05886373  0.05734285  0.04673803  0.05727393  0.05886373  0.05579232  0.05734285  0.05734285  0.07425767  
0.07704818  0.05937790  0.05908757  0.05734285  0.06068495  0.05886619  0.04780455  0.05850877  0.05937427  0.04701017  0.05733538  0.05726174  0.05886373  0.05878552  0.05851030  0.07364097  
0.07426802  0.05886619  0.05733538  0.05727393  0.05886619  0.05884667  0.04673239  0.05886619  0.05733538  0.04673239  0.05577816  0.05733538  0.05727393  0.05886619  0.05733538  0.07426802  
0.06059246  0.04701017  0.04780455  0.04673803  0.04780455  0.04673239  0.03881563  0.04780455  0.04701017  0.03750634  0.04673239  0.04701017  0.04673803  0.04701017  0.04780455  0.06059246  
0.07364097  0.05878552  0.05851030  0.05886373  0.05850877  0.05886619  0.04780455  0.06068495  0.05726174  0.04701017  0.05733538  0.05937427  0.05734285  0.05937790  0.05908757  0.07704818  
0.07704818  0.05908757  0.05937790  0.05734285  0.05937427  0.05733538  0.04701017  0.05726174  0.06068495  0.04780455  0.05886619  0.05850877  0.05886373  0.05851030  0.05878552  0.07364097  
0.06059246  0.04780455  0.04701017  0.04673803  0.04701017  0.04673239  0.03750634  0.04701017  0.04780455  0.03881563  0.04673239  0.04780455  0.04673803  0.04780455  0.04701017  0.06059246  
0.07426802  0.05733538  0.05886619  0.05727393  0.05733538  0.05577816  0.04673239  0.05733538  0.05886619  0.04673239  0.05884667  0.05886619  0.05727393  0.05733538  0.05886619  0.07426802  
0.07364097  0.05851030  0.05878552  0.05886373  0.05726174  0.05733538  0.04701017  0.05937427  0.05850877  0.04780455  0.05886619  0.06068495  0.05734285  0.05908757  0.05937790  0.07704818  
0.07425767  0.05734285  0.05734285  0.05579232  0.05886373  0.05727393  0.04673803  0.05734285  0.05886373  0.04673803  0.05727393  0.05734285  0.05886545  0.05886373  0.05886373  0.07425767  
0.07364097  0.05850877  0.05726174  0.05734285  0.05878552  0.05886619  0.04701017  0.05937790  0.05851030  0.04780455  0.05733538  0.05908757  0.05886373  0.06068495  0.05937427  0.07704818  
0.07364097  0.05726174  0.05850877  0.05734285  0.05851030  0.05733538  0.04780455  0.05908757  0.05878552  0.04701017  0.05886619  0.05937790  0.05886373  0.05937427  0.06068495  0.07704818  
0.09206590  0.07364097  0.07364097  0.07425767  0.07364097  0.07426802  0.06059246  0.07704818  0.07364097  0.06059246  0.07426802  0.07704818  0.07425767  0.07704818  0.07704818  0.10073245  
