0.00001474  0.00000613  0.00000613  0.00000893  0.00000613  0.00000637  0.00000514  0.00000686  0.00000613  0.00000514  0.00000637  0.00000686  0.00000893  0.00000686  0.00000686  0.00001572  
0.00000613  0.00000519  0.00000759  0.00000344  0.00000472  0.00000456  0.00000427  0.00000631  0.00000641  0.00000366  0.00000444  0.00000690  0.00000457  0.00000710  0.00000682  0.00000686  
0.00000613  0.00000759  0.00000519  0.00000344  0.00000641  0.00000444  0.00000366  0.00000690  0.00000472  0.00000427  0.00000456  0.00000631  0.00000457  0.00000682  0.00000710  0.00000686  
0.00000893  0.00000344  0.00000344  0.00001004  0.00000457  0.00000566  0.00000421  0.00000344  0.00000457  0.00000421  0.00000566  0.00000344  0.00001187  0.00000457  0.00000457  0.00000893  
0.00000613  0.00000472  0.00000641  0.00000457  0.00000519  0.00000456  0.00000366  0.00000710  0.00000759  0.00000427  0.00000444  0.00000682  0.00000344  0.00000631  0.00000690  0.00000686  
0.00000637  0.00000456  0.00000444  0.00000566  0.00000456  0.00001152  0.00000445  0.00000456  0.00000444  0.00000445  0.00001121  0.00000444  0.00000566  0.00000456  0.00000444  0.00000637  
0.00000514  0.00000427  0.00000366  0.00000421  0.00000366  0.00000445  0.00000779  0.00000366  0.00000427  0.00000887  0.00000445  0.00000427  0.00000421  0.00000427  0.00000366  0.00000514  
0.00000686  0.00000631  0.00000690  0.00000344  0.00000710  0.00000456  0.00000366  0.00000519  0.00000682  0.00000427  0.00000444  0.00000759  0.00000457  0.00000472  0.00000641  0.00000613  
0.00000613  0.00000641  0.00000472  0.00000457  0.00000759  0.00000444  0.00000427  0.00000682  0.00000519  0.00000366  0.00000456  0.00000710  0.00000344  0.00000690  0.00000631  0.00000686  
0.00000514  0.00000366  0.00000427  0.00000421  0.00000427  0.00000445  0.00000887  0.00000427  0.00000366  0.00000779  0.00000445  0.00000366  0.00000421  0.00000366  0.00000427  0.00000514  
0.00000637  0.00000444  0.00000456  0.00000566  0.00000444  0.00001121  0.00000445  0.00000444  0.00000456  0.00000445  0.00001152  0.00000456  0.00000566  0.00000444  0.00000456  0.00000637  
0.00000686  0.00000690  0.00000631  0.00000344  0.00000682  0.00000444  0.00000427  0.00000759  0.00000710  0.00000366  0.00000456  0.00000519  0.00000457  0.00000641  0.00000472  0.00000613  
0.00000893  0.00000457  0.00000457  0.00001187  0.00000344  0.00000566  0.00000421  0.00000457  0.00000344  0.00000421  0.00000566  0.00000457  0.00001004  0.00000344  0.00000344  0.00000893  
0.00000686  0.00000710  0.00000682  0.00000457  0.00000631  0.00000456  0.00000427  0.00000472  0.00000690  0.00000366  0.00000444  0.00000641  0.00000344  0.00000519  0.00000759  0.00000613  
0.00000686  0.00000682  0.00000710  0.00000457  0.00000690  0.00000444  0.00000366  0.00000641  0.00000631  0.00000427  0.00000456  0.00000472  0.00000344  0.00000759  0.00000519  0.00000613  
0.00001572  0.00000686  0.00000686  0.00000893  0.00000686  0.00000637  0.00000514  0.00000613  0.00000686  0.00000514  0.00000637  0.00000613  0.00000893  0.00000613  0.00000613  0.00001474  
