0.15280231  0.13326526  0.13326526  0.11951648  0.12424814  0.12961339  0.12961339  0.13907894  
0.13326526  0.12132819  0.11770447  0.11020843  0.10948093  0.11923290  0.11567701  0.12961339  
0.13326526  0.11770447  0.12132819  0.11020843  0.10948093  0.11567701  0.11923290  0.12961339  
0.11951648  0.11020843  0.11020843  0.10454132  0.09921743  0.10948093  0.10948093  0.12424814  
0.12424814  0.10948093  0.10948093  0.09921743  0.10454132  0.11020843  0.11020843  0.11951648  
0.12961339  0.11923290  0.11567701  0.10948093  0.11020843  0.12132819  0.11770447  0.13326526  
0.12961339  0.11567701  0.11923290  0.10948093  0.11020843  0.11770447  0.12132819  0.13326526  
0.13907894  0.12961339  0.12961339  0.12424814  0.11951648  0.13326526  0.13326526  0.15280231  
