0.00000395  0.00000265  0.00000265  0.00000328  0.00000413  0.00000326  0.00000326  0.00000496  
0.00000265  0.00000144  0.00000402  0.00000215  0.00000284  0.00000428  0.00000346  0.00000326  
0.00000265  0.00000402  0.00000144  0.00000215  0.00000284  0.00000346  0.00000428  0.00000326  
0.00000328  0.00000215  0.00000215  0.00000292  0.00000392  0.00000284  0.00000284  0.00000413  
0.00000413  0.00000284  0.00000284  0.00000392  0.00000292  0.00000215  0.00000215  0.00000328  
0.00000326  0.00000428  0.00000346  0.00000284  0.00000215  0.00000144  0.00000402  0.00000265  
0.00000326  0.00000346  0.00000428  0.00000284  0.00000215  0.00000402  0.00000144  0.00000265  
0.00000496  0.00000326  0.00000326  0.00000413  0.00000328  0.00000265  0.00000265  0.00000395  
