0.13836700  0.13018621  0.13018621  0.12345280  0.12465422  0.12939097  0.12939097  0.13533554  
0.13018621  0.12406796  0.12284329  0.11788403  0.11748878  0.12340148  0.12228316  0.12939097  
0.13018621  0.12284329  0.12406796  0.11788403  0.11748878  0.12228316  0.12340148  0.12939097  
0.12345280  0.11788403  0.11788403  0.11349708  0.11151920  0.11748878  0.11748878  0.12465422  
0.12465422  0.11748878  0.11748878  0.11151920  0.11349708  0.11788403  0.11788403  0.12345280  
0.12939097  0.12340148  0.12228316  0.11748878  0.11788403  0.12406796  0.12284329  0.13018621  
0.12939097  0.12228316  0.12340148  0.11748878  0.11788403  0.12284329  0.12406796  0.13018621  
0.13533554  0.12939097  0.12939097  0.12465422  0.12345280  0.13018621  0.13018621  0.13836700  
