0.00001608  0.00001033  0.00001033  0.00001312  0.00001362  0.00001129  0.00001129  0.00002081  
0.00001033  0.00000563  0.00001269  0.00000906  0.00001125  0.00001302  0.00001626  0.00001129  
0.00001033  0.00001269  0.00000563  0.00000906  0.00001125  0.00001626  0.00001302  0.00001129  
0.00001312  0.00000906  0.00000906  0.00001454  0.00001761  0.00001125  0.00001125  0.00001362  
0.00001362  0.00001125  0.00001125  0.00001761  0.00001454  0.00000906  0.00000906  0.00001312  
0.00001129  0.00001302  0.00001626  0.00001125  0.00000906  0.00000563  0.00001269  0.00001033  
0.00001129  0.00001626  0.00001302  0.00001125  0.00000906  0.00001269  0.00000563  0.00001033  
0.00002081  0.00001129  0.00001129  0.00001362  0.00001312  0.00001033  0.00001033  0.00001608  
