0.13601582  0.12961931  0.12961931  0.12427341  0.12482990  0.12936827  0.12936827  0.13467357  
0.12961931  0.12436144  0.12388689  0.11927852  0.11919987  0.12404799  0.12364635  0.12936827  
0.12961931  0.12388689  0.12436144  0.11927852  0.11919987  0.12364635  0.12404799  0.12936827  
0.12427341  0.11927852  0.11927852  0.11526131  0.11433465  0.11919987  0.11919987  0.12482990  
0.12482990  0.11919987  0.11919987  0.11433465  0.11526131  0.11927852  0.11927852  0.12427341  
0.12936827  0.12404799  0.12364635  0.11919987  0.11927852  0.12436144  0.12388689  0.12961931  
0.12936827  0.12364635  0.12404799  0.11919987  0.11927852  0.12388689  0.12436144  0.12961931  
0.13467357  0.12936827  0.12936827  0.12482990  0.12427341  0.12961931  0.12961931  0.13601582  
