0.00003059  0.00001686  0.00001686  0.00003072  0.00002719  0.00002111  0.00002111  0.00004202  
0.00001686  0.00001578  0.00002733  0.00001893  0.00002300  0.00002241  0.00002785  0.00002111  
0.00001686  0.00002733  0.00001578  0.00001893  0.00002300  0.00002785  0.00002241  0.00002111  
0.00003072  0.00001893  0.00001893  0.00003371  0.00003206  0.00002300  0.00002300  0.00002719  
0.00002719  0.00002300  0.00002300  0.00003206  0.00003371  0.00001893  0.00001893  0.00003072  
0.00002111  0.00002241  0.00002785  0.00002300  0.00001893  0.00001578  0.00002733  0.00001686  
0.00002111  0.00002785  0.00002241  0.00002300  0.00001893  0.00002733  0.00001578  0.00001686  
0.00004202  0.00002111  0.00002111  0.00002719  0.00003072  0.00001686  0.00001686  0.00003059  
