0.19014991  0.09693968  0.09693968  0.06349763  0.09693968  0.06349541  0.05290700  0.04744115  0.09693968  0.05290700  0.06349541  0.04744115  0.06349763  0.04744115  0.04744115  0.05210643  
0.09693968  0.05361066  0.05232520  0.03931739  0.05233003  0.03931524  0.03189555  0.03519249  0.05206309  0.03251323  0.03810439  0.03496772  0.03810388  0.03496147  0.03407311  0.04744115  
0.09693968  0.05232520  0.05361066  0.03931739  0.05206309  0.03810439  0.03251323  0.03496772  0.05233003  0.03189555  0.03931524  0.03519249  0.03810388  0.03407311  0.03496147  0.04744115  
0.06349763  0.03931739  0.03931739  0.03555944  0.03810388  0.03441383  0.02861549  0.03931739  0.03810388  0.02861549  0.03441383  0.03931739  0.03330916  0.03810388  0.03810388  0.06349763  
0.09693968  0.05233003  0.05206309  0.03810388  0.05361066  0.03931524  0.03251323  0.03496147  0.05232520  0.03189555  0.03810439  0.03407311  0.03931739  0.03519249  0.03496772  0.04744115  
0.06349541  0.03931524  0.03810439  0.03441383  0.03931524  0.03557338  0.02861307  0.03931524  0.03810439  0.02861307  0.03331762  0.03810439  0.03441383  0.03931524  0.03810439  0.06349541  
0.05290700  0.03189555  0.03251323  0.02861549  0.03251323  0.02861307  0.02427466  0.03251323  0.03189555  0.02334504  0.02861307  0.03189555  0.02861549  0.03189555  0.03251323  0.05290700  
0.04744115  0.03519249  0.03496772  0.03931739  0.03496147  0.03931524  0.03251323  0.05361066  0.03407311  0.03189555  0.03810439  0.05232520  0.03810388  0.05233003  0.05206309  0.09693968  
0.09693968  0.05206309  0.05233003  0.03810388  0.05232520  0.03810439  0.03189555  0.03407311  0.05361066  0.03251323  0.03931524  0.03496147  0.03931739  0.03496772  0.03519249  0.04744115  
0.05290700  0.03251323  0.03189555  0.02861549  0.03189555  0.02861307  0.02334504  0.03189555  0.03251323  0.02427466  0.02861307  0.03251323  0.02861549  0.03251323  0.03189555  0.05290700  
0.06349541  0.03810439  0.03931524  0.03441383  0.03810439  0.03331762  0.02861307  0.03810439  0.03931524  0.02861307  0.03557338  0.03931524  0.03441383  0.03810439  0.03931524  0.06349541  
0.04744115  0.03496772  0.03519249  0.03931739  0.03407311  0.03810439  0.03189555  0.05232520  0.03496147  0.03251323  0.03931524  0.05361066  0.03810388  0.05206309  0.05233003  0.09693968  
0.06349763  0.03810388  0.03810388  0.03330916  0.03931739  0.03441383  0.02861549  0.03810388  0.03931739  0.02861549  0.03441383  0.03810388  0.03555944  0.03931739  0.03931739  0.06349763  
0.04744115  0.03496147  0.03407311  0.03810388  0.03519249  0.03931524  0.03189555  0.05233003  0.03496772  0.03251323  0.03810439  0.05206309  0.03931739  0.05361066  0.05232520  0.09693968  
0.04744115  0.03407311  0.03496147  0.03810388  0.03496772  0.03810439  0.03251323  0.05206309  0.03519249  0.03189555  0.03931524  0.05233003  0.03931739  0.05232520  0.05361066  0.09693968  
0.05210643  0.04744115  0.04744115  0.06349763  0.04744115  0.06349541  0.05290700  0.09693968  0.04744115  0.05290700  0.06349541  0.09693968  0.06349763  0.09693968  0.09693968  0.19014991  
