0.00001123  0.00000605  0.00000605  0.00000595  0.00000605  0.00000534  0.00000434  0.00000408  0.00000605  0.00000434  0.00000534  0.00000408  0.00000595  0.00000408  0.00000408  0.00000693  
0.00000605  0.00000282  0.00000506  0.00000338  0.00000384  0.00000279  0.00000249  0.00000336  0.00000514  0.00000204  0.00000308  0.00000329  0.00000288  0.00000396  0.00000205  0.00000408  
0.00000605  0.00000506  0.00000282  0.00000338  0.00000514  0.00000308  0.00000204  0.00000329  0.00000384  0.00000249  0.00000279  0.00000336  0.00000288  0.00000205  0.00000396  0.00000408  
0.00000595  0.00000338  0.00000338  0.00000628  0.00000288  0.00000367  0.00000274  0.00000338  0.00000288  0.00000274  0.00000367  0.00000338  0.00000700  0.00000288  0.00000288  0.00000595  
0.00000605  0.00000384  0.00000514  0.00000288  0.00000282  0.00000279  0.00000204  0.00000396  0.00000506  0.00000249  0.00000308  0.00000205  0.00000338  0.00000336  0.00000329  0.00000408  
0.00000534  0.00000279  0.00000308  0.00000367  0.00000279  0.00000614  0.00000369  0.00000279  0.00000308  0.00000369  0.00000631  0.00000308  0.00000367  0.00000279  0.00000308  0.00000534  
0.00000434  0.00000249  0.00000204  0.00000274  0.00000204  0.00000369  0.00000428  0.00000204  0.00000249  0.00000427  0.00000369  0.00000249  0.00000274  0.00000249  0.00000204  0.00000434  
0.00000408  0.00000336  0.00000329  0.00000338  0.00000396  0.00000279  0.00000204  0.00000282  0.00000205  0.00000249  0.00000308  0.00000506  0.00000288  0.00000384  0.00000514  0.00000605  
0.00000605  0.00000514  0.00000384  0.00000288  0.00000506  0.00000308  0.00000249  0.00000205  0.00000282  0.00000204  0.00000279  0.00000396  0.00000338  0.00000329  0.00000336  0.00000408  
0.00000434  0.00000204  0.00000249  0.00000274  0.00000249  0.00000369  0.00000427  0.00000249  0.00000204  0.00000428  0.00000369  0.00000204  0.00000274  0.00000204  0.00000249  0.00000434  
0.00000534  0.00000308  0.00000279  0.00000367  0.00000308  0.00000631  0.00000369  0.00000308  0.00000279  0.00000369  0.00000614  0.00000279  0.00000367  0.00000308  0.00000279  0.00000534  
0.00000408  0.00000329  0.00000336  0.00000338  0.00000205  0.00000308  0.00000249  0.00000506  0.00000396  0.00000204  0.00000279  0.00000282  0.00000288  0.00000514  0.00000384  0.00000605  
0.00000595  0.00000288  0.00000288  0.00000700  0.00000338  0.00000367  0.00000274  0.00000288  0.00000338  0.00000274  0.00000367  0.00000288  0.00000628  0.00000338  0.00000338  0.00000595  
0.00000408  0.00000396  0.00000205  0.00000288  0.00000336  0.00000279  0.00000249  0.00000384  0.00000329  0.00000204  0.00000308  0.00000514  0.00000338  0.00000282  0.00000506  0.00000605  
0.00000408  0.00000205  0.00000396  0.00000288  0.00000329  0.00000308  0.00000204  0.00000514  0.00000336  0.00000249  0.00000279  0.00000384  0.00000338  0.00000506  0.00000282  0.00000605  
0.00000693  0.00000408  0.00000408  0.00000595  0.00000408  0.00000534  0.00000434  0.00000605  0.00000408  0.00000434  0.00000534  0.00000605  0.00000595  0.00000605  0.00000605  0.00001123  
