0.21757233  0.10692605  0.08349788  0.09237073  0.08349788  0.04820118  0.06907830  0.09511307  0.10692605  0.05659345  0.04820118  0.06016764  0.09237073  0.06016764  0.09511307  0.14372731  
0.10692605  0.06330183  0.04263010  0.05791778  0.04173909  0.02940905  0.03641908  0.06130257  0.05360062  0.03447728  0.02536425  0.03892683  0.04749098  0.03803106  0.05166183  0.09511307  
0.08349788  0.04263010  0.03236816  0.03739522  0.03224291  0.01943030  0.02703026  0.03892683  0.04173909  0.02305484  0.01905293  0.02494414  0.03642747  0.02486253  0.03803106  0.06016764  
0.09237073  0.05791778  0.03739522  0.05406609  0.03642747  0.02730261  0.03246837  0.05791778  0.04749098  0.03246837  0.02293710  0.03739522  0.04275014  0.03642747  0.04749098  0.09237073  
0.08349788  0.04173909  0.03224291  0.03642747  0.03236816  0.01905293  0.02703026  0.03803106  0.04263010  0.02305484  0.01943030  0.02486253  0.03739522  0.02494414  0.03892683  0.06016764  
0.04820118  0.02940905  0.01943030  0.02730261  0.01905293  0.01392869  0.01690627  0.02940905  0.02536425  0.01690627  0.01221180  0.01943030  0.02293710  0.01905293  0.02536425  0.04820118  
0.06907830  0.03641908  0.02703026  0.03246837  0.02703026  0.01690627  0.02309290  0.03447728  0.03641908  0.02087512  0.01690627  0.02305484  0.03246837  0.02305484  0.03447728  0.05659345  
0.09511307  0.06130257  0.03892683  0.05791778  0.03803106  0.02940905  0.03447728  0.06330183  0.05166183  0.03641908  0.02536425  0.04263010  0.04749098  0.04173909  0.05360062  0.10692605  
0.10692605  0.05360062  0.04173909  0.04749098  0.04263010  0.02536425  0.03641908  0.05166183  0.06330183  0.03447728  0.02940905  0.03803106  0.05791778  0.03892683  0.06130257  0.09511307  
0.05659345  0.03447728  0.02305484  0.03246837  0.02305484  0.01690627  0.02087512  0.03641908  0.03447728  0.02309290  0.01690627  0.02703026  0.03246837  0.02703026  0.03641908  0.06907830  
0.04820118  0.02536425  0.01905293  0.02293710  0.01943030  0.01221180  0.01690627  0.02536425  0.02940905  0.01690627  0.01392869  0.01905293  0.02730261  0.01943030  0.02940905  0.04820118  
0.06016764  0.03892683  0.02494414  0.03739522  0.02486253  0.01943030  0.02305484  0.04263010  0.03803106  0.02703026  0.01905293  0.03236816  0.03642747  0.03224291  0.04173909  0.08349788  
0.09237073  0.04749098  0.03642747  0.04275014  0.03739522  0.02293710  0.03246837  0.04749098  0.05791778  0.03246837  0.02730261  0.03642747  0.05406609  0.03739522  0.05791778  0.09237073  
0.06016764  0.03803106  0.02486253  0.03642747  0.02494414  0.01905293  0.02305484  0.04173909  0.03892683  0.02703026  0.01943030  0.03224291  0.03739522  0.03236816  0.04263010  0.08349788  
0.09511307  0.05166183  0.03803106  0.04749098  0.03892683  0.02536425  0.03447728  0.05360062  0.06130257  0.03641908  0.02940905  0.04173909  0.05791778  0.04263010  0.06330183  0.10692605  
0.14372731  0.09511307  0.06016764  0.09237073  0.06016764  0.04820118  0.05659345  0.10692605  0.09511307  0.06907830  0.04820118  0.08349788  0.09237073  0.08349788  0.10692605  0.21757233  
