0.00001544  0.00000970  0.00000511  0.00000904  0.00000511  0.00000546  0.00000890  0.00000869  0.00000970  0.00000936  0.00000546  0.00000678  0.00000904  0.00000678  0.00000869  0.00001944  
0.00000970  0.00000594  0.00000590  0.00000515  0.00000409  0.00000320  0.00000553  0.00000521  0.00000859  0.00000353  0.00000366  0.00000315  0.00000542  0.00000479  0.00000697  0.00000869  
0.00000511  0.00000590  0.00000422  0.00000493  0.00000424  0.00000276  0.00000297  0.00000315  0.00000409  0.00000321  0.00000254  0.00000331  0.00000483  0.00000476  0.00000479  0.00000678  
0.00000904  0.00000515  0.00000493  0.00000835  0.00000483  0.00000444  0.00000435  0.00000515  0.00000542  0.00000435  0.00000380  0.00000493  0.00000800  0.00000483  0.00000542  0.00000904  
0.00000511  0.00000409  0.00000424  0.00000483  0.00000422  0.00000254  0.00000297  0.00000479  0.00000590  0.00000321  0.00000276  0.00000476  0.00000493  0.00000331  0.00000315  0.00000678  
0.00000546  0.00000320  0.00000276  0.00000444  0.00000254  0.00000310  0.00000264  0.00000320  0.00000366  0.00000264  0.00000311  0.00000276  0.00000380  0.00000254  0.00000366  0.00000546  
0.00000890  0.00000553  0.00000297  0.00000435  0.00000297  0.00000264  0.00000560  0.00000353  0.00000553  0.00000532  0.00000264  0.00000321  0.00000435  0.00000321  0.00000353  0.00000936  
0.00000869  0.00000521  0.00000315  0.00000515  0.00000479  0.00000320  0.00000353  0.00000594  0.00000697  0.00000553  0.00000366  0.00000590  0.00000542  0.00000409  0.00000859  0.00000970  
0.00000970  0.00000859  0.00000409  0.00000542  0.00000590  0.00000366  0.00000553  0.00000697  0.00000594  0.00000353  0.00000320  0.00000479  0.00000515  0.00000315  0.00000521  0.00000869  
0.00000936  0.00000353  0.00000321  0.00000435  0.00000321  0.00000264  0.00000532  0.00000553  0.00000353  0.00000560  0.00000264  0.00000297  0.00000435  0.00000297  0.00000553  0.00000890  
0.00000546  0.00000366  0.00000254  0.00000380  0.00000276  0.00000311  0.00000264  0.00000366  0.00000320  0.00000264  0.00000310  0.00000254  0.00000444  0.00000276  0.00000320  0.00000546  
0.00000678  0.00000315  0.00000331  0.00000493  0.00000476  0.00000276  0.00000321  0.00000590  0.00000479  0.00000297  0.00000254  0.00000422  0.00000483  0.00000424  0.00000409  0.00000511  
0.00000904  0.00000542  0.00000483  0.00000800  0.00000493  0.00000380  0.00000435  0.00000542  0.00000515  0.00000435  0.00000444  0.00000483  0.00000835  0.00000493  0.00000515  0.00000904  
0.00000678  0.00000479  0.00000476  0.00000483  0.00000331  0.00000254  0.00000321  0.00000409  0.00000315  0.00000297  0.00000276  0.00000424  0.00000493  0.00000422  0.00000590  0.00000511  
0.00000869  0.00000697  0.00000479  0.00000542  0.00000315  0.00000366  0.00000353  0.00000859  0.00000521  0.00000553  0.00000320  0.00000409  0.00000515  0.00000590  0.00000594  0.00000970  
0.00001944  0.00000869  0.00000678  0.00000904  0.00000678  0.00000546  0.00000936  0.00000970  0.00000869  0.00000890  0.00000546  0.00000511  0.00000904  0.00000511  0.00000970  0.00001544  
