0.00002140  0.00001051  0.00001051  0.00001539  0.00001051  0.00001182  0.00001042  0.00001383  0.00001051  0.00001042  0.00001182  0.00001383  0.00001539  0.00001383  0.00001383  0.00002699  
0.00001051  0.00000854  0.00001085  0.00000797  0.00000938  0.00000858  0.00000786  0.00001049  0.00001326  0.00000679  0.00001024  0.00001210  0.00001070  0.00001033  0.00001266  0.00001383  
0.00001051  0.00001085  0.00000854  0.00000797  0.00001326  0.00001024  0.00000679  0.00001210  0.00000938  0.00000786  0.00000858  0.00001049  0.00001070  0.00001266  0.00001033  0.00001383  
0.00001539  0.00000797  0.00000797  0.00001738  0.00001070  0.00001043  0.00000953  0.00000797  0.00001070  0.00000953  0.00001043  0.00000797  0.00002095  0.00001070  0.00001070  0.00001539  
0.00001051  0.00000938  0.00001326  0.00001070  0.00000854  0.00000858  0.00000679  0.00001033  0.00001085  0.00000786  0.00001024  0.00001266  0.00000797  0.00001049  0.00001210  0.00001383  
0.00001182  0.00000858  0.00001024  0.00001043  0.00000858  0.00002010  0.00000864  0.00000858  0.00001024  0.00000864  0.00002033  0.00001024  0.00001043  0.00000858  0.00001024  0.00001182  
0.00001042  0.00000786  0.00000679  0.00000953  0.00000679  0.00000864  0.00001556  0.00000679  0.00000786  0.00001323  0.00000864  0.00000786  0.00000953  0.00000786  0.00000679  0.00001042  
0.00001383  0.00001049  0.00001210  0.00000797  0.00001033  0.00000858  0.00000679  0.00000854  0.00001266  0.00000786  0.00001024  0.00001085  0.00001070  0.00000938  0.00001326  0.00001051  
0.00001051  0.00001326  0.00000938  0.00001070  0.00001085  0.00001024  0.00000786  0.00001266  0.00000854  0.00000679  0.00000858  0.00001033  0.00000797  0.00001210  0.00001049  0.00001383  
0.00001042  0.00000679  0.00000786  0.00000953  0.00000786  0.00000864  0.00001323  0.00000786  0.00000679  0.00001556  0.00000864  0.00000679  0.00000953  0.00000679  0.00000786  0.00001042  
0.00001182  0.00001024  0.00000858  0.00001043  0.00001024  0.00002033  0.00000864  0.00001024  0.00000858  0.00000864  0.00002010  0.00000858  0.00001043  0.00001024  0.00000858  0.00001182  
0.00001383  0.00001210  0.00001049  0.00000797  0.00001266  0.00001024  0.00000786  0.00001085  0.00001033  0.00000679  0.00000858  0.00000854  0.00001070  0.00001326  0.00000938  0.00001051  
0.00001539  0.00001070  0.00001070  0.00002095  0.00000797  0.00001043  0.00000953  0.00001070  0.00000797  0.00000953  0.00001043  0.00001070  0.00001738  0.00000797  0.00000797  0.00001539  
0.00001383  0.00001033  0.00001266  0.00001070  0.00001049  0.00000858  0.00000786  0.00000938  0.00001210  0.00000679  0.00001024  0.00001326  0.00000797  0.00000854  0.00001085  0.00001051  
0.00001383  0.00001266  0.00001033  0.00001070  0.00001210  0.00001024  0.00000679  0.00001326  0.00001049  0.00000786  0.00000858  0.00000938  0.00000797  0.00001085  0.00000854  0.00001051  
0.00002699  0.00001383  0.00001383  0.00001539  0.00001383  0.00001182  0.00001042  0.00001051  0.00001383  0.00001042  0.00001182  0.00001051  0.00001539  0.00001051  0.00001051  0.00002140  
