0.43052538  0.08136425  0.07821470  0.03063640  0.07821470  0.01551516  0.02877793  0.01530256  0.08136425  0.01583707  0.01551516  0.00743888  0.03063640  0.00743888  0.01530256  0.01507191  
0.08136425  0.01636288  0.01494907  0.00705256  0.01492598  0.00350998  0.00590745  0.00555639  0.01572495  0.00391718  0.00336525  0.00371796  0.00663137  0.00369327  0.00520941  0.01530256  
0.07821470  0.01494907  0.01428052  0.00592679  0.01426906  0.00299624  0.00540605  0.00371796  0.01492598  0.00319091  0.00298900  0.00220859  0.00590631  0.00220659  0.00369327  0.00743888  
0.03063640  0.00705256  0.00592679  0.00457474  0.00590631  0.00225821  0.00313031  0.00705256  0.00663137  0.00313031  0.00213327  0.00592679  0.00420193  0.00590631  0.00663137  0.03063640  
0.07821470  0.01492598  0.01426906  0.00590631  0.01428052  0.00298900  0.00540605  0.00369327  0.01494907  0.00319091  0.00299624  0.00220659  0.00592679  0.00220859  0.00371796  0.00743888  
0.01551516  0.00350998  0.00299624  0.00225821  0.00298900  0.00113071  0.00157701  0.00350998  0.00336525  0.00157701  0.00108281  0.00299624  0.00213327  0.00298900  0.00336525  0.01551516  
0.02877793  0.00590745  0.00540605  0.00313031  0.00540605  0.00157701  0.00248238  0.00391718  0.00590745  0.00204205  0.00157701  0.00319091  0.00313031  0.00319091  0.00391718  0.01583707  
0.01530256  0.00555639  0.00371796  0.00705256  0.00369327  0.00350998  0.00391718  0.01636288  0.00520941  0.00590745  0.00336525  0.01494907  0.00663137  0.01492598  0.01572495  0.08136425  
0.08136425  0.01572495  0.01492598  0.00663137  0.01494907  0.00336525  0.00590745  0.00520941  0.01636288  0.00391718  0.00350998  0.00369327  0.00705256  0.00371796  0.00555639  0.01530256  
0.01583707  0.00391718  0.00319091  0.00313031  0.00319091  0.00157701  0.00204205  0.00590745  0.00391718  0.00248238  0.00157701  0.00540605  0.00313031  0.00540605  0.00590745  0.02877793  
0.01551516  0.00336525  0.00298900  0.00213327  0.00299624  0.00108281  0.00157701  0.00336525  0.00350998  0.00157701  0.00113071  0.00298900  0.00225821  0.00299624  0.00350998  0.01551516  
0.00743888  0.00371796  0.00220859  0.00592679  0.00220659  0.00299624  0.00319091  0.01494907  0.00369327  0.00540605  0.00298900  0.01428052  0.00590631  0.01426906  0.01492598  0.07821470  
0.03063640  0.00663137  0.00590631  0.00420193  0.00592679  0.00213327  0.00313031  0.00663137  0.00705256  0.00313031  0.00225821  0.00590631  0.00457474  0.00592679  0.00705256  0.03063640  
0.00743888  0.00369327  0.00220659  0.00590631  0.00220859  0.00298900  0.00319091  0.01492598  0.00371796  0.00540605  0.00299624  0.01426906  0.00592679  0.01428052  0.01494907  0.07821470  
0.01530256  0.00520941  0.00369327  0.00663137  0.00371796  0.00336525  0.00391718  0.01572495  0.00555639  0.00590745  0.00350998  0.01492598  0.00705256  0.01494907  0.01636288  0.08136425  
0.01507191  0.01530256  0.00743888  0.03063640  0.00743888  0.01551516  0.01583707  0.08136425  0.01530256  0.02877793  0.01551516  0.07821470  0.03063640  0.07821470  0.08136425  0.43052538  
