0.00000789  0.00000570  0.00000640  0.00000333  0.00000640  0.00000232  0.00000448  0.00000216  0.00000570  0.00000259  0.00000232  0.00000139  0.00000333  0.00000139  0.00000216  0.00000411  
0.00000570  0.00000271  0.00000201  0.00000100  0.00000169  0.00000085  0.00000094  0.00000173  0.00000370  0.00000086  0.00000069  0.00000093  0.00000114  0.00000103  0.00000139  0.00000216  
0.00000640  0.00000201  0.00000232  0.00000087  0.00000242  0.00000057  0.00000087  0.00000093  0.00000169  0.00000051  0.00000072  0.00000067  0.00000107  0.00000070  0.00000103  0.00000139  
0.00000333  0.00000100  0.00000087  0.00000144  0.00000107  0.00000091  0.00000066  0.00000100  0.00000114  0.00000066  0.00000072  0.00000087  0.00000180  0.00000107  0.00000114  0.00000333  
0.00000640  0.00000169  0.00000242  0.00000107  0.00000232  0.00000072  0.00000087  0.00000103  0.00000201  0.00000051  0.00000057  0.00000070  0.00000087  0.00000067  0.00000093  0.00000139  
0.00000232  0.00000085  0.00000057  0.00000091  0.00000072  0.00000062  0.00000042  0.00000085  0.00000069  0.00000042  0.00000052  0.00000057  0.00000072  0.00000072  0.00000069  0.00000232  
0.00000448  0.00000094  0.00000087  0.00000066  0.00000087  0.00000042  0.00000110  0.00000086  0.00000094  0.00000105  0.00000042  0.00000051  0.00000066  0.00000051  0.00000086  0.00000259  
0.00000216  0.00000173  0.00000093  0.00000100  0.00000103  0.00000085  0.00000086  0.00000271  0.00000139  0.00000094  0.00000069  0.00000201  0.00000114  0.00000169  0.00000370  0.00000570  
0.00000570  0.00000370  0.00000169  0.00000114  0.00000201  0.00000069  0.00000094  0.00000139  0.00000271  0.00000086  0.00000085  0.00000103  0.00000100  0.00000093  0.00000173  0.00000216  
0.00000259  0.00000086  0.00000051  0.00000066  0.00000051  0.00000042  0.00000105  0.00000094  0.00000086  0.00000110  0.00000042  0.00000087  0.00000066  0.00000087  0.00000094  0.00000448  
0.00000232  0.00000069  0.00000072  0.00000072  0.00000057  0.00000052  0.00000042  0.00000069  0.00000085  0.00000042  0.00000062  0.00000072  0.00000091  0.00000057  0.00000085  0.00000232  
0.00000139  0.00000093  0.00000067  0.00000087  0.00000070  0.00000057  0.00000051  0.00000201  0.00000103  0.00000087  0.00000072  0.00000232  0.00000107  0.00000242  0.00000169  0.00000640  
0.00000333  0.00000114  0.00000107  0.00000180  0.00000087  0.00000072  0.00000066  0.00000114  0.00000100  0.00000066  0.00000091  0.00000107  0.00000144  0.00000087  0.00000100  0.00000333  
0.00000139  0.00000103  0.00000070  0.00000107  0.00000067  0.00000072  0.00000051  0.00000169  0.00000093  0.00000087  0.00000057  0.00000242  0.00000087  0.00000232  0.00000201  0.00000640  
0.00000216  0.00000139  0.00000103  0.00000114  0.00000093  0.00000069  0.00000086  0.00000370  0.00000173  0.00000094  0.00000085  0.00000169  0.00000100  0.00000201  0.00000271  0.00000570  
0.00000411  0.00000216  0.00000139  0.00000333  0.00000139  0.00000232  0.00000259  0.00000570  0.00000216  0.00000448  0.00000232  0.00000640  0.00000333  0.00000640  0.00000570  0.00000789  
