0.07619329  0.06840534  0.06840534  0.06781206  0.06840534  0.06781523  0.06181011  0.06757871  0.06840534  0.06181011  0.06781523  0.06757871  0.06781206  0.06757871  0.06757871  0.07425816  
0.06840534  0.06219121  0.06158220  0.06162428  0.06157891  0.06162263  0.05569708  0.06148999  0.06151891  0.05611238  0.06106416  0.06142048  0.06105714  0.06141466  0.06092285  0.06757871  
0.06840534  0.06158220  0.06219121  0.06162428  0.06151891  0.06106416  0.05611238  0.06142048  0.06157891  0.05569708  0.06162263  0.06148999  0.06105714  0.06092285  0.06141466  0.06757871  
0.06781206  0.06162428  0.06162428  0.06185728  0.06105714  0.06119359  0.05577391  0.06162428  0.06105714  0.05577391  0.06119359  0.06162428  0.06065310  0.06105714  0.06105714  0.06781206  
0.06840534  0.06157891  0.06151891  0.06105714  0.06219121  0.06162263  0.05611238  0.06141466  0.06158220  0.05569708  0.06106416  0.06092285  0.06162428  0.06148999  0.06142048  0.06757871  
0.06781523  0.06162263  0.06106416  0.06119359  0.06162263  0.06186180  0.05577309  0.06162263  0.06106416  0.05577309  0.06068521  0.06106416  0.06119359  0.06162263  0.06106416  0.06781523  
0.06181011  0.05569708  0.05611238  0.05577391  0.05611238  0.05577309  0.05132279  0.05611238  0.05569708  0.05044786  0.05577309  0.05569708  0.05577391  0.05569708  0.05611238  0.06181011  
0.06757871  0.06148999  0.06142048  0.06162428  0.06141466  0.06162263  0.05611238  0.06219121  0.06092285  0.05569708  0.06106416  0.06158220  0.06105714  0.06157891  0.06151891  0.06840534  
0.06840534  0.06151891  0.06157891  0.06105714  0.06158220  0.06106416  0.05569708  0.06092285  0.06219121  0.05611238  0.06162263  0.06141466  0.06162428  0.06142048  0.06148999  0.06757871  
0.06181011  0.05611238  0.05569708  0.05577391  0.05569708  0.05577309  0.05044786  0.05569708  0.05611238  0.05132279  0.05577309  0.05611238  0.05577391  0.05611238  0.05569708  0.06181011  
0.06781523  0.06106416  0.06162263  0.06119359  0.06106416  0.06068521  0.05577309  0.06106416  0.06162263  0.05577309  0.06186180  0.06162263  0.06119359  0.06106416  0.06162263  0.06781523  
0.06757871  0.06142048  0.06148999  0.06162428  0.06092285  0.06106416  0.05569708  0.06158220  0.06141466  0.05611238  0.06162263  0.06219121  0.06105714  0.06151891  0.06157891  0.06840534  
0.06781206  0.06105714  0.06105714  0.06065310  0.06162428  0.06119359  0.05577391  0.06105714  0.06162428  0.05577391  0.06119359  0.06105714  0.06185728  0.06162428  0.06162428  0.06781206  
0.06757871  0.06141466  0.06092285  0.06105714  0.06148999  0.06162263  0.05569708  0.06157891  0.06142048  0.05611238  0.06106416  0.06151891  0.06162428  0.06219121  0.06158220  0.06840534  
0.06757871  0.06092285  0.06141466  0.06105714  0.06142048  0.06106416  0.05611238  0.06151891  0.06148999  0.05569708  0.06162263  0.06157891  0.06162428  0.06158220  0.06219121  0.06840534  
0.07425816  0.06757871  0.06757871  0.06781206  0.06757871  0.06781523  0.06181011  0.06840534  0.06757871  0.06181011  0.06781523  0.06840534  0.06781206  0.06840534  0.06840534  0.07619329  
