0.00002047  0.00001024  0.00001024  0.00001363  0.00001024  0.00001492  0.00001235  0.00001169  0.00001024  0.00001235  0.00001492  0.00001169  0.00001363  0.00001169  0.00001169  0.00002715  
0.00001024  0.00000932  0.00001521  0.00001023  0.00001408  0.00000982  0.00000969  0.00001338  0.00000767  0.00000672  0.00000935  0.00001231  0.00000954  0.00001308  0.00001410  0.00001169  
0.00001024  0.00001521  0.00000932  0.00001023  0.00000767  0.00000935  0.00000672  0.00001231  0.00001408  0.00000969  0.00000982  0.00001338  0.00000954  0.00001410  0.00001308  0.00001169  
0.00001363  0.00001023  0.00001023  0.00002164  0.00000954  0.00000947  0.00000803  0.00001023  0.00000954  0.00000803  0.00000947  0.00001023  0.00002211  0.00000954  0.00000954  0.00001363  
0.00001024  0.00001408  0.00000767  0.00000954  0.00000932  0.00000982  0.00000672  0.00001308  0.00001521  0.00000969  0.00000935  0.00001410  0.00001023  0.00001338  0.00001231  0.00001169  
0.00001492  0.00000982  0.00000935  0.00000947  0.00000982  0.00002024  0.00000947  0.00000982  0.00000935  0.00000947  0.00002033  0.00000935  0.00000947  0.00000982  0.00000935  0.00001492  
0.00001235  0.00000969  0.00000672  0.00000803  0.00000672  0.00000947  0.00001993  0.00000672  0.00000969  0.00001771  0.00000947  0.00000969  0.00000803  0.00000969  0.00000672  0.00001235  
0.00001169  0.00001338  0.00001231  0.00001023  0.00001308  0.00000982  0.00000672  0.00000932  0.00001410  0.00000969  0.00000935  0.00001521  0.00000954  0.00001408  0.00000767  0.00001024  
0.00001024  0.00000767  0.00001408  0.00000954  0.00001521  0.00000935  0.00000969  0.00001410  0.00000932  0.00000672  0.00000982  0.00001308  0.00001023  0.00001231  0.00001338  0.00001169  
0.00001235  0.00000672  0.00000969  0.00000803  0.00000969  0.00000947  0.00001771  0.00000969  0.00000672  0.00001993  0.00000947  0.00000672  0.00000803  0.00000672  0.00000969  0.00001235  
0.00001492  0.00000935  0.00000982  0.00000947  0.00000935  0.00002033  0.00000947  0.00000935  0.00000982  0.00000947  0.00002024  0.00000982  0.00000947  0.00000935  0.00000982  0.00001492  
0.00001169  0.00001231  0.00001338  0.00001023  0.00001410  0.00000935  0.00000969  0.00001521  0.00001308  0.00000672  0.00000982  0.00000932  0.00000954  0.00000767  0.00001408  0.00001024  
0.00001363  0.00000954  0.00000954  0.00002211  0.00001023  0.00000947  0.00000803  0.00000954  0.00001023  0.00000803  0.00000947  0.00000954  0.00002164  0.00001023  0.00001023  0.00001363  
0.00001169  0.00001308  0.00001410  0.00000954  0.00001338  0.00000982  0.00000969  0.00001408  0.00001231  0.00000672  0.00000935  0.00000767  0.00001023  0.00000932  0.00001521  0.00001024  
0.00001169  0.00001410  0.00001308  0.00000954  0.00001231  0.00000935  0.00000672  0.00000767  0.00001338  0.00000969  0.00000982  0.00001408  0.00001023  0.00001521  0.00000932  0.00001024  
0.00002715  0.00001169  0.00001169  0.00001363  0.00001169  0.00001492  0.00001235  0.00001024  0.00001169  0.00001235  0.00001492  0.00001024  0.00001363  0.00001024  0.00001024  0.00002047  
