0.19536747  0.09811349  0.09811349  0.06274563  0.09811349  0.06274521  0.05240431  0.04560783  0.09811349  0.05240431  0.06274521  0.04560783  0.06274563  0.04560783  0.04560783  0.04911344  
0.09811349  0.05322855  0.05194809  0.03810063  0.05194340  0.03809223  0.03100670  0.03365936  0.05173585  0.03163390  0.03697585  0.03348177  0.03697132  0.03347521  0.03262902  0.04560783  
0.09811349  0.05194809  0.05322855  0.03810063  0.05173585  0.03697585  0.03163390  0.03348177  0.05194340  0.03100670  0.03809223  0.03365936  0.03697132  0.03262902  0.03347521  0.04560783  
0.06274563  0.03810063  0.03810063  0.03410622  0.03697132  0.03302977  0.02755393  0.03810063  0.03697132  0.02755393  0.03302977  0.03810063  0.03201732  0.03697132  0.03697132  0.06274563  
0.09811349  0.05194340  0.05173585  0.03697132  0.05322855  0.03809223  0.03163390  0.03347521  0.05194809  0.03100670  0.03697585  0.03262902  0.03810063  0.03365936  0.03348177  0.04560783  
0.06274521  0.03809223  0.03697585  0.03302977  0.03809223  0.03411415  0.02756298  0.03809223  0.03697585  0.02756298  0.03202997  0.03697585  0.03302977  0.03809223  0.03697585  0.06274521  
0.05240431  0.03100670  0.03163390  0.02755393  0.03163390  0.02756298  0.02349797  0.03163390  0.03100670  0.02254040  0.02756298  0.03100670  0.02755393  0.03100670  0.03163390  0.05240431  
0.04560783  0.03365936  0.03348177  0.03810063  0.03347521  0.03809223  0.03163390  0.05322855  0.03262902  0.03100670  0.03697585  0.05194809  0.03697132  0.05194340  0.05173585  0.09811349  
0.09811349  0.05173585  0.05194340  0.03697132  0.05194809  0.03697585  0.03100670  0.03262902  0.05322855  0.03163390  0.03809223  0.03347521  0.03810063  0.03348177  0.03365936  0.04560783  
0.05240431  0.03163390  0.03100670  0.02755393  0.03100670  0.02756298  0.02254040  0.03100670  0.03163390  0.02349797  0.02756298  0.03163390  0.02755393  0.03163390  0.03100670  0.05240431  
0.06274521  0.03697585  0.03809223  0.03302977  0.03697585  0.03202997  0.02756298  0.03697585  0.03809223  0.02756298  0.03411415  0.03809223  0.03302977  0.03697585  0.03809223  0.06274521  
0.04560783  0.03348177  0.03365936  0.03810063  0.03262902  0.03697585  0.03100670  0.05194809  0.03347521  0.03163390  0.03809223  0.05322855  0.03697132  0.05173585  0.05194340  0.09811349  
0.06274563  0.03697132  0.03697132  0.03201732  0.03810063  0.03302977  0.02755393  0.03697132  0.03810063  0.02755393  0.03302977  0.03697132  0.03410622  0.03810063  0.03810063  0.06274563  
0.04560783  0.03347521  0.03262902  0.03697132  0.03365936  0.03809223  0.03100670  0.05194340  0.03348177  0.03163390  0.03697585  0.05173585  0.03810063  0.05322855  0.05194809  0.09811349  
0.04560783  0.03262902  0.03347521  0.03697132  0.03348177  0.03697585  0.03163390  0.05173585  0.03365936  0.03100670  0.03809223  0.05194340  0.03810063  0.05194809  0.05322855  0.09811349  
0.04911344  0.04560783  0.04560783  0.06274563  0.04560783  0.06274521  0.05240431  0.09811349  0.04560783  0.05240431  0.06274521  0.09811349  0.06274563  0.09811349  0.09811349  0.19536747  
