0.00002994  0.00001059  0.00001059  0.00001124  0.00001059  0.00000907  0.00000795  0.00000665  0.00001059  0.00000795  0.00000907  0.00000665  0.00001124  0.00000665  0.00000665  0.00001791  
0.00001059  0.00000691  0.00000901  0.00000427  0.00000782  0.00000438  0.00000566  0.00000721  0.00000742  0.00000508  0.00000561  0.00000688  0.00000629  0.00000692  0.00000804  0.00000665  
0.00001059  0.00000901  0.00000691  0.00000427  0.00000742  0.00000561  0.00000508  0.00000688  0.00000782  0.00000566  0.00000438  0.00000721  0.00000629  0.00000804  0.00000692  0.00000665  
0.00001124  0.00000427  0.00000427  0.00001034  0.00000629  0.00000513  0.00000617  0.00000427  0.00000629  0.00000617  0.00000513  0.00000427  0.00001061  0.00000629  0.00000629  0.00001124  
0.00001059  0.00000782  0.00000742  0.00000629  0.00000691  0.00000438  0.00000508  0.00000692  0.00000901  0.00000566  0.00000561  0.00000804  0.00000427  0.00000721  0.00000688  0.00000665  
0.00000907  0.00000438  0.00000561  0.00000513  0.00000438  0.00000989  0.00000516  0.00000438  0.00000561  0.00000516  0.00001265  0.00000561  0.00000513  0.00000438  0.00000561  0.00000907  
0.00000795  0.00000566  0.00000508  0.00000617  0.00000508  0.00000516  0.00000894  0.00000508  0.00000566  0.00000938  0.00000516  0.00000566  0.00000617  0.00000566  0.00000508  0.00000795  
0.00000665  0.00000721  0.00000688  0.00000427  0.00000692  0.00000438  0.00000508  0.00000691  0.00000804  0.00000566  0.00000561  0.00000901  0.00000629  0.00000782  0.00000742  0.00001059  
0.00001059  0.00000742  0.00000782  0.00000629  0.00000901  0.00000561  0.00000566  0.00000804  0.00000691  0.00000508  0.00000438  0.00000692  0.00000427  0.00000688  0.00000721  0.00000665  
0.00000795  0.00000508  0.00000566  0.00000617  0.00000566  0.00000516  0.00000938  0.00000566  0.00000508  0.00000894  0.00000516  0.00000508  0.00000617  0.00000508  0.00000566  0.00000795  
0.00000907  0.00000561  0.00000438  0.00000513  0.00000561  0.00001265  0.00000516  0.00000561  0.00000438  0.00000516  0.00000989  0.00000438  0.00000513  0.00000561  0.00000438  0.00000907  
0.00000665  0.00000688  0.00000721  0.00000427  0.00000804  0.00000561  0.00000566  0.00000901  0.00000692  0.00000508  0.00000438  0.00000691  0.00000629  0.00000742  0.00000782  0.00001059  
0.00001124  0.00000629  0.00000629  0.00001061  0.00000427  0.00000513  0.00000617  0.00000629  0.00000427  0.00000617  0.00000513  0.00000629  0.00001034  0.00000427  0.00000427  0.00001124  
0.00000665  0.00000692  0.00000804  0.00000629  0.00000721  0.00000438  0.00000566  0.00000782  0.00000688  0.00000508  0.00000561  0.00000742  0.00000427  0.00000691  0.00000901  0.00001059  
0.00000665  0.00000804  0.00000692  0.00000629  0.00000688  0.00000561  0.00000508  0.00000742  0.00000721  0.00000566  0.00000438  0.00000782  0.00000427  0.00000901  0.00000691  0.00001059  
0.00001791  0.00000665  0.00000665  0.00001124  0.00000665  0.00000907  0.00000795  0.00001059  0.00000665  0.00000795  0.00000907  0.00001059  0.00001124  0.00001059  0.00001059  0.00002994  
