0.13227763  0.12796633  0.12796633  0.12439316  0.12472144  0.12780637  0.12780637  0.13128764  
0.12796633  0.12468629  0.12429020  0.12108272  0.12093610  0.12436280  0.12408529  0.12780637  
0.12796633  0.12429020  0.12468629  0.12108272  0.12093610  0.12408529  0.12436280  0.12780637  
0.12439316  0.12108272  0.12108272  0.11834979  0.11755863  0.12093610  0.12093610  0.12472144  
0.12472144  0.12093610  0.12093610  0.11755863  0.11834979  0.12108272  0.12108272  0.12439316  
0.12780637  0.12436280  0.12408529  0.12093610  0.12108272  0.12468629  0.12429020  0.12796633  
0.12780637  0.12408529  0.12436280  0.12093610  0.12108272  0.12429020  0.12468629  0.12796633  
0.13128764  0.12780637  0.12780637  0.12472144  0.12439316  0.12796633  0.12796633  0.13227763  
