0.00004554  0.00002948  0.00002948  0.00004115  0.00004252  0.00004323  0.00004323  0.00005691  
0.00002948  0.00002616  0.00003754  0.00002707  0.00003128  0.00003180  0.00004753  0.00004323  
0.00002948  0.00003754  0.00002616  0.00002707  0.00003128  0.00004753  0.00003180  0.00004323  
0.00004115  0.00002707  0.00002707  0.00004648  0.00005707  0.00003128  0.00003128  0.00004252  
0.00004252  0.00003128  0.00003128  0.00005707  0.00004648  0.00002707  0.00002707  0.00004115  
0.00004323  0.00003180  0.00004753  0.00003128  0.00002707  0.00002616  0.00003754  0.00002948  
0.00004323  0.00004753  0.00003180  0.00003128  0.00002707  0.00003754  0.00002616  0.00002948  
0.00005691  0.00004323  0.00004323  0.00004252  0.00004115  0.00002948  0.00002948  0.00004554  
