0.00003513  0.00001424  0.00001424  0.00001970  0.00001424  0.00001823  0.00002169  0.00001548  0.00001424  0.00002169  0.00001823  0.00001548  0.00001970  0.00001548  0.00001548  0.00003594  
0.00001424  0.00001370  0.00002185  0.00001423  0.00001589  0.00001226  0.00001742  0.00001693  0.00001697  0.00001761  0.00001493  0.00002478  0.00001399  0.00001879  0.00001565  0.00001548  
0.00001424  0.00002185  0.00001370  0.00001423  0.00001697  0.00001493  0.00001761  0.00002478  0.00001589  0.00001742  0.00001226  0.00001693  0.00001399  0.00001565  0.00001879  0.00001548  
0.00001970  0.00001423  0.00001423  0.00003112  0.00001399  0.00001792  0.00001816  0.00001423  0.00001399  0.00001816  0.00001792  0.00001423  0.00003508  0.00001399  0.00001399  0.00001970  
0.00001424  0.00001589  0.00001697  0.00001399  0.00001370  0.00001226  0.00001761  0.00001879  0.00002185  0.00001742  0.00001493  0.00001565  0.00001423  0.00001693  0.00002478  0.00001548  
0.00001823  0.00001226  0.00001493  0.00001792  0.00001226  0.00002751  0.00001708  0.00001226  0.00001493  0.00001708  0.00003407  0.00001493  0.00001792  0.00001226  0.00001493  0.00001823  
0.00002169  0.00001742  0.00001761  0.00001816  0.00001761  0.00001708  0.00002791  0.00001761  0.00001742  0.00002892  0.00001708  0.00001742  0.00001816  0.00001742  0.00001761  0.00002169  
0.00001548  0.00001693  0.00002478  0.00001423  0.00001879  0.00001226  0.00001761  0.00001370  0.00001565  0.00001742  0.00001493  0.00002185  0.00001399  0.00001589  0.00001697  0.00001424  
0.00001424  0.00001697  0.00001589  0.00001399  0.00002185  0.00001493  0.00001742  0.00001565  0.00001370  0.00001761  0.00001226  0.00001879  0.00001423  0.00002478  0.00001693  0.00001548  
0.00002169  0.00001761  0.00001742  0.00001816  0.00001742  0.00001708  0.00002892  0.00001742  0.00001761  0.00002791  0.00001708  0.00001761  0.00001816  0.00001761  0.00001742  0.00002169  
0.00001823  0.00001493  0.00001226  0.00001792  0.00001493  0.00003407  0.00001708  0.00001493  0.00001226  0.00001708  0.00002751  0.00001226  0.00001792  0.00001493  0.00001226  0.00001823  
0.00001548  0.00002478  0.00001693  0.00001423  0.00001565  0.00001493  0.00001742  0.00002185  0.00001879  0.00001761  0.00001226  0.00001370  0.00001399  0.00001697  0.00001589  0.00001424  
0.00001970  0.00001399  0.00001399  0.00003508  0.00001423  0.00001792  0.00001816  0.00001399  0.00001423  0.00001816  0.00001792  0.00001399  0.00003112  0.00001423  0.00001423  0.00001970  
0.00001548  0.00001879  0.00001565  0.00001399  0.00001693  0.00001226  0.00001742  0.00001589  0.00002478  0.00001761  0.00001493  0.00001697  0.00001423  0.00001370  0.00002185  0.00001424  
0.00001548  0.00001565  0.00001879  0.00001399  0.00002478  0.00001493  0.00001761  0.00001697  0.00001693  0.00001742  0.00001226  0.00001589  0.00001423  0.00002185  0.00001370  0.00001424  
0.00003594  0.00001548  0.00001548  0.00001970  0.00001548  0.00001823  0.00002169  0.00001424  0.00001548  0.00002169  0.00001823  0.00001424  0.00001970  0.00001424  0.00001424  0.00003513  
