0.11245383  0.08771428  0.07371357  0.08582804  0.07371357  0.05984715  0.07182605  0.08721161  0.08771428  0.06895512  0.05984715  0.07034003  0.08582804  0.07034003  0.08721161  0.10669751  
0.08771428  0.07131592  0.05774899  0.07006550  0.05755194  0.04869119  0.05632631  0.07124987  0.06846038  0.05607552  0.04690526  0.05745053  0.06703972  0.05725545  0.06841188  0.08721161  
0.07371357  0.05774899  0.04837001  0.05653608  0.04833843  0.03940900  0.04712382  0.05745053  0.05755194  0.04543147  0.03928528  0.04636691  0.05632901  0.04635119  0.05725545  0.07034003  
0.08582804  0.07006550  0.05653608  0.06892166  0.05632901  0.04786259  0.05515629  0.07006550  0.06703972  0.05515629  0.04595824  0.05653608  0.06566870  0.05632901  0.06703972  0.08582804  
0.07371357  0.05755194  0.04833843  0.05632901  0.04837001  0.03928528  0.04712382  0.05725545  0.05774899  0.04543147  0.03940900  0.04635119  0.05653608  0.04636691  0.05745053  0.07034003  
0.05984715  0.04869119  0.03940900  0.04786259  0.03928528  0.03328777  0.03845678  0.04869119  0.04690526  0.03845678  0.03214616  0.03940900  0.04595824  0.03928528  0.04690526  0.05984715  
0.07182605  0.05632631  0.04712382  0.05515629  0.04712382  0.03845678  0.04596489  0.05607552  0.05632631  0.04450908  0.03845678  0.04543147  0.05515629  0.04543147  0.05607552  0.06895512  
0.08721161  0.07124987  0.05745053  0.07006550  0.05725545  0.04869119  0.05607552  0.07131592  0.06841188  0.05632631  0.04690526  0.05774899  0.06703972  0.05755194  0.06846038  0.08771428  
0.08771428  0.06846038  0.05755194  0.06703972  0.05774899  0.04690526  0.05632631  0.06841188  0.07131592  0.05607552  0.04869119  0.05725545  0.07006550  0.05745053  0.07124987  0.08721161  
0.06895512  0.05607552  0.04543147  0.05515629  0.04543147  0.03845678  0.04450908  0.05632631  0.05607552  0.04596489  0.03845678  0.04712382  0.05515629  0.04712382  0.05632631  0.07182605  
0.05984715  0.04690526  0.03928528  0.04595824  0.03940900  0.03214616  0.03845678  0.04690526  0.04869119  0.03845678  0.03328777  0.03928528  0.04786259  0.03940900  0.04869119  0.05984715  
0.07034003  0.05745053  0.04636691  0.05653608  0.04635119  0.03940900  0.04543147  0.05774899  0.05725545  0.04712382  0.03928528  0.04837001  0.05632901  0.04833843  0.05755194  0.07371357  
0.08582804  0.06703972  0.05632901  0.06566870  0.05653608  0.04595824  0.05515629  0.06703972  0.07006550  0.05515629  0.04786259  0.05632901  0.06892166  0.05653608  0.07006550  0.08582804  
0.07034003  0.05725545  0.04635119  0.05632901  0.04636691  0.03928528  0.04543147  0.05755194  0.05745053  0.04712382  0.03940900  0.04833843  0.05653608  0.04837001  0.05774899  0.07371357  
0.08721161  0.06841188  0.05725545  0.06703972  0.05745053  0.04690526  0.05607552  0.06846038  0.07124987  0.05632631  0.04869119  0.05755194  0.07006550  0.05774899  0.07131592  0.08771428  
0.10669751  0.08721161  0.07034003  0.08582804  0.07034003  0.05984715  0.06895512  0.08771428  0.08721161  0.07182605  0.05984715  0.07371357  0.08582804  0.07371357  0.08771428  0.11245383  
