0.00000438  0.00000333  0.00000213  0.00000290  0.00000213  0.00000204  0.00000329  0.00000274  0.00000333  0.00000289  0.00000204  0.00000204  0.00000290  0.00000204  0.00000274  0.00000586  
0.00000333  0.00000257  0.00000191  0.00000198  0.00000203  0.00000173  0.00000179  0.00000313  0.00000304  0.00000190  0.00000186  0.00000159  0.00000294  0.00000189  0.00000295  0.00000274  
0.00000213  0.00000191  0.00000201  0.00000151  0.00000264  0.00000173  0.00000181  0.00000159  0.00000203  0.00000190  0.00000141  0.00000235  0.00000212  0.00000255  0.00000189  0.00000204  
0.00000290  0.00000198  0.00000151  0.00000373  0.00000212  0.00000234  0.00000175  0.00000198  0.00000294  0.00000175  0.00000240  0.00000151  0.00000483  0.00000212  0.00000294  0.00000290  
0.00000213  0.00000203  0.00000264  0.00000212  0.00000201  0.00000141  0.00000181  0.00000189  0.00000191  0.00000190  0.00000173  0.00000255  0.00000151  0.00000235  0.00000159  0.00000204  
0.00000204  0.00000173  0.00000173  0.00000234  0.00000141  0.00000274  0.00000158  0.00000173  0.00000186  0.00000158  0.00000279  0.00000173  0.00000240  0.00000141  0.00000186  0.00000204  
0.00000329  0.00000179  0.00000181  0.00000175  0.00000181  0.00000158  0.00000323  0.00000190  0.00000179  0.00000255  0.00000158  0.00000190  0.00000175  0.00000190  0.00000190  0.00000289  
0.00000274  0.00000313  0.00000159  0.00000198  0.00000189  0.00000173  0.00000190  0.00000257  0.00000295  0.00000179  0.00000186  0.00000191  0.00000294  0.00000203  0.00000304  0.00000333  
0.00000333  0.00000304  0.00000203  0.00000294  0.00000191  0.00000186  0.00000179  0.00000295  0.00000257  0.00000190  0.00000173  0.00000189  0.00000198  0.00000159  0.00000313  0.00000274  
0.00000289  0.00000190  0.00000190  0.00000175  0.00000190  0.00000158  0.00000255  0.00000179  0.00000190  0.00000323  0.00000158  0.00000181  0.00000175  0.00000181  0.00000179  0.00000329  
0.00000204  0.00000186  0.00000141  0.00000240  0.00000173  0.00000279  0.00000158  0.00000186  0.00000173  0.00000158  0.00000274  0.00000141  0.00000234  0.00000173  0.00000173  0.00000204  
0.00000204  0.00000159  0.00000235  0.00000151  0.00000255  0.00000173  0.00000190  0.00000191  0.00000189  0.00000181  0.00000141  0.00000201  0.00000212  0.00000264  0.00000203  0.00000213  
0.00000290  0.00000294  0.00000212  0.00000483  0.00000151  0.00000240  0.00000175  0.00000294  0.00000198  0.00000175  0.00000234  0.00000212  0.00000373  0.00000151  0.00000198  0.00000290  
0.00000204  0.00000189  0.00000255  0.00000212  0.00000235  0.00000141  0.00000190  0.00000203  0.00000159  0.00000181  0.00000173  0.00000264  0.00000151  0.00000201  0.00000191  0.00000213  
0.00000274  0.00000295  0.00000189  0.00000294  0.00000159  0.00000186  0.00000190  0.00000304  0.00000313  0.00000179  0.00000173  0.00000203  0.00000198  0.00000191  0.00000257  0.00000333  
0.00000586  0.00000274  0.00000204  0.00000290  0.00000204  0.00000204  0.00000289  0.00000333  0.00000274  0.00000329  0.00000204  0.00000213  0.00000290  0.00000213  0.00000333  0.00000438  
