0.42829430  0.08350322  0.08350322  0.02183119  0.08350322  0.02183014  0.01645709  0.00630233  0.08350322  0.01645709  0.02183014  0.00630233  0.02183119  0.00630233  0.00630233  0.00455635  
0.08350322  0.01647921  0.01635626  0.00457352  0.01635510  0.00457339  0.00341823  0.00230613  0.01634993  0.00344402  0.00453350  0.00230430  0.00453242  0.00230365  0.00228347  0.00630233  
0.08350322  0.01635626  0.01647921  0.00457352  0.01634993  0.00453350  0.00344402  0.00230430  0.01635510  0.00341823  0.00457339  0.00230613  0.00453242  0.00228347  0.00230365  0.00630233  
0.02183119  0.00457352  0.00457352  0.00225563  0.00453242  0.00222644  0.00167623  0.00457352  0.00453242  0.00167623  0.00222644  0.00457352  0.00220265  0.00453242  0.00453242  0.02183119  
0.08350322  0.01635510  0.01634993  0.00453242  0.01647921  0.00457339  0.00344402  0.00230365  0.01635626  0.00341823  0.00453350  0.00228347  0.00457352  0.00230613  0.00230430  0.00630233  
0.02183014  0.00457339  0.00453350  0.00222644  0.00457339  0.00225570  0.00167706  0.00457339  0.00453350  0.00167706  0.00220541  0.00453350  0.00222644  0.00457339  0.00453350  0.02183014  
0.01645709  0.00341823  0.00344402  0.00167623  0.00344402  0.00167706  0.00127751  0.00344402  0.00341823  0.00125312  0.00167706  0.00341823  0.00167623  0.00341823  0.00344402  0.01645709  
0.00630233  0.00230613  0.00230430  0.00457352  0.00230365  0.00457339  0.00344402  0.01647921  0.00228347  0.00341823  0.00453350  0.01635626  0.00453242  0.01635510  0.01634993  0.08350322  
0.08350322  0.01634993  0.01635510  0.00453242  0.01635626  0.00453350  0.00341823  0.00228347  0.01647921  0.00344402  0.00457339  0.00230365  0.00457352  0.00230430  0.00230613  0.00630233  
0.01645709  0.00344402  0.00341823  0.00167623  0.00341823  0.00167706  0.00125312  0.00341823  0.00344402  0.00127751  0.00167706  0.00344402  0.00167623  0.00344402  0.00341823  0.01645709  
0.02183014  0.00453350  0.00457339  0.00222644  0.00453350  0.00220541  0.00167706  0.00453350  0.00457339  0.00167706  0.00225570  0.00457339  0.00222644  0.00453350  0.00457339  0.02183014  
0.00630233  0.00230430  0.00230613  0.00457352  0.00228347  0.00453350  0.00341823  0.01635626  0.00230365  0.00344402  0.00457339  0.01647921  0.00453242  0.01634993  0.01635510  0.08350322  
0.02183119  0.00453242  0.00453242  0.00220265  0.00457352  0.00222644  0.00167623  0.00453242  0.00457352  0.00167623  0.00222644  0.00453242  0.00225563  0.00457352  0.00457352  0.02183119  
0.00630233  0.00230365  0.00228347  0.00453242  0.00230613  0.00457339  0.00341823  0.01635510  0.00230430  0.00344402  0.00453350  0.01634993  0.00457352  0.01647921  0.01635626  0.08350322  
0.00630233  0.00228347  0.00230365  0.00453242  0.00230430  0.00453350  0.00344402  0.01634993  0.00230613  0.00341823  0.00457339  0.01635510  0.00457352  0.01635626  0.01647921  0.08350322  
0.00455635  0.00630233  0.00630233  0.02183119  0.00630233  0.02183014  0.01645709  0.08350322  0.00630233  0.01645709  0.02183014  0.08350322  0.02183119  0.08350322  0.08350322  0.42829430  
