0.00000895  0.00000719  0.00000719  0.00000377  0.00000719  0.00000274  0.00000278  0.00000109  0.00000719  0.00000278  0.00000274  0.00000109  0.00000377  0.00000109  0.00000109  0.00000299  
0.00000719  0.00000209  0.00000303  0.00000108  0.00000314  0.00000088  0.00000087  0.00000078  0.00000303  0.00000099  0.00000077  0.00000078  0.00000104  0.00000113  0.00000098  0.00000109  
0.00000719  0.00000303  0.00000209  0.00000108  0.00000303  0.00000077  0.00000099  0.00000078  0.00000314  0.00000087  0.00000088  0.00000078  0.00000104  0.00000098  0.00000113  0.00000109  
0.00000377  0.00000108  0.00000108  0.00000174  0.00000104  0.00000064  0.00000060  0.00000108  0.00000104  0.00000060  0.00000064  0.00000108  0.00000133  0.00000104  0.00000104  0.00000377  
0.00000719  0.00000314  0.00000303  0.00000104  0.00000209  0.00000088  0.00000099  0.00000113  0.00000303  0.00000087  0.00000077  0.00000098  0.00000108  0.00000078  0.00000078  0.00000109  
0.00000274  0.00000088  0.00000077  0.00000064  0.00000088  0.00000134  0.00000063  0.00000088  0.00000077  0.00000063  0.00000143  0.00000077  0.00000064  0.00000088  0.00000077  0.00000274  
0.00000278  0.00000087  0.00000099  0.00000060  0.00000099  0.00000063  0.00000078  0.00000099  0.00000087  0.00000094  0.00000063  0.00000087  0.00000060  0.00000087  0.00000099  0.00000278  
0.00000109  0.00000078  0.00000078  0.00000108  0.00000113  0.00000088  0.00000099  0.00000209  0.00000098  0.00000087  0.00000077  0.00000303  0.00000104  0.00000314  0.00000303  0.00000719  
0.00000719  0.00000303  0.00000314  0.00000104  0.00000303  0.00000077  0.00000087  0.00000098  0.00000209  0.00000099  0.00000088  0.00000113  0.00000108  0.00000078  0.00000078  0.00000109  
0.00000278  0.00000099  0.00000087  0.00000060  0.00000087  0.00000063  0.00000094  0.00000087  0.00000099  0.00000078  0.00000063  0.00000099  0.00000060  0.00000099  0.00000087  0.00000278  
0.00000274  0.00000077  0.00000088  0.00000064  0.00000077  0.00000143  0.00000063  0.00000077  0.00000088  0.00000063  0.00000134  0.00000088  0.00000064  0.00000077  0.00000088  0.00000274  
0.00000109  0.00000078  0.00000078  0.00000108  0.00000098  0.00000077  0.00000087  0.00000303  0.00000113  0.00000099  0.00000088  0.00000209  0.00000104  0.00000303  0.00000314  0.00000719  
0.00000377  0.00000104  0.00000104  0.00000133  0.00000108  0.00000064  0.00000060  0.00000104  0.00000108  0.00000060  0.00000064  0.00000104  0.00000174  0.00000108  0.00000108  0.00000377  
0.00000109  0.00000113  0.00000098  0.00000104  0.00000078  0.00000088  0.00000087  0.00000314  0.00000078  0.00000099  0.00000077  0.00000303  0.00000108  0.00000209  0.00000303  0.00000719  
0.00000109  0.00000098  0.00000113  0.00000104  0.00000078  0.00000077  0.00000099  0.00000303  0.00000078  0.00000087  0.00000088  0.00000314  0.00000108  0.00000303  0.00000209  0.00000719  
0.00000299  0.00000109  0.00000109  0.00000377  0.00000109  0.00000274  0.00000278  0.00000719  0.00000109  0.00000278  0.00000274  0.00000719  0.00000377  0.00000719  0.00000719  0.00000895  
