0.08608590  0.07198958  0.07198958  0.07004844  0.07198958  0.07004908  0.06107186  0.06914183  0.07198958  0.06107186  0.07004908  0.06914183  0.07004844  0.06914183  0.06914183  0.07941542  
0.07198958  0.06170974  0.06060930  0.06039906  0.06061426  0.06041393  0.05175731  0.06002670  0.06039523  0.05248071  0.05914343  0.05980862  0.05914663  0.05981384  0.05876973  0.06914183  
0.07198958  0.06060930  0.06170974  0.06039906  0.06039523  0.05914343  0.05248071  0.05980862  0.06061426  0.05175731  0.06041393  0.06002670  0.05914663  0.05876973  0.05981384  0.06914183  
0.07004844  0.06039906  0.06039906  0.06063519  0.05914663  0.05933938  0.05174125  0.06039906  0.05914663  0.05174125  0.05933938  0.06039906  0.05810099  0.05914663  0.05914663  0.07004844  
0.07198958  0.06061426  0.06039523  0.05914663  0.06170974  0.06041393  0.05248071  0.05981384  0.06060930  0.05175731  0.05914343  0.05876973  0.06039906  0.06002670  0.05980862  0.06914183  
0.07004908  0.06041393  0.05914343  0.05933938  0.06041393  0.06066363  0.05174889  0.06041393  0.05914343  0.05174889  0.05810985  0.05914343  0.05933938  0.06041393  0.05914343  0.07004908  
0.06107186  0.05175731  0.05248071  0.05174125  0.05248071  0.05174889  0.04577631  0.05248071  0.05175731  0.04451389  0.05174889  0.05175731  0.05174125  0.05175731  0.05248071  0.06107186  
0.06914183  0.06002670  0.05980862  0.06039906  0.05981384  0.06041393  0.05248071  0.06170974  0.05876973  0.05175731  0.05914343  0.06060930  0.05914663  0.06061426  0.06039523  0.07198958  
0.07198958  0.06039523  0.06061426  0.05914663  0.06060930  0.05914343  0.05175731  0.05876973  0.06170974  0.05248071  0.06041393  0.05981384  0.06039906  0.05980862  0.06002670  0.06914183  
0.06107186  0.05248071  0.05175731  0.05174125  0.05175731  0.05174889  0.04451389  0.05175731  0.05248071  0.04577631  0.05174889  0.05248071  0.05174125  0.05248071  0.05175731  0.06107186  
0.07004908  0.05914343  0.06041393  0.05933938  0.05914343  0.05810985  0.05174889  0.05914343  0.06041393  0.05174889  0.06066363  0.06041393  0.05933938  0.05914343  0.06041393  0.07004908  
0.06914183  0.05980862  0.06002670  0.06039906  0.05876973  0.05914343  0.05175731  0.06060930  0.05981384  0.05248071  0.06041393  0.06170974  0.05914663  0.06039523  0.06061426  0.07198958  
0.07004844  0.05914663  0.05914663  0.05810099  0.06039906  0.05933938  0.05174125  0.05914663  0.06039906  0.05174125  0.05933938  0.05914663  0.06063519  0.06039906  0.06039906  0.07004844  
0.06914183  0.05981384  0.05876973  0.05914663  0.06002670  0.06041393  0.05175731  0.06061426  0.05980862  0.05248071  0.05914343  0.06039523  0.06039906  0.06170974  0.06060930  0.07198958  
0.06914183  0.05876973  0.05981384  0.05914663  0.05980862  0.05914343  0.05248071  0.06039523  0.06002670  0.05175731  0.06041393  0.06061426  0.06039906  0.06060930  0.06170974  0.07198958  
0.07941542  0.06914183  0.06914183  0.07004844  0.06914183  0.07004908  0.06107186  0.07198958  0.06914183  0.06107186  0.07004908  0.07198958  0.07004844  0.07198958  0.07198958  0.08608590  
