0.00000865  0.00000414  0.00000414  0.00000456  0.00000414  0.00000541  0.00000488  0.00000440  0.00000414  0.00000488  0.00000541  0.00000440  0.00000456  0.00000440  0.00000440  0.00001176  
0.00000414  0.00000353  0.00000561  0.00000299  0.00000518  0.00000285  0.00000418  0.00000376  0.00000518  0.00000334  0.00000349  0.00000489  0.00000422  0.00000593  0.00000542  0.00000440  
0.00000414  0.00000561  0.00000353  0.00000299  0.00000518  0.00000349  0.00000334  0.00000489  0.00000518  0.00000418  0.00000285  0.00000376  0.00000422  0.00000542  0.00000593  0.00000440  
0.00000456  0.00000299  0.00000299  0.00000642  0.00000422  0.00000294  0.00000411  0.00000299  0.00000422  0.00000411  0.00000294  0.00000299  0.00000739  0.00000422  0.00000422  0.00000456  
0.00000414  0.00000518  0.00000518  0.00000422  0.00000353  0.00000285  0.00000334  0.00000593  0.00000561  0.00000418  0.00000349  0.00000542  0.00000299  0.00000376  0.00000489  0.00000440  
0.00000541  0.00000285  0.00000349  0.00000294  0.00000285  0.00000832  0.00000355  0.00000285  0.00000349  0.00000355  0.00000630  0.00000349  0.00000294  0.00000285  0.00000349  0.00000541  
0.00000488  0.00000418  0.00000334  0.00000411  0.00000334  0.00000355  0.00000787  0.00000334  0.00000418  0.00000680  0.00000355  0.00000418  0.00000411  0.00000418  0.00000334  0.00000488  
0.00000440  0.00000376  0.00000489  0.00000299  0.00000593  0.00000285  0.00000334  0.00000353  0.00000542  0.00000418  0.00000349  0.00000561  0.00000422  0.00000518  0.00000518  0.00000414  
0.00000414  0.00000518  0.00000518  0.00000422  0.00000561  0.00000349  0.00000418  0.00000542  0.00000353  0.00000334  0.00000285  0.00000593  0.00000299  0.00000489  0.00000376  0.00000440  
0.00000488  0.00000334  0.00000418  0.00000411  0.00000418  0.00000355  0.00000680  0.00000418  0.00000334  0.00000787  0.00000355  0.00000334  0.00000411  0.00000334  0.00000418  0.00000488  
0.00000541  0.00000349  0.00000285  0.00000294  0.00000349  0.00000630  0.00000355  0.00000349  0.00000285  0.00000355  0.00000832  0.00000285  0.00000294  0.00000349  0.00000285  0.00000541  
0.00000440  0.00000489  0.00000376  0.00000299  0.00000542  0.00000349  0.00000418  0.00000561  0.00000593  0.00000334  0.00000285  0.00000353  0.00000422  0.00000518  0.00000518  0.00000414  
0.00000456  0.00000422  0.00000422  0.00000739  0.00000299  0.00000294  0.00000411  0.00000422  0.00000299  0.00000411  0.00000294  0.00000422  0.00000642  0.00000299  0.00000299  0.00000456  
0.00000440  0.00000593  0.00000542  0.00000422  0.00000376  0.00000285  0.00000418  0.00000518  0.00000489  0.00000334  0.00000349  0.00000518  0.00000299  0.00000353  0.00000561  0.00000414  
0.00000440  0.00000542  0.00000593  0.00000422  0.00000489  0.00000349  0.00000334  0.00000518  0.00000376  0.00000418  0.00000285  0.00000518  0.00000299  0.00000561  0.00000353  0.00000414  
0.00001176  0.00000440  0.00000440  0.00000456  0.00000440  0.00000541  0.00000488  0.00000414  0.00000440  0.00000488  0.00000541  0.00000414  0.00000456  0.00000414  0.00000414  0.00000865  
