0.14382286  0.13163622  0.13163622  0.12221582  0.12458719  0.12992531  0.12992531  0.13745390  
0.13163622  0.12317104  0.12119595  0.11503197  0.11451706  0.12208216  0.12012808  0.12992531  
0.13163622  0.12119595  0.12317104  0.11503197  0.11451706  0.12012808  0.12208216  0.12992531  
0.12221582  0.11503197  0.11503197  0.10983507  0.10678223  0.11451706  0.11451706  0.12458719  
0.12458719  0.11451706  0.11451706  0.10678223  0.10983507  0.11503197  0.11503197  0.12221582  
0.12992531  0.12208216  0.12012808  0.11451706  0.11503197  0.12317104  0.12119595  0.13163622  
0.12992531  0.12012808  0.12208216  0.11451706  0.11503197  0.12119595  0.12317104  0.13163622  
0.13745390  0.12992531  0.12992531  0.12458719  0.12221582  0.13163622  0.13163622  0.14382286  
