0.00000306  0.00000293  0.00000293  0.00000347  0.00000297  0.00000355  0.00000355  0.00000527  
0.00000293  0.00000212  0.00000323  0.00000203  0.00000277  0.00000283  0.00000321  0.00000355  
0.00000293  0.00000323  0.00000212  0.00000203  0.00000277  0.00000321  0.00000283  0.00000355  
0.00000347  0.00000203  0.00000203  0.00000326  0.00000355  0.00000277  0.00000277  0.00000297  
0.00000297  0.00000277  0.00000277  0.00000355  0.00000326  0.00000203  0.00000203  0.00000347  
0.00000355  0.00000283  0.00000321  0.00000277  0.00000203  0.00000212  0.00000323  0.00000293  
0.00000355  0.00000321  0.00000283  0.00000277  0.00000203  0.00000323  0.00000212  0.00000293  
0.00000527  0.00000355  0.00000355  0.00000297  0.00000347  0.00000293  0.00000293  0.00000306  
