0.10071275  0.07702380  0.07702380  0.07424228  0.07702380  0.07424423  0.06058414  0.07363022  0.07702380  0.06058414  0.07424423  0.07363022  0.07424228  0.07363022  0.07363022  0.09204591  
0.07702380  0.06068460  0.05936677  0.05885939  0.05936950  0.05884217  0.04700697  0.05876917  0.05906986  0.04777744  0.05732233  0.05848747  0.05732728  0.05849306  0.05725774  0.07363022  
0.07702380  0.05936677  0.06068460  0.05885939  0.05906986  0.05732233  0.04777744  0.05848747  0.05936950  0.04700697  0.05884217  0.05876917  0.05732728  0.05725774  0.05849306  0.07363022  
0.07424228  0.05885939  0.05885939  0.05887795  0.05732728  0.05724179  0.04671910  0.05885939  0.05732728  0.04671910  0.05724179  0.05885939  0.05578102  0.05732728  0.05732728  0.07424228  
0.07702380  0.05936950  0.05906986  0.05732728  0.06068460  0.05884217  0.04777744  0.05849306  0.05936677  0.04700697  0.05732233  0.05725774  0.05885939  0.05876917  0.05848747  0.07363022  
0.07424423  0.05884217  0.05732233  0.05724179  0.05884217  0.05886572  0.04672054  0.05884217  0.05732233  0.04672054  0.05579206  0.05732233  0.05724179  0.05884217  0.05732233  0.07424423  
0.06058414  0.04700697  0.04777744  0.04671910  0.04777744  0.04672054  0.03880519  0.04777744  0.04700697  0.03753419  0.04672054  0.04700697  0.04671910  0.04700697  0.04777744  0.06058414  
0.07363022  0.05876917  0.05848747  0.05885939  0.05849306  0.05884217  0.04777744  0.06068460  0.05725774  0.04700697  0.05732233  0.05936677  0.05732728  0.05936950  0.05906986  0.07702380  
0.07702380  0.05906986  0.05936950  0.05732728  0.05936677  0.05732233  0.04700697  0.05725774  0.06068460  0.04777744  0.05884217  0.05849306  0.05885939  0.05848747  0.05876917  0.07363022  
0.06058414  0.04777744  0.04700697  0.04671910  0.04700697  0.04672054  0.03753419  0.04700697  0.04777744  0.03880519  0.04672054  0.04777744  0.04671910  0.04777744  0.04700697  0.06058414  
0.07424423  0.05732233  0.05884217  0.05724179  0.05732233  0.05579206  0.04672054  0.05732233  0.05884217  0.04672054  0.05886572  0.05884217  0.05724179  0.05732233  0.05884217  0.07424423  
0.07363022  0.05848747  0.05876917  0.05885939  0.05725774  0.05732233  0.04700697  0.05936677  0.05849306  0.04777744  0.05884217  0.06068460  0.05732728  0.05906986  0.05936950  0.07702380  
0.07424228  0.05732728  0.05732728  0.05578102  0.05885939  0.05724179  0.04671910  0.05732728  0.05885939  0.04671910  0.05724179  0.05732728  0.05887795  0.05885939  0.05885939  0.07424228  
0.07363022  0.05849306  0.05725774  0.05732728  0.05876917  0.05884217  0.04700697  0.05936950  0.05848747  0.04777744  0.05732233  0.05906986  0.05885939  0.06068460  0.05936677  0.07702380  
0.07363022  0.05725774  0.05849306  0.05732728  0.05848747  0.05732233  0.04777744  0.05906986  0.05876917  0.04700697  0.05884217  0.05936950  0.05885939  0.05936677  0.06068460  0.07702380  
0.09204591  0.07363022  0.07363022  0.07424228  0.07363022  0.07424423  0.06058414  0.07702380  0.07363022  0.06058414  0.07424423  0.07702380  0.07424228  0.07702380  0.07702380  0.10071275  
