0.00002165  0.00000752  0.00000752  0.00000955  0.00000752  0.00000847  0.00000910  0.00000947  0.00000752  0.00000910  0.00000847  0.00000947  0.00000955  0.00000947  0.00000947  0.00002120  
0.00000752  0.00000597  0.00001098  0.00000661  0.00000870  0.00000706  0.00000673  0.00000941  0.00001070  0.00000693  0.00000724  0.00000858  0.00000754  0.00000841  0.00001050  0.00000947  
0.00000752  0.00001098  0.00000597  0.00000661  0.00001070  0.00000724  0.00000693  0.00000858  0.00000870  0.00000673  0.00000706  0.00000941  0.00000754  0.00001050  0.00000841  0.00000947  
0.00000955  0.00000661  0.00000661  0.00001203  0.00000754  0.00001118  0.00000755  0.00000661  0.00000754  0.00000755  0.00001118  0.00000661  0.00001503  0.00000754  0.00000754  0.00000955  
0.00000752  0.00000870  0.00001070  0.00000754  0.00000597  0.00000706  0.00000693  0.00000841  0.00001098  0.00000673  0.00000724  0.00001050  0.00000661  0.00000941  0.00000858  0.00000947  
0.00000847  0.00000706  0.00000724  0.00001118  0.00000706  0.00001709  0.00000610  0.00000706  0.00000724  0.00000610  0.00001585  0.00000724  0.00001118  0.00000706  0.00000724  0.00000847  
0.00000910  0.00000673  0.00000693  0.00000755  0.00000693  0.00000610  0.00001333  0.00000693  0.00000673  0.00001412  0.00000610  0.00000673  0.00000755  0.00000673  0.00000693  0.00000910  
0.00000947  0.00000941  0.00000858  0.00000661  0.00000841  0.00000706  0.00000693  0.00000597  0.00001050  0.00000673  0.00000724  0.00001098  0.00000754  0.00000870  0.00001070  0.00000752  
0.00000752  0.00001070  0.00000870  0.00000754  0.00001098  0.00000724  0.00000673  0.00001050  0.00000597  0.00000693  0.00000706  0.00000841  0.00000661  0.00000858  0.00000941  0.00000947  
0.00000910  0.00000693  0.00000673  0.00000755  0.00000673  0.00000610  0.00001412  0.00000673  0.00000693  0.00001333  0.00000610  0.00000693  0.00000755  0.00000693  0.00000673  0.00000910  
0.00000847  0.00000724  0.00000706  0.00001118  0.00000724  0.00001585  0.00000610  0.00000724  0.00000706  0.00000610  0.00001709  0.00000706  0.00001118  0.00000724  0.00000706  0.00000847  
0.00000947  0.00000858  0.00000941  0.00000661  0.00001050  0.00000724  0.00000673  0.00001098  0.00000841  0.00000693  0.00000706  0.00000597  0.00000754  0.00001070  0.00000870  0.00000752  
0.00000955  0.00000754  0.00000754  0.00001503  0.00000661  0.00001118  0.00000755  0.00000754  0.00000661  0.00000755  0.00001118  0.00000754  0.00001203  0.00000661  0.00000661  0.00000955  
0.00000947  0.00000841  0.00001050  0.00000754  0.00000941  0.00000706  0.00000673  0.00000870  0.00000858  0.00000693  0.00000724  0.00001070  0.00000661  0.00000597  0.00001098  0.00000752  
0.00000947  0.00001050  0.00000841  0.00000754  0.00000858  0.00000724  0.00000693  0.00001070  0.00000941  0.00000673  0.00000706  0.00000870  0.00000661  0.00001098  0.00000597  0.00000752  
0.00002120  0.00000947  0.00000947  0.00000955  0.00000947  0.00000847  0.00000910  0.00000752  0.00000947  0.00000910  0.00000847  0.00000752  0.00000955  0.00000752  0.00000752  0.00002165  
