0.13446635  0.08513949  0.08513949  0.07577182  0.08513949  0.07577593  0.05744858  0.07258757  0.08513949  0.05744858  0.07577593  0.07258757  0.07577182  0.07258757  0.07258757  0.09866716  
0.08513949  0.05773699  0.05542390  0.05303445  0.05540959  0.05302677  0.03856725  0.05246846  0.05468879  0.03962648  0.05017823  0.05174271  0.05018026  0.05174941  0.04964242  0.07258757  
0.08513949  0.05542390  0.05773699  0.05303445  0.05468879  0.05017823  0.03962648  0.05174271  0.05540959  0.03856725  0.05302677  0.05246846  0.05018026  0.04964242  0.05174941  0.07258757  
0.07577182  0.05303445  0.05303445  0.05261812  0.05018026  0.04971445  0.03766520  0.05303445  0.05018026  0.03766520  0.04971445  0.05303445  0.04696838  0.05018026  0.05018026  0.07577182  
0.08513949  0.05540959  0.05468879  0.05018026  0.05773699  0.05302677  0.03962648  0.05174941  0.05542390  0.03856725  0.05017823  0.04964242  0.05303445  0.05246846  0.05174271  0.07258757  
0.07577593  0.05302677  0.05017823  0.04971445  0.05302677  0.05263467  0.03765449  0.05302677  0.05017823  0.03765449  0.04698557  0.05017823  0.04971445  0.05302677  0.05017823  0.07577593  
0.05744858  0.03856725  0.03962648  0.03766520  0.03962648  0.03765449  0.02933290  0.03962648  0.03856725  0.02776357  0.03765449  0.03856725  0.03766520  0.03856725  0.03962648  0.05744858  
0.07258757  0.05246846  0.05174271  0.05303445  0.05174941  0.05302677  0.03962648  0.05773699  0.04964242  0.03856725  0.05017823  0.05542390  0.05018026  0.05540959  0.05468879  0.08513949  
0.08513949  0.05468879  0.05540959  0.05018026  0.05542390  0.05017823  0.03856725  0.04964242  0.05773699  0.03962648  0.05302677  0.05174941  0.05303445  0.05174271  0.05246846  0.07258757  
0.05744858  0.03962648  0.03856725  0.03766520  0.03856725  0.03765449  0.02776357  0.03856725  0.03962648  0.02933290  0.03765449  0.03962648  0.03766520  0.03962648  0.03856725  0.05744858  
0.07577593  0.05017823  0.05302677  0.04971445  0.05017823  0.04698557  0.03765449  0.05017823  0.05302677  0.03765449  0.05263467  0.05302677  0.04971445  0.05017823  0.05302677  0.07577593  
0.07258757  0.05174271  0.05246846  0.05303445  0.04964242  0.05017823  0.03856725  0.05542390  0.05174941  0.03962648  0.05302677  0.05773699  0.05018026  0.05468879  0.05540959  0.08513949  
0.07577182  0.05018026  0.05018026  0.04696838  0.05303445  0.04971445  0.03766520  0.05018026  0.05303445  0.03766520  0.04971445  0.05018026  0.05261812  0.05303445  0.05303445  0.07577182  
0.07258757  0.05174941  0.04964242  0.05018026  0.05246846  0.05302677  0.03856725  0.05540959  0.05174271  0.03962648  0.05017823  0.05468879  0.05303445  0.05773699  0.05542390  0.08513949  
0.07258757  0.04964242  0.05174941  0.05018026  0.05174271  0.05017823  0.03962648  0.05468879  0.05246846  0.03856725  0.05302677  0.05540959  0.05303445  0.05542390  0.05773699  0.08513949  
0.09866716  0.07258757  0.07258757  0.07577182  0.07258757  0.07577593  0.05744858  0.08513949  0.07258757  0.05744858  0.07577593  0.08513949  0.07577182  0.08513949  0.08513949  0.13446635  
