0.00002502  0.00000907  0.00000907  0.00001110  0.00000907  0.00001190  0.00000809  0.00000792  0.00000907  0.00000809  0.00001190  0.00000792  0.00001110  0.00000792  0.00000792  0.00002214  
0.00000907  0.00000589  0.00001023  0.00000535  0.00000717  0.00000627  0.00000486  0.00000865  0.00000979  0.00000390  0.00000593  0.00000865  0.00000653  0.00000999  0.00000819  0.00000792  
0.00000907  0.00001023  0.00000589  0.00000535  0.00000979  0.00000593  0.00000390  0.00000865  0.00000717  0.00000486  0.00000627  0.00000865  0.00000653  0.00000819  0.00000999  0.00000792  
0.00001110  0.00000535  0.00000535  0.00001412  0.00000653  0.00000700  0.00000542  0.00000535  0.00000653  0.00000542  0.00000700  0.00000535  0.00001442  0.00000653  0.00000653  0.00001110  
0.00000907  0.00000717  0.00000979  0.00000653  0.00000589  0.00000627  0.00000390  0.00000999  0.00001023  0.00000486  0.00000593  0.00000819  0.00000535  0.00000865  0.00000865  0.00000792  
0.00001190  0.00000627  0.00000593  0.00000700  0.00000627  0.00001312  0.00000578  0.00000627  0.00000593  0.00000578  0.00001602  0.00000593  0.00000700  0.00000627  0.00000593  0.00001190  
0.00000809  0.00000486  0.00000390  0.00000542  0.00000390  0.00000578  0.00001174  0.00000390  0.00000486  0.00000865  0.00000578  0.00000486  0.00000542  0.00000486  0.00000390  0.00000809  
0.00000792  0.00000865  0.00000865  0.00000535  0.00000999  0.00000627  0.00000390  0.00000589  0.00000819  0.00000486  0.00000593  0.00001023  0.00000653  0.00000717  0.00000979  0.00000907  
0.00000907  0.00000979  0.00000717  0.00000653  0.00001023  0.00000593  0.00000486  0.00000819  0.00000589  0.00000390  0.00000627  0.00000999  0.00000535  0.00000865  0.00000865  0.00000792  
0.00000809  0.00000390  0.00000486  0.00000542  0.00000486  0.00000578  0.00000865  0.00000486  0.00000390  0.00001174  0.00000578  0.00000390  0.00000542  0.00000390  0.00000486  0.00000809  
0.00001190  0.00000593  0.00000627  0.00000700  0.00000593  0.00001602  0.00000578  0.00000593  0.00000627  0.00000578  0.00001312  0.00000627  0.00000700  0.00000593  0.00000627  0.00001190  
0.00000792  0.00000865  0.00000865  0.00000535  0.00000819  0.00000593  0.00000486  0.00001023  0.00000999  0.00000390  0.00000627  0.00000589  0.00000653  0.00000979  0.00000717  0.00000907  
0.00001110  0.00000653  0.00000653  0.00001442  0.00000535  0.00000700  0.00000542  0.00000653  0.00000535  0.00000542  0.00000700  0.00000653  0.00001412  0.00000535  0.00000535  0.00001110  
0.00000792  0.00000999  0.00000819  0.00000653  0.00000865  0.00000627  0.00000486  0.00000717  0.00000865  0.00000390  0.00000593  0.00000979  0.00000535  0.00000589  0.00001023  0.00000907  
0.00000792  0.00000819  0.00000999  0.00000653  0.00000865  0.00000593  0.00000390  0.00000979  0.00000865  0.00000486  0.00000627  0.00000717  0.00000535  0.00001023  0.00000589  0.00000907  
0.00002214  0.00000792  0.00000792  0.00001110  0.00000792  0.00001190  0.00000809  0.00000907  0.00000792  0.00000809  0.00001190  0.00000907  0.00001110  0.00000907  0.00000907  0.00002502  
