0.13547172  0.12929485  0.12929485  0.12401265  0.12480215  0.12879996  0.12879996  0.13357549  
0.12929485  0.12440466  0.12363994  0.11949014  0.11923390  0.12399756  0.12327508  0.12879996  
0.12929485  0.12363994  0.12440466  0.11949014  0.11923390  0.12327508  0.12399756  0.12879996  
0.12401265  0.11949014  0.11949014  0.11571896  0.11445600  0.11923390  0.11923390  0.12480215  
0.12480215  0.11923390  0.11923390  0.11445600  0.11571896  0.11949014  0.11949014  0.12401265  
0.12879996  0.12399756  0.12327508  0.11923390  0.11949014  0.12440466  0.12363994  0.12929485  
0.12879996  0.12327508  0.12399756  0.11923390  0.11949014  0.12363994  0.12440466  0.12929485  
0.13357549  0.12879996  0.12879996  0.12480215  0.12401265  0.12929485  0.12929485  0.13547172  
