0.00000903  0.00000487  0.00000487  0.00000668  0.00000640  0.00000562  0.00000562  0.00001106  
0.00000487  0.00000468  0.00000687  0.00000608  0.00000613  0.00000741  0.00000846  0.00000562  
0.00000487  0.00000687  0.00000468  0.00000608  0.00000613  0.00000846  0.00000741  0.00000562  
0.00000668  0.00000608  0.00000608  0.00000734  0.00001273  0.00000613  0.00000613  0.00000640  
0.00000640  0.00000613  0.00000613  0.00001273  0.00000734  0.00000608  0.00000608  0.00000668  
0.00000562  0.00000741  0.00000846  0.00000613  0.00000608  0.00000468  0.00000687  0.00000487  
0.00000562  0.00000846  0.00000741  0.00000613  0.00000608  0.00000687  0.00000468  0.00000487  
0.00001106  0.00000562  0.00000562  0.00000640  0.00000668  0.00000487  0.00000487  0.00000903  
