0.42650775  0.09706881  0.09116470  0.04712953  0.09706881  0.02725947  0.04712953  0.04852505  
0.09706881  0.02662800  0.02232314  0.01983961  0.02504317  0.01394165  0.01842075  0.04712953  
0.09116470  0.02232314  0.02023625  0.01394165  0.02232314  0.00938263  0.01394165  0.02725947  
0.04712953  0.01983961  0.01394165  0.02662800  0.01842075  0.02232314  0.02504317  0.09706881  
0.09706881  0.02504317  0.02232314  0.01842075  0.02662800  0.01394165  0.01983961  0.04712953  
0.02725947  0.01394165  0.00938263  0.02232314  0.01394165  0.02023625  0.02232314  0.09116470  
0.04712953  0.01842075  0.01394165  0.02504317  0.01983961  0.02232314  0.02662800  0.09706881  
0.04852505  0.04712953  0.02725947  0.09706881  0.04712953  0.09116470  0.09706881  0.42650775  
