0.16655164  0.09122936  0.09122936  0.07238630  0.09122936  0.07237117  0.05446272  0.06448211  0.09122936  0.05446272  0.07237117  0.06448211  0.07238630  0.06448211  0.06448211  0.08680697  
0.09122936  0.05473719  0.05258219  0.04651051  0.05257412  0.04652395  0.03353749  0.04487235  0.05193167  0.03445798  0.04400360  0.04425168  0.04401553  0.04424472  0.04242365  0.06448211  
0.09122936  0.05258219  0.05473719  0.04651051  0.05193167  0.04400360  0.03445798  0.04425168  0.05257412  0.03353749  0.04652395  0.04487235  0.04401553  0.04242365  0.04424472  0.06448211  
0.07238630  0.04651051  0.04651051  0.04494314  0.04401553  0.04237583  0.03181745  0.04651051  0.04401553  0.03181745  0.04237583  0.04651051  0.04002595  0.04401553  0.04401553  0.07238630  
0.09122936  0.05257412  0.05193167  0.04401553  0.05473719  0.04652395  0.03445798  0.04424472  0.05258219  0.03353749  0.04400360  0.04242365  0.04651051  0.04487235  0.04425168  0.06448211  
0.07237117  0.04652395  0.04400360  0.04237583  0.04652395  0.04494056  0.03181939  0.04652395  0.04400360  0.03181939  0.04001115  0.04400360  0.04237583  0.04652395  0.04400360  0.07237117  
0.05446272  0.03353749  0.03445798  0.03181745  0.03445798  0.03181939  0.02461592  0.03445798  0.03353749  0.02326278  0.03181939  0.03353749  0.03181745  0.03353749  0.03445798  0.05446272  
0.06448211  0.04487235  0.04425168  0.04651051  0.04424472  0.04652395  0.03445798  0.05473719  0.04242365  0.03353749  0.04400360  0.05258219  0.04401553  0.05257412  0.05193167  0.09122936  
0.09122936  0.05193167  0.05257412  0.04401553  0.05258219  0.04400360  0.03353749  0.04242365  0.05473719  0.03445798  0.04652395  0.04424472  0.04651051  0.04425168  0.04487235  0.06448211  
0.05446272  0.03445798  0.03353749  0.03181745  0.03353749  0.03181939  0.02326278  0.03353749  0.03445798  0.02461592  0.03181939  0.03445798  0.03181745  0.03445798  0.03353749  0.05446272  
0.07237117  0.04400360  0.04652395  0.04237583  0.04400360  0.04001115  0.03181939  0.04400360  0.04652395  0.03181939  0.04494056  0.04652395  0.04237583  0.04400360  0.04652395  0.07237117  
0.06448211  0.04425168  0.04487235  0.04651051  0.04242365  0.04400360  0.03353749  0.05258219  0.04424472  0.03445798  0.04652395  0.05473719  0.04401553  0.05193167  0.05257412  0.09122936  
0.07238630  0.04401553  0.04401553  0.04002595  0.04651051  0.04237583  0.03181745  0.04401553  0.04651051  0.03181745  0.04237583  0.04401553  0.04494314  0.04651051  0.04651051  0.07238630  
0.06448211  0.04424472  0.04242365  0.04401553  0.04487235  0.04652395  0.03353749  0.05257412  0.04425168  0.03445798  0.04400360  0.05193167  0.04651051  0.05473719  0.05258219  0.09122936  
0.06448211  0.04242365  0.04424472  0.04401553  0.04425168  0.04400360  0.03445798  0.05193167  0.04487235  0.03353749  0.04652395  0.05257412  0.04651051  0.05258219  0.05473719  0.09122936  
0.08680697  0.06448211  0.06448211  0.07238630  0.06448211  0.07237117  0.05446272  0.09122936  0.06448211  0.05446272  0.07237117  0.09122936  0.07238630  0.09122936  0.09122936  0.16655164  
