0.00003747  0.00001443  0.00001443  0.00001776  0.00001443  0.00002034  0.00001446  0.00001398  0.00001443  0.00001446  0.00002034  0.00001398  0.00001776  0.00001398  0.00001398  0.00003094  
0.00001443  0.00000924  0.00001102  0.00000807  0.00001271  0.00000869  0.00000775  0.00001285  0.00001412  0.00000753  0.00000905  0.00001042  0.00000791  0.00000843  0.00000956  0.00001398  
0.00001443  0.00001102  0.00000924  0.00000807  0.00001412  0.00000905  0.00000753  0.00001042  0.00001271  0.00000775  0.00000869  0.00001285  0.00000791  0.00000956  0.00000843  0.00001398  
0.00001776  0.00000807  0.00000807  0.00001493  0.00000791  0.00001055  0.00000656  0.00000807  0.00000791  0.00000656  0.00001055  0.00000807  0.00001950  0.00000791  0.00000791  0.00001776  
0.00001443  0.00001271  0.00001412  0.00000791  0.00000924  0.00000869  0.00000753  0.00000843  0.00001102  0.00000775  0.00000905  0.00000956  0.00000807  0.00001285  0.00001042  0.00001398  
0.00002034  0.00000869  0.00000905  0.00001055  0.00000869  0.00001576  0.00000930  0.00000869  0.00000905  0.00000930  0.00002034  0.00000905  0.00001055  0.00000869  0.00000905  0.00002034  
0.00001446  0.00000775  0.00000753  0.00000656  0.00000753  0.00000930  0.00001325  0.00000753  0.00000775  0.00001305  0.00000930  0.00000775  0.00000656  0.00000775  0.00000753  0.00001446  
0.00001398  0.00001285  0.00001042  0.00000807  0.00000843  0.00000869  0.00000753  0.00000924  0.00000956  0.00000775  0.00000905  0.00001102  0.00000791  0.00001271  0.00001412  0.00001443  
0.00001443  0.00001412  0.00001271  0.00000791  0.00001102  0.00000905  0.00000775  0.00000956  0.00000924  0.00000753  0.00000869  0.00000843  0.00000807  0.00001042  0.00001285  0.00001398  
0.00001446  0.00000753  0.00000775  0.00000656  0.00000775  0.00000930  0.00001305  0.00000775  0.00000753  0.00001325  0.00000930  0.00000753  0.00000656  0.00000753  0.00000775  0.00001446  
0.00002034  0.00000905  0.00000869  0.00001055  0.00000905  0.00002034  0.00000930  0.00000905  0.00000869  0.00000930  0.00001576  0.00000869  0.00001055  0.00000905  0.00000869  0.00002034  
0.00001398  0.00001042  0.00001285  0.00000807  0.00000956  0.00000905  0.00000775  0.00001102  0.00000843  0.00000753  0.00000869  0.00000924  0.00000791  0.00001412  0.00001271  0.00001443  
0.00001776  0.00000791  0.00000791  0.00001950  0.00000807  0.00001055  0.00000656  0.00000791  0.00000807  0.00000656  0.00001055  0.00000791  0.00001493  0.00000807  0.00000807  0.00001776  
0.00001398  0.00000843  0.00000956  0.00000791  0.00001285  0.00000869  0.00000775  0.00001271  0.00001042  0.00000753  0.00000905  0.00001412  0.00000807  0.00000924  0.00001102  0.00001443  
0.00001398  0.00000956  0.00000843  0.00000791  0.00001042  0.00000905  0.00000753  0.00001412  0.00001285  0.00000775  0.00000869  0.00001271  0.00000807  0.00001102  0.00000924  0.00001443  
0.00003094  0.00001398  0.00001398  0.00001776  0.00001398  0.00002034  0.00001446  0.00001443  0.00001398  0.00001446  0.00002034  0.00001443  0.00001776  0.00001443  0.00001443  0.00003747  
