0.49494685  0.02487433  0.02480738  0.00249796  0.02480738  0.00125016  0.00248719  0.00031531  0.02487433  0.00124973  0.00125016  0.00012824  0.00249796  0.00012824  0.00031531  0.00008782  
0.02487433  0.00125511  0.00124723  0.00012735  0.00124672  0.00006368  0.00012577  0.00003156  0.00124978  0.00006449  0.00006352  0.00002205  0.00012701  0.00002203  0.00003153  0.00031531  
0.02480738  0.00124723  0.00124622  0.00012587  0.00124360  0.00006300  0.00012501  0.00002205  0.00124672  0.00006321  0.00006296  0.00001272  0.00012588  0.00001265  0.00002203  0.00012824  
0.00249796  0.00012735  0.00012587  0.00002643  0.00012588  0.00001260  0.00001886  0.00012735  0.00012701  0.00001886  0.00001263  0.00012587  0.00002528  0.00012588  0.00012701  0.00249796  
0.02480738  0.00124672  0.00124360  0.00012588  0.00124622  0.00006296  0.00012501  0.00002203  0.00124723  0.00006321  0.00006300  0.00001265  0.00012587  0.00001272  0.00002205  0.00012824  
0.00125016  0.00006368  0.00006300  0.00001260  0.00006296  0.00000723  0.00000945  0.00006368  0.00006352  0.00000945  0.00000632  0.00006300  0.00001263  0.00006296  0.00006352  0.00125016  
0.00248719  0.00012577  0.00012501  0.00001886  0.00012501  0.00000945  0.00001683  0.00006449  0.00012577  0.00001252  0.00000945  0.00006321  0.00001886  0.00006321  0.00006449  0.00124973  
0.00031531  0.00003156  0.00002205  0.00012735  0.00002203  0.00006368  0.00006449  0.00125511  0.00003153  0.00012577  0.00006352  0.00124723  0.00012701  0.00124672  0.00124978  0.02487433  
0.02487433  0.00124978  0.00124672  0.00012701  0.00124723  0.00006352  0.00012577  0.00003153  0.00125511  0.00006449  0.00006368  0.00002203  0.00012735  0.00002205  0.00003156  0.00031531  
0.00124973  0.00006449  0.00006321  0.00001886  0.00006321  0.00000945  0.00001252  0.00012577  0.00006449  0.00001683  0.00000945  0.00012501  0.00001886  0.00012501  0.00012577  0.00248719  
0.00125016  0.00006352  0.00006296  0.00001263  0.00006300  0.00000632  0.00000945  0.00006352  0.00006368  0.00000945  0.00000723  0.00006296  0.00001260  0.00006300  0.00006368  0.00125016  
0.00012824  0.00002205  0.00001272  0.00012587  0.00001265  0.00006300  0.00006321  0.00124723  0.00002203  0.00012501  0.00006296  0.00124622  0.00012588  0.00124360  0.00124672  0.02480738  
0.00249796  0.00012701  0.00012588  0.00002528  0.00012587  0.00001263  0.00001886  0.00012701  0.00012735  0.00001886  0.00001260  0.00012588  0.00002643  0.00012587  0.00012735  0.00249796  
0.00012824  0.00002203  0.00001265  0.00012588  0.00001272  0.00006296  0.00006321  0.00124672  0.00002205  0.00012501  0.00006300  0.00124360  0.00012587  0.00124622  0.00124723  0.02480738  
0.00031531  0.00003153  0.00002203  0.00012701  0.00002205  0.00006352  0.00006449  0.00124978  0.00003156  0.00012577  0.00006368  0.00124672  0.00012735  0.00124723  0.00125511  0.02487433  
0.00008782  0.00031531  0.00012824  0.00249796  0.00012824  0.00125016  0.00124973  0.02487433  0.00031531  0.00248719  0.00125016  0.02480738  0.00249796  0.02480738  0.02487433  0.49494685  
