0.00000098  0.00000232  0.00000263  0.00000064  0.00000263  0.00000039  0.00000092  0.00000020  0.00000232  0.00000055  0.00000039  0.00000010  0.00000064  0.00000010  0.00000020  0.00000017  
0.00000232  0.00000041  0.00000025  0.00000009  0.00000026  0.00000006  0.00000008  0.00000007  0.00000040  0.00000005  0.00000005  0.00000004  0.00000009  0.00000003  0.00000007  0.00000020  
0.00000263  0.00000025  0.00000033  0.00000007  0.00000038  0.00000004  0.00000008  0.00000004  0.00000026  0.00000004  0.00000005  0.00000005  0.00000005  0.00000003  0.00000003  0.00000010  
0.00000064  0.00000009  0.00000007  0.00000005  0.00000005  0.00000003  0.00000003  0.00000009  0.00000009  0.00000003  0.00000003  0.00000007  0.00000007  0.00000005  0.00000009  0.00000064  
0.00000263  0.00000026  0.00000038  0.00000005  0.00000033  0.00000005  0.00000008  0.00000003  0.00000025  0.00000004  0.00000004  0.00000003  0.00000007  0.00000005  0.00000004  0.00000010  
0.00000039  0.00000006  0.00000004  0.00000003  0.00000005  0.00000004  0.00000002  0.00000006  0.00000005  0.00000002  0.00000005  0.00000004  0.00000003  0.00000005  0.00000005  0.00000039  
0.00000092  0.00000008  0.00000008  0.00000003  0.00000008  0.00000002  0.00000007  0.00000005  0.00000008  0.00000003  0.00000002  0.00000004  0.00000003  0.00000004  0.00000005  0.00000055  
0.00000020  0.00000007  0.00000004  0.00000009  0.00000003  0.00000006  0.00000005  0.00000041  0.00000007  0.00000008  0.00000005  0.00000025  0.00000009  0.00000026  0.00000040  0.00000232  
0.00000232  0.00000040  0.00000026  0.00000009  0.00000025  0.00000005  0.00000008  0.00000007  0.00000041  0.00000005  0.00000006  0.00000003  0.00000009  0.00000004  0.00000007  0.00000020  
0.00000055  0.00000005  0.00000004  0.00000003  0.00000004  0.00000002  0.00000003  0.00000008  0.00000005  0.00000007  0.00000002  0.00000008  0.00000003  0.00000008  0.00000008  0.00000092  
0.00000039  0.00000005  0.00000005  0.00000003  0.00000004  0.00000005  0.00000002  0.00000005  0.00000006  0.00000002  0.00000004  0.00000005  0.00000003  0.00000004  0.00000006  0.00000039  
0.00000010  0.00000004  0.00000005  0.00000007  0.00000003  0.00000004  0.00000004  0.00000025  0.00000003  0.00000008  0.00000005  0.00000033  0.00000005  0.00000038  0.00000026  0.00000263  
0.00000064  0.00000009  0.00000005  0.00000007  0.00000007  0.00000003  0.00000003  0.00000009  0.00000009  0.00000003  0.00000003  0.00000005  0.00000005  0.00000007  0.00000009  0.00000064  
0.00000010  0.00000003  0.00000003  0.00000005  0.00000005  0.00000005  0.00000004  0.00000026  0.00000004  0.00000008  0.00000004  0.00000038  0.00000007  0.00000033  0.00000025  0.00000263  
0.00000020  0.00000007  0.00000003  0.00000009  0.00000004  0.00000005  0.00000005  0.00000040  0.00000007  0.00000008  0.00000006  0.00000026  0.00000009  0.00000025  0.00000041  0.00000232  
0.00000017  0.00000020  0.00000010  0.00000064  0.00000010  0.00000039  0.00000055  0.00000232  0.00000020  0.00000092  0.00000039  0.00000263  0.00000064  0.00000263  0.00000232  0.00000098  
