0.00002486  0.00000845  0.00000845  0.00001172  0.00000845  0.00001100  0.00000942  0.00000998  0.00000845  0.00000942  0.00001100  0.00000998  0.00001172  0.00000998  0.00000998  0.00003188  
0.00000845  0.00000711  0.00001144  0.00000802  0.00001266  0.00000815  0.00000676  0.00000961  0.00000875  0.00000620  0.00001025  0.00001068  0.00000860  0.00001177  0.00001189  0.00000998  
0.00000845  0.00001144  0.00000711  0.00000802  0.00000875  0.00001025  0.00000620  0.00001068  0.00001266  0.00000676  0.00000815  0.00000961  0.00000860  0.00001189  0.00001177  0.00000998  
0.00001172  0.00000802  0.00000802  0.00001759  0.00000860  0.00000840  0.00000958  0.00000802  0.00000860  0.00000958  0.00000840  0.00000802  0.00001563  0.00000860  0.00000860  0.00001172  
0.00000845  0.00001266  0.00000875  0.00000860  0.00000711  0.00000815  0.00000620  0.00001177  0.00001144  0.00000676  0.00001025  0.00001189  0.00000802  0.00000961  0.00001068  0.00000998  
0.00001100  0.00000815  0.00001025  0.00000840  0.00000815  0.00001336  0.00000947  0.00000815  0.00001025  0.00000947  0.00001798  0.00001025  0.00000840  0.00000815  0.00001025  0.00001100  
0.00000942  0.00000676  0.00000620  0.00000958  0.00000620  0.00000947  0.00001340  0.00000620  0.00000676  0.00001414  0.00000947  0.00000676  0.00000958  0.00000676  0.00000620  0.00000942  
0.00000998  0.00000961  0.00001068  0.00000802  0.00001177  0.00000815  0.00000620  0.00000711  0.00001189  0.00000676  0.00001025  0.00001144  0.00000860  0.00001266  0.00000875  0.00000845  
0.00000845  0.00000875  0.00001266  0.00000860  0.00001144  0.00001025  0.00000676  0.00001189  0.00000711  0.00000620  0.00000815  0.00001177  0.00000802  0.00001068  0.00000961  0.00000998  
0.00000942  0.00000620  0.00000676  0.00000958  0.00000676  0.00000947  0.00001414  0.00000676  0.00000620  0.00001340  0.00000947  0.00000620  0.00000958  0.00000620  0.00000676  0.00000942  
0.00001100  0.00001025  0.00000815  0.00000840  0.00001025  0.00001798  0.00000947  0.00001025  0.00000815  0.00000947  0.00001336  0.00000815  0.00000840  0.00001025  0.00000815  0.00001100  
0.00000998  0.00001068  0.00000961  0.00000802  0.00001189  0.00001025  0.00000676  0.00001144  0.00001177  0.00000620  0.00000815  0.00000711  0.00000860  0.00000875  0.00001266  0.00000845  
0.00001172  0.00000860  0.00000860  0.00001563  0.00000802  0.00000840  0.00000958  0.00000860  0.00000802  0.00000958  0.00000840  0.00000860  0.00001759  0.00000802  0.00000802  0.00001172  
0.00000998  0.00001177  0.00001189  0.00000860  0.00000961  0.00000815  0.00000676  0.00001266  0.00001068  0.00000620  0.00001025  0.00000875  0.00000802  0.00000711  0.00001144  0.00000845  
0.00000998  0.00001189  0.00001177  0.00000860  0.00001068  0.00001025  0.00000620  0.00000875  0.00000961  0.00000676  0.00000815  0.00001266  0.00000802  0.00001144  0.00000711  0.00000845  
0.00003188  0.00000998  0.00000998  0.00001172  0.00000998  0.00001100  0.00000942  0.00000845  0.00000998  0.00000942  0.00001100  0.00000845  0.00001172  0.00000845  0.00000845  0.00002486  
