0.22566309  0.10043284  0.10043284  0.06409351  0.10043284  0.06409403  0.04849483  0.04805062  0.10043284  0.04849483  0.06409403  0.04805062  0.06409351  0.04805062  0.04805062  0.06040636  
0.10043284  0.04867942  0.04718041  0.03478856  0.04719555  0.03478692  0.02540574  0.03131927  0.04684667  0.02600889  0.03334749  0.03101563  0.03334729  0.03100766  0.02997279  0.04805062  
0.10043284  0.04718041  0.04867942  0.03478856  0.04684667  0.03334749  0.02600889  0.03101563  0.04719555  0.02540574  0.03478692  0.03131927  0.03334729  0.02997279  0.03100766  0.04805062  
0.06409351  0.03478856  0.03478856  0.03113495  0.03334729  0.02976237  0.02243611  0.03478856  0.03334729  0.02243611  0.02976237  0.03478856  0.02846454  0.03334729  0.03334729  0.06409351  
0.10043284  0.04719555  0.04684667  0.03334729  0.04867942  0.03478692  0.02600889  0.03100766  0.04718041  0.02540574  0.03334749  0.02997279  0.03478856  0.03131927  0.03101563  0.04805062  
0.06409403  0.03478692  0.03334749  0.02976237  0.03478692  0.03113631  0.02243745  0.03478692  0.03334749  0.02243745  0.02846507  0.03334749  0.02976237  0.03478692  0.03334749  0.06409403  
0.04849483  0.02540574  0.02600889  0.02243611  0.02600889  0.02243745  0.01734798  0.02600889  0.02540574  0.01653308  0.02243745  0.02540574  0.02243611  0.02540574  0.02600889  0.04849483  
0.04805062  0.03131927  0.03101563  0.03478856  0.03100766  0.03478692  0.02600889  0.04867942  0.02997279  0.02540574  0.03334749  0.04718041  0.03334729  0.04719555  0.04684667  0.10043284  
0.10043284  0.04684667  0.04719555  0.03334729  0.04718041  0.03334749  0.02540574  0.02997279  0.04867942  0.02600889  0.03478692  0.03100766  0.03478856  0.03101563  0.03131927  0.04805062  
0.04849483  0.02600889  0.02540574  0.02243611  0.02540574  0.02243745  0.01653308  0.02540574  0.02600889  0.01734798  0.02243745  0.02600889  0.02243611  0.02600889  0.02540574  0.04849483  
0.06409403  0.03334749  0.03478692  0.02976237  0.03334749  0.02846507  0.02243745  0.03334749  0.03478692  0.02243745  0.03113631  0.03478692  0.02976237  0.03334749  0.03478692  0.06409403  
0.04805062  0.03101563  0.03131927  0.03478856  0.02997279  0.03334749  0.02540574  0.04718041  0.03100766  0.02600889  0.03478692  0.04867942  0.03334729  0.04684667  0.04719555  0.10043284  
0.06409351  0.03334729  0.03334729  0.02846454  0.03478856  0.02976237  0.02243611  0.03334729  0.03478856  0.02243611  0.02976237  0.03334729  0.03113495  0.03478856  0.03478856  0.06409351  
0.04805062  0.03100766  0.02997279  0.03334729  0.03131927  0.03478692  0.02540574  0.04719555  0.03101563  0.02600889  0.03334749  0.04684667  0.03478856  0.04867942  0.04718041  0.10043284  
0.04805062  0.02997279  0.03100766  0.03334729  0.03101563  0.03334749  0.02600889  0.04684667  0.03131927  0.02540574  0.03478692  0.04719555  0.03478856  0.04718041  0.04867942  0.10043284  
0.06040636  0.04805062  0.04805062  0.06409351  0.04805062  0.06409403  0.04849483  0.10043284  0.04805062  0.04849483  0.06409403  0.10043284  0.06409351  0.10043284  0.10043284  0.22566309  
