0.00002785  0.00001186  0.00001186  0.00000842  0.00001186  0.00000946  0.00000824  0.00000630  0.00001186  0.00000824  0.00000946  0.00000630  0.00000842  0.00000630  0.00000630  0.00001667  
0.00001186  0.00000592  0.00000770  0.00000417  0.00000575  0.00000344  0.00000287  0.00000564  0.00000746  0.00000363  0.00000363  0.00000466  0.00000387  0.00000521  0.00000543  0.00000630  
0.00001186  0.00000770  0.00000592  0.00000417  0.00000746  0.00000363  0.00000363  0.00000466  0.00000575  0.00000287  0.00000344  0.00000564  0.00000387  0.00000543  0.00000521  0.00000630  
0.00000842  0.00000417  0.00000417  0.00000954  0.00000387  0.00000556  0.00000399  0.00000417  0.00000387  0.00000399  0.00000556  0.00000417  0.00000886  0.00000387  0.00000387  0.00000842  
0.00001186  0.00000575  0.00000746  0.00000387  0.00000592  0.00000344  0.00000363  0.00000521  0.00000770  0.00000287  0.00000363  0.00000543  0.00000417  0.00000564  0.00000466  0.00000630  
0.00000946  0.00000344  0.00000363  0.00000556  0.00000344  0.00000921  0.00000402  0.00000344  0.00000363  0.00000402  0.00000965  0.00000363  0.00000556  0.00000344  0.00000363  0.00000946  
0.00000824  0.00000287  0.00000363  0.00000399  0.00000363  0.00000402  0.00000543  0.00000363  0.00000287  0.00000572  0.00000402  0.00000287  0.00000399  0.00000287  0.00000363  0.00000824  
0.00000630  0.00000564  0.00000466  0.00000417  0.00000521  0.00000344  0.00000363  0.00000592  0.00000543  0.00000287  0.00000363  0.00000770  0.00000387  0.00000575  0.00000746  0.00001186  
0.00001186  0.00000746  0.00000575  0.00000387  0.00000770  0.00000363  0.00000287  0.00000543  0.00000592  0.00000363  0.00000344  0.00000521  0.00000417  0.00000466  0.00000564  0.00000630  
0.00000824  0.00000363  0.00000287  0.00000399  0.00000287  0.00000402  0.00000572  0.00000287  0.00000363  0.00000543  0.00000402  0.00000363  0.00000399  0.00000363  0.00000287  0.00000824  
0.00000946  0.00000363  0.00000344  0.00000556  0.00000363  0.00000965  0.00000402  0.00000363  0.00000344  0.00000402  0.00000921  0.00000344  0.00000556  0.00000363  0.00000344  0.00000946  
0.00000630  0.00000466  0.00000564  0.00000417  0.00000543  0.00000363  0.00000287  0.00000770  0.00000521  0.00000363  0.00000344  0.00000592  0.00000387  0.00000746  0.00000575  0.00001186  
0.00000842  0.00000387  0.00000387  0.00000886  0.00000417  0.00000556  0.00000399  0.00000387  0.00000417  0.00000399  0.00000556  0.00000387  0.00000954  0.00000417  0.00000417  0.00000842  
0.00000630  0.00000521  0.00000543  0.00000387  0.00000564  0.00000344  0.00000287  0.00000575  0.00000466  0.00000363  0.00000363  0.00000746  0.00000417  0.00000592  0.00000770  0.00001186  
0.00000630  0.00000543  0.00000521  0.00000387  0.00000466  0.00000363  0.00000363  0.00000746  0.00000564  0.00000287  0.00000344  0.00000575  0.00000417  0.00000770  0.00000592  0.00001186  
0.00001667  0.00000630  0.00000630  0.00000842  0.00000630  0.00000946  0.00000824  0.00001186  0.00000630  0.00000824  0.00000946  0.00001186  0.00000842  0.00001186  0.00001186  0.00002785  
