0.07882206  0.06944472  0.06944472  0.06859380  0.06944472  0.06859405  0.06164224  0.06823120  0.06944472  0.06164224  0.06859405  0.06823120  0.06859380  0.06823120  0.06823120  0.07605719  
0.06944472  0.06207228  0.06135143  0.06139194  0.06135442  0.06139425  0.05456244  0.06119758  0.06126107  0.05508931  0.06062716  0.06110433  0.06062684  0.06110343  0.06043747  0.06823120  
0.06944472  0.06135143  0.06207228  0.06139194  0.06126107  0.06062716  0.05508931  0.06110433  0.06135442  0.05456244  0.06139425  0.06119758  0.06062684  0.06043747  0.06110343  0.06823120  
0.06859380  0.06139194  0.06139194  0.06163357  0.06062684  0.06079573  0.05463018  0.06139194  0.06062684  0.05463018  0.06079573  0.06139194  0.06005529  0.06062684  0.06062684  0.06859380  
0.06944472  0.06135442  0.06126107  0.06062684  0.06207228  0.06139425  0.05508931  0.06110343  0.06135143  0.05456244  0.06062716  0.06043747  0.06139194  0.06119758  0.06110433  0.06823120  
0.06859405  0.06139425  0.06062716  0.06079573  0.06139425  0.06160476  0.05462786  0.06139425  0.06062716  0.05462786  0.06003432  0.06062716  0.06079573  0.06139425  0.06062716  0.06859405  
0.06164224  0.05456244  0.05508931  0.05463018  0.05508931  0.05462786  0.04965047  0.05508931  0.05456244  0.04862696  0.05462786  0.05456244  0.05463018  0.05456244  0.05508931  0.06164224  
0.06823120  0.06119758  0.06110433  0.06139194  0.06110343  0.06139425  0.05508931  0.06207228  0.06043747  0.05456244  0.06062716  0.06135143  0.06062684  0.06135442  0.06126107  0.06944472  
0.06944472  0.06126107  0.06135442  0.06062684  0.06135143  0.06062716  0.05456244  0.06043747  0.06207228  0.05508931  0.06139425  0.06110343  0.06139194  0.06110433  0.06119758  0.06823120  
0.06164224  0.05508931  0.05456244  0.05463018  0.05456244  0.05462786  0.04862696  0.05456244  0.05508931  0.04965047  0.05462786  0.05508931  0.05463018  0.05508931  0.05456244  0.06164224  
0.06859405  0.06062716  0.06139425  0.06079573  0.06062716  0.06003432  0.05462786  0.06062716  0.06139425  0.05462786  0.06160476  0.06139425  0.06079573  0.06062716  0.06139425  0.06859405  
0.06823120  0.06110433  0.06119758  0.06139194  0.06043747  0.06062716  0.05456244  0.06135143  0.06110343  0.05508931  0.06139425  0.06207228  0.06062684  0.06126107  0.06135442  0.06944472  
0.06859380  0.06062684  0.06062684  0.06005529  0.06139194  0.06079573  0.05463018  0.06062684  0.06139194  0.05463018  0.06079573  0.06062684  0.06163357  0.06139194  0.06139194  0.06859380  
0.06823120  0.06110343  0.06043747  0.06062684  0.06119758  0.06139425  0.05456244  0.06135442  0.06110433  0.05508931  0.06062716  0.06126107  0.06139194  0.06207228  0.06135143  0.06944472  
0.06823120  0.06043747  0.06110343  0.06062684  0.06110433  0.06062716  0.05508931  0.06126107  0.06119758  0.05456244  0.06139425  0.06135442  0.06139194  0.06135143  0.06207228  0.06944472  
0.07605719  0.06823120  0.06823120  0.06859380  0.06823120  0.06859405  0.06164224  0.06944472  0.06823120  0.06164224  0.06859405  0.06944472  0.06859380  0.06944472  0.06944472  0.07882206  
