0.00001100  0.00000403  0.00000403  0.00000577  0.00000403  0.00000499  0.00000508  0.00000575  0.00000403  0.00000508  0.00000499  0.00000575  0.00000577  0.00000575  0.00000575  0.00001215  
0.00000403  0.00000358  0.00000564  0.00000494  0.00000546  0.00000416  0.00000484  0.00000467  0.00000569  0.00000416  0.00000494  0.00000701  0.00000497  0.00000430  0.00000548  0.00000575  
0.00000403  0.00000564  0.00000358  0.00000494  0.00000569  0.00000494  0.00000416  0.00000701  0.00000546  0.00000484  0.00000416  0.00000467  0.00000497  0.00000548  0.00000430  0.00000575  
0.00000577  0.00000494  0.00000494  0.00001366  0.00000497  0.00000466  0.00000534  0.00000494  0.00000497  0.00000534  0.00000466  0.00000494  0.00001199  0.00000497  0.00000497  0.00000577  
0.00000403  0.00000546  0.00000569  0.00000497  0.00000358  0.00000416  0.00000416  0.00000430  0.00000564  0.00000484  0.00000494  0.00000548  0.00000494  0.00000467  0.00000701  0.00000575  
0.00000499  0.00000416  0.00000494  0.00000466  0.00000416  0.00000888  0.00000509  0.00000416  0.00000494  0.00000509  0.00000911  0.00000494  0.00000466  0.00000416  0.00000494  0.00000499  
0.00000508  0.00000484  0.00000416  0.00000534  0.00000416  0.00000509  0.00001026  0.00000416  0.00000484  0.00001223  0.00000509  0.00000484  0.00000534  0.00000484  0.00000416  0.00000508  
0.00000575  0.00000467  0.00000701  0.00000494  0.00000430  0.00000416  0.00000416  0.00000358  0.00000548  0.00000484  0.00000494  0.00000564  0.00000497  0.00000546  0.00000569  0.00000403  
0.00000403  0.00000569  0.00000546  0.00000497  0.00000564  0.00000494  0.00000484  0.00000548  0.00000358  0.00000416  0.00000416  0.00000430  0.00000494  0.00000701  0.00000467  0.00000575  
0.00000508  0.00000416  0.00000484  0.00000534  0.00000484  0.00000509  0.00001223  0.00000484  0.00000416  0.00001026  0.00000509  0.00000416  0.00000534  0.00000416  0.00000484  0.00000508  
0.00000499  0.00000494  0.00000416  0.00000466  0.00000494  0.00000911  0.00000509  0.00000494  0.00000416  0.00000509  0.00000888  0.00000416  0.00000466  0.00000494  0.00000416  0.00000499  
0.00000575  0.00000701  0.00000467  0.00000494  0.00000548  0.00000494  0.00000484  0.00000564  0.00000430  0.00000416  0.00000416  0.00000358  0.00000497  0.00000569  0.00000546  0.00000403  
0.00000577  0.00000497  0.00000497  0.00001199  0.00000494  0.00000466  0.00000534  0.00000497  0.00000494  0.00000534  0.00000466  0.00000497  0.00001366  0.00000494  0.00000494  0.00000577  
0.00000575  0.00000430  0.00000548  0.00000497  0.00000467  0.00000416  0.00000484  0.00000546  0.00000701  0.00000416  0.00000494  0.00000569  0.00000494  0.00000358  0.00000564  0.00000403  
0.00000575  0.00000548  0.00000430  0.00000497  0.00000701  0.00000494  0.00000416  0.00000569  0.00000467  0.00000484  0.00000416  0.00000546  0.00000494  0.00000564  0.00000358  0.00000403  
0.00001215  0.00000575  0.00000575  0.00000577  0.00000575  0.00000499  0.00000508  0.00000403  0.00000575  0.00000508  0.00000499  0.00000403  0.00000577  0.00000403  0.00000403  0.00001100  
