0.35515052  0.12374043  0.10620945  0.09183498  0.12374043  0.05715373  0.09183498  0.12636443  
0.12374043  0.05584260  0.04040685  0.05119640  0.04864341  0.03367345  0.04412514  0.09183498  
0.10620945  0.04040685  0.03316427  0.03367345  0.04040685  0.02254003  0.03367345  0.05715373  
0.09183498  0.05119640  0.03367345  0.05584260  0.04412514  0.04040685  0.04864341  0.12374043  
0.12374043  0.04864341  0.04040685  0.04412514  0.05584260  0.03367345  0.05119640  0.09183498  
0.05715373  0.03367345  0.02254003  0.04040685  0.03367345  0.03316427  0.04040685  0.10620945  
0.09183498  0.04412514  0.03367345  0.04864341  0.05119640  0.04040685  0.05584260  0.12374043  
0.12636443  0.09183498  0.05715373  0.12374043  0.09183498  0.10620945  0.12374043  0.35515052  
