0.14941006  0.13353209  0.13353209  0.12215451  0.12488458  0.13221995  0.13221995  0.14304621  
0.13353209  0.12223318  0.12047920  0.11256973  0.11211109  0.12124876  0.11965185  0.13221995  
0.13353209  0.12047920  0.12223318  0.11256973  0.11211109  0.11965185  0.12124876  0.13221995  
0.12215451  0.11256973  0.11256973  0.10612358  0.10287063  0.11211109  0.11211109  0.12488458  
0.12488458  0.11211109  0.11211109  0.10287063  0.10612358  0.11256973  0.11256973  0.12215451  
0.13221995  0.12124876  0.11965185  0.11211109  0.11256973  0.12223318  0.12047920  0.13353209  
0.13221995  0.11965185  0.12124876  0.11211109  0.11256973  0.12047920  0.12223318  0.13353209  
0.14304621  0.13221995  0.13221995  0.12488458  0.12215451  0.13353209  0.13353209  0.14941006  
