0.00004139  0.00003145  0.00003145  0.00004597  0.00003713  0.00003922  0.00003922  0.00005745  
0.00003145  0.00002376  0.00003992  0.00002683  0.00002629  0.00003054  0.00003823  0.00003922  
0.00003145  0.00003992  0.00002376  0.00002683  0.00002629  0.00003823  0.00003054  0.00003922  
0.00004597  0.00002683  0.00002683  0.00003347  0.00004333  0.00002629  0.00002629  0.00003713  
0.00003713  0.00002629  0.00002629  0.00004333  0.00003347  0.00002683  0.00002683  0.00004597  
0.00003922  0.00003054  0.00003823  0.00002629  0.00002683  0.00002376  0.00003992  0.00003145  
0.00003922  0.00003823  0.00003054  0.00002629  0.00002683  0.00003992  0.00002376  0.00003145  
0.00005745  0.00003922  0.00003922  0.00003713  0.00004597  0.00003145  0.00003145  0.00004139  
