0.06887940  0.06544159  0.06544159  0.06532117  0.06544159  0.06531234  0.06231854  0.06527296  0.06544159  0.06231854  0.06531234  0.06527296  0.06532117  0.06527296  0.06527296  0.06848663  
0.06544159  0.06242284  0.06225736  0.06226906  0.06226217  0.06226875  0.05928445  0.06223685  0.06224544  0.05939170  0.06213859  0.06223198  0.06213166  0.06222718  0.06210809  0.06527296  
0.06544159  0.06225736  0.06242284  0.06226906  0.06224544  0.06213859  0.05939170  0.06223198  0.06226217  0.05928445  0.06226875  0.06223685  0.06213166  0.06210809  0.06222718  0.06527296  
0.06532117  0.06226906  0.06226906  0.06235187  0.06213166  0.06215710  0.05929866  0.06226906  0.06213166  0.05929866  0.06215710  0.06226906  0.06204655  0.06213166  0.06213166  0.06532117  
0.06544159  0.06226217  0.06224544  0.06213166  0.06242284  0.06226875  0.05939170  0.06222718  0.06225736  0.05928445  0.06213859  0.06210809  0.06226906  0.06223685  0.06223198  0.06527296  
0.06531234  0.06226875  0.06213859  0.06215710  0.06226875  0.06234743  0.05930251  0.06226875  0.06213859  0.05930251  0.06206463  0.06213859  0.06215710  0.06226875  0.06213859  0.06531234  
0.06231854  0.05928445  0.05939170  0.05929866  0.05939170  0.05930251  0.05672995  0.05939170  0.05928445  0.05648082  0.05930251  0.05928445  0.05929866  0.05928445  0.05939170  0.06231854  
0.06527296  0.06223685  0.06223198  0.06226906  0.06222718  0.06226875  0.05939170  0.06242284  0.06210809  0.05928445  0.06213859  0.06225736  0.06213166  0.06226217  0.06224544  0.06544159  
0.06544159  0.06224544  0.06226217  0.06213166  0.06225736  0.06213859  0.05928445  0.06210809  0.06242284  0.05939170  0.06226875  0.06222718  0.06226906  0.06223198  0.06223685  0.06527296  
0.06231854  0.05939170  0.05928445  0.05929866  0.05928445  0.05930251  0.05648082  0.05928445  0.05939170  0.05672995  0.05930251  0.05939170  0.05929866  0.05939170  0.05928445  0.06231854  
0.06531234  0.06213859  0.06226875  0.06215710  0.06213859  0.06206463  0.05930251  0.06213859  0.06226875  0.05930251  0.06234743  0.06226875  0.06215710  0.06213859  0.06226875  0.06531234  
0.06527296  0.06223198  0.06223685  0.06226906  0.06210809  0.06213859  0.05928445  0.06225736  0.06222718  0.05939170  0.06226875  0.06242284  0.06213166  0.06224544  0.06226217  0.06544159  
0.06532117  0.06213166  0.06213166  0.06204655  0.06226906  0.06215710  0.05929866  0.06213166  0.06226906  0.05929866  0.06215710  0.06213166  0.06235187  0.06226906  0.06226906  0.06532117  
0.06527296  0.06222718  0.06210809  0.06213166  0.06223685  0.06226875  0.05928445  0.06226217  0.06223198  0.05939170  0.06213859  0.06224544  0.06226906  0.06242284  0.06225736  0.06544159  
0.06527296  0.06210809  0.06222718  0.06213166  0.06223198  0.06213859  0.05939170  0.06224544  0.06223685  0.05928445  0.06226875  0.06226217  0.06226906  0.06225736  0.06242284  0.06544159  
0.06848663  0.06527296  0.06527296  0.06532117  0.06527296  0.06531234  0.06231854  0.06544159  0.06527296  0.06231854  0.06531234  0.06544159  0.06532117  0.06544159  0.06544159  0.06887940  
