0.00001287  0.00000505  0.00000505  0.00000637  0.00000505  0.00000672  0.00000477  0.00000493  0.00000505  0.00000477  0.00000672  0.00000493  0.00000637  0.00000493  0.00000493  0.00001399  
0.00000505  0.00000466  0.00000568  0.00000436  0.00000620  0.00000346  0.00000474  0.00000717  0.00000502  0.00000385  0.00000553  0.00000545  0.00000528  0.00000460  0.00000777  0.00000493  
0.00000505  0.00000568  0.00000466  0.00000436  0.00000502  0.00000553  0.00000385  0.00000545  0.00000620  0.00000474  0.00000346  0.00000717  0.00000528  0.00000777  0.00000460  0.00000493  
0.00000637  0.00000436  0.00000436  0.00001061  0.00000528  0.00000635  0.00000491  0.00000436  0.00000528  0.00000491  0.00000635  0.00000436  0.00001289  0.00000528  0.00000528  0.00000637  
0.00000505  0.00000620  0.00000502  0.00000528  0.00000466  0.00000346  0.00000385  0.00000460  0.00000568  0.00000474  0.00000553  0.00000777  0.00000436  0.00000717  0.00000545  0.00000493  
0.00000672  0.00000346  0.00000553  0.00000635  0.00000346  0.00000862  0.00000520  0.00000346  0.00000553  0.00000520  0.00001084  0.00000553  0.00000635  0.00000346  0.00000553  0.00000672  
0.00000477  0.00000474  0.00000385  0.00000491  0.00000385  0.00000520  0.00000891  0.00000385  0.00000474  0.00000885  0.00000520  0.00000474  0.00000491  0.00000474  0.00000385  0.00000477  
0.00000493  0.00000717  0.00000545  0.00000436  0.00000460  0.00000346  0.00000385  0.00000466  0.00000777  0.00000474  0.00000553  0.00000568  0.00000528  0.00000620  0.00000502  0.00000505  
0.00000505  0.00000502  0.00000620  0.00000528  0.00000568  0.00000553  0.00000474  0.00000777  0.00000466  0.00000385  0.00000346  0.00000460  0.00000436  0.00000545  0.00000717  0.00000493  
0.00000477  0.00000385  0.00000474  0.00000491  0.00000474  0.00000520  0.00000885  0.00000474  0.00000385  0.00000891  0.00000520  0.00000385  0.00000491  0.00000385  0.00000474  0.00000477  
0.00000672  0.00000553  0.00000346  0.00000635  0.00000553  0.00001084  0.00000520  0.00000553  0.00000346  0.00000520  0.00000862  0.00000346  0.00000635  0.00000553  0.00000346  0.00000672  
0.00000493  0.00000545  0.00000717  0.00000436  0.00000777  0.00000553  0.00000474  0.00000568  0.00000460  0.00000385  0.00000346  0.00000466  0.00000528  0.00000502  0.00000620  0.00000505  
0.00000637  0.00000528  0.00000528  0.00001289  0.00000436  0.00000635  0.00000491  0.00000528  0.00000436  0.00000491  0.00000635  0.00000528  0.00001061  0.00000436  0.00000436  0.00000637  
0.00000493  0.00000460  0.00000777  0.00000528  0.00000717  0.00000346  0.00000474  0.00000620  0.00000545  0.00000385  0.00000553  0.00000502  0.00000436  0.00000466  0.00000568  0.00000505  
0.00000493  0.00000777  0.00000460  0.00000528  0.00000545  0.00000553  0.00000385  0.00000502  0.00000717  0.00000474  0.00000346  0.00000620  0.00000436  0.00000568  0.00000466  0.00000505  
0.00001399  0.00000493  0.00000493  0.00000637  0.00000493  0.00000672  0.00000477  0.00000505  0.00000493  0.00000477  0.00000672  0.00000505  0.00000637  0.00000505  0.00000505  0.00001287  
