0.15999679  0.13406676  0.13406676  0.11712292  0.12432930  0.12818366  0.12818366  0.13793642  
0.13406676  0.11931254  0.11488577  0.10666400  0.10623641  0.11640676  0.11207667  0.12818366  
0.13406676  0.11488577  0.11931254  0.10666400  0.10623641  0.11207667  0.11640676  0.12818366  
0.11712292  0.10666400  0.10666400  0.10137813  0.09469402  0.10623641  0.10623641  0.12432930  
0.12432930  0.10623641  0.10623641  0.09469402  0.10137813  0.10666400  0.10666400  0.11712292  
0.12818366  0.11640676  0.11207667  0.10623641  0.10666400  0.11931254  0.11488577  0.13406676  
0.12818366  0.11207667  0.11640676  0.10623641  0.10666400  0.11488577  0.11931254  0.13406676  
0.13793642  0.12818366  0.12818366  0.12432930  0.11712292  0.13406676  0.13406676  0.15999679  
