0.00000405  0.00000352  0.00000352  0.00000427  0.00000353  0.00000313  0.00000313  0.00000371  
0.00000352  0.00000239  0.00000330  0.00000272  0.00000238  0.00000360  0.00000380  0.00000313  
0.00000352  0.00000330  0.00000239  0.00000272  0.00000238  0.00000380  0.00000360  0.00000313  
0.00000427  0.00000272  0.00000272  0.00000332  0.00000373  0.00000238  0.00000238  0.00000353  
0.00000353  0.00000238  0.00000238  0.00000373  0.00000332  0.00000272  0.00000272  0.00000427  
0.00000313  0.00000360  0.00000380  0.00000238  0.00000272  0.00000239  0.00000330  0.00000352  
0.00000313  0.00000380  0.00000360  0.00000238  0.00000272  0.00000330  0.00000239  0.00000352  
0.00000371  0.00000313  0.00000313  0.00000353  0.00000427  0.00000352  0.00000352  0.00000405  
