0.16560460  0.13460491  0.13460491  0.11560349  0.12510419  0.12660379  0.12660379  0.13570234  
0.13460491  0.11725476  0.11321031  0.10440194  0.10482879  0.11389575  0.10996241  0.12660379  
0.13460491  0.11321031  0.11725476  0.10440194  0.10482879  0.10996241  0.11389575  0.12660379  
0.11560349  0.10440194  0.10440194  0.09988588  0.09297429  0.10482879  0.10482879  0.12510419  
0.12510419  0.10482879  0.10482879  0.09297429  0.09988588  0.10440194  0.10440194  0.11560349  
0.12660379  0.11389575  0.10996241  0.10482879  0.10440194  0.11725476  0.11321031  0.13460491  
0.12660379  0.10996241  0.11389575  0.10482879  0.10440194  0.11321031  0.11725476  0.13460491  
0.13570234  0.12660379  0.12660379  0.12510419  0.11560349  0.13460491  0.13460491  0.16560460  
