0.00000422  0.00000249  0.00000249  0.00000356  0.00000326  0.00000287  0.00000287  0.00000440  
0.00000249  0.00000239  0.00000357  0.00000281  0.00000307  0.00000362  0.00000314  0.00000287  
0.00000249  0.00000357  0.00000239  0.00000281  0.00000307  0.00000314  0.00000362  0.00000287  
0.00000356  0.00000281  0.00000281  0.00000321  0.00000394  0.00000307  0.00000307  0.00000326  
0.00000326  0.00000307  0.00000307  0.00000394  0.00000321  0.00000281  0.00000281  0.00000356  
0.00000287  0.00000362  0.00000314  0.00000307  0.00000281  0.00000239  0.00000357  0.00000249  
0.00000287  0.00000314  0.00000362  0.00000307  0.00000281  0.00000357  0.00000239  0.00000249  
0.00000440  0.00000287  0.00000287  0.00000326  0.00000356  0.00000249  0.00000249  0.00000422  
