0.09784092  0.07542001  0.07542001  0.07124004  0.07542001  0.07126313  0.05973890  0.06918560  0.07542001  0.05973890  0.07126313  0.06918560  0.07124004  0.06918560  0.06918560  0.08236962  
0.07542001  0.06094858  0.05906250  0.05841028  0.05906636  0.05841857  0.04749990  0.05763140  0.05863381  0.04861704  0.05622888  0.05719509  0.05621998  0.05721261  0.05545324  0.06918560  
0.07542001  0.05906250  0.06094858  0.05841028  0.05863381  0.05622888  0.04861704  0.05719509  0.05906636  0.04749990  0.05841857  0.05763140  0.05621998  0.05545324  0.05721261  0.06918560  
0.07124004  0.05841028  0.05841028  0.05880732  0.05621998  0.05652552  0.04738528  0.05841028  0.05621998  0.04738528  0.05652552  0.05841028  0.05438219  0.05621998  0.05621998  0.07124004  
0.07542001  0.05906636  0.05863381  0.05621998  0.06094858  0.05841857  0.04861704  0.05721261  0.05906250  0.04749990  0.05622888  0.05545324  0.05841028  0.05763140  0.05719509  0.06918560  
0.07126313  0.05841857  0.05622888  0.05652552  0.05841857  0.05879476  0.04738659  0.05841857  0.05622888  0.04738659  0.05439089  0.05622888  0.05652552  0.05841857  0.05622888  0.07126313  
0.05973890  0.04749990  0.04861704  0.04738528  0.04861704  0.04738659  0.04076269  0.04861704  0.04749990  0.03882252  0.04738659  0.04749990  0.04738528  0.04749990  0.04861704  0.05973890  
0.06918560  0.05763140  0.05719509  0.05841028  0.05721261  0.05841857  0.04861704  0.06094858  0.05545324  0.04749990  0.05622888  0.05906250  0.05621998  0.05906636  0.05863381  0.07542001  
0.07542001  0.05863381  0.05906636  0.05621998  0.05906250  0.05622888  0.04749990  0.05545324  0.06094858  0.04861704  0.05841857  0.05721261  0.05841028  0.05719509  0.05763140  0.06918560  
0.05973890  0.04861704  0.04749990  0.04738528  0.04749990  0.04738659  0.03882252  0.04749990  0.04861704  0.04076269  0.04738659  0.04861704  0.04738528  0.04861704  0.04749990  0.05973890  
0.07126313  0.05622888  0.05841857  0.05652552  0.05622888  0.05439089  0.04738659  0.05622888  0.05841857  0.04738659  0.05879476  0.05841857  0.05652552  0.05622888  0.05841857  0.07126313  
0.06918560  0.05719509  0.05763140  0.05841028  0.05545324  0.05622888  0.04749990  0.05906250  0.05721261  0.04861704  0.05841857  0.06094858  0.05621998  0.05863381  0.05906636  0.07542001  
0.07124004  0.05621998  0.05621998  0.05438219  0.05841028  0.05652552  0.04738528  0.05621998  0.05841028  0.04738528  0.05652552  0.05621998  0.05880732  0.05841028  0.05841028  0.07124004  
0.06918560  0.05721261  0.05545324  0.05621998  0.05763140  0.05841857  0.04749990  0.05906636  0.05719509  0.04861704  0.05622888  0.05863381  0.05841028  0.06094858  0.05906250  0.07542001  
0.06918560  0.05545324  0.05721261  0.05621998  0.05719509  0.05622888  0.04861704  0.05863381  0.05763140  0.04749990  0.05841857  0.05906636  0.05841028  0.05906250  0.06094858  0.07542001  
0.08236962  0.06918560  0.06918560  0.07124004  0.06918560  0.07126313  0.05973890  0.07542001  0.06918560  0.05973890  0.07126313  0.07542001  0.07124004  0.07542001  0.07542001  0.09784092  
