0.09139700  0.07361722  0.07361722  0.07084177  0.07361722  0.07084325  0.06043722  0.06951886  0.07361722  0.06043722  0.07084325  0.06951886  0.07084177  0.06951886  0.06951886  0.08154594  
0.07361722  0.06138267  0.05986342  0.05958731  0.05984390  0.05958470  0.04958330  0.05901661  0.05954054  0.05056230  0.05781792  0.05871963  0.05781966  0.05871125  0.05726974  0.06951886  
0.07361722  0.05986342  0.06138267  0.05958731  0.05954054  0.05781792  0.05056230  0.05871963  0.05984390  0.04958330  0.05958470  0.05901661  0.05781966  0.05726974  0.05871125  0.06951886  
0.07084177  0.05958731  0.05958731  0.05994606  0.05781966  0.05812879  0.04959168  0.05958731  0.05781966  0.04959168  0.05812879  0.05958731  0.05639242  0.05781966  0.05781966  0.07084177  
0.07361722  0.05984390  0.05954054  0.05781966  0.06138267  0.05958470  0.05056230  0.05871125  0.05986342  0.04958330  0.05781792  0.05726974  0.05958731  0.05901661  0.05871963  0.06951886  
0.07084325  0.05958470  0.05781792  0.05812879  0.05958470  0.05994926  0.04958429  0.05958470  0.05781792  0.04958429  0.05638398  0.05781792  0.05812879  0.05958470  0.05781792  0.07084325  
0.06043722  0.04958330  0.05056230  0.04959168  0.05056230  0.04958429  0.04317698  0.05056230  0.04958330  0.04148979  0.04958429  0.04958330  0.04959168  0.04958330  0.05056230  0.06043722  
0.06951886  0.05901661  0.05871963  0.05958731  0.05871125  0.05958470  0.05056230  0.06138267  0.05726974  0.04958330  0.05781792  0.05986342  0.05781966  0.05984390  0.05954054  0.07361722  
0.07361722  0.05954054  0.05984390  0.05781966  0.05986342  0.05781792  0.04958330  0.05726974  0.06138267  0.05056230  0.05958470  0.05871125  0.05958731  0.05871963  0.05901661  0.06951886  
0.06043722  0.05056230  0.04958330  0.04959168  0.04958330  0.04958429  0.04148979  0.04958330  0.05056230  0.04317698  0.04958429  0.05056230  0.04959168  0.05056230  0.04958330  0.06043722  
0.07084325  0.05781792  0.05958470  0.05812879  0.05781792  0.05638398  0.04958429  0.05781792  0.05958470  0.04958429  0.05994926  0.05958470  0.05812879  0.05781792  0.05958470  0.07084325  
0.06951886  0.05871963  0.05901661  0.05958731  0.05726974  0.05781792  0.04958330  0.05986342  0.05871125  0.05056230  0.05958470  0.06138267  0.05781966  0.05954054  0.05984390  0.07361722  
0.07084177  0.05781966  0.05781966  0.05639242  0.05958731  0.05812879  0.04959168  0.05781966  0.05958731  0.04959168  0.05812879  0.05781966  0.05994606  0.05958731  0.05958731  0.07084177  
0.06951886  0.05871125  0.05726974  0.05781966  0.05901661  0.05958470  0.04958330  0.05984390  0.05871963  0.05056230  0.05781792  0.05954054  0.05958731  0.06138267  0.05986342  0.07361722  
0.06951886  0.05726974  0.05871125  0.05781966  0.05871963  0.05781792  0.05056230  0.05954054  0.05901661  0.04958330  0.05958470  0.05984390  0.05958731  0.05986342  0.06138267  0.07361722  
0.08154594  0.06951886  0.06951886  0.07084177  0.06951886  0.07084325  0.06043722  0.07361722  0.06951886  0.06043722  0.07084325  0.07361722  0.07084177  0.07361722  0.07361722  0.09139700  
