0.00001099  0.00000601  0.00000601  0.00000613  0.00000601  0.00000800  0.00000624  0.00000486  0.00000601  0.00000624  0.00000800  0.00000486  0.00000613  0.00000486  0.00000486  0.00001521  
0.00000601  0.00000401  0.00000724  0.00000459  0.00000738  0.00000525  0.00000514  0.00000604  0.00000667  0.00000397  0.00000555  0.00000577  0.00000472  0.00000648  0.00000625  0.00000486  
0.00000601  0.00000724  0.00000401  0.00000459  0.00000667  0.00000555  0.00000397  0.00000577  0.00000738  0.00000514  0.00000525  0.00000604  0.00000472  0.00000625  0.00000648  0.00000486  
0.00000613  0.00000459  0.00000459  0.00001127  0.00000472  0.00000664  0.00000581  0.00000459  0.00000472  0.00000581  0.00000664  0.00000459  0.00001065  0.00000472  0.00000472  0.00000613  
0.00000601  0.00000738  0.00000667  0.00000472  0.00000401  0.00000525  0.00000397  0.00000648  0.00000724  0.00000514  0.00000555  0.00000625  0.00000459  0.00000604  0.00000577  0.00000486  
0.00000800  0.00000525  0.00000555  0.00000664  0.00000525  0.00001088  0.00000607  0.00000525  0.00000555  0.00000607  0.00001033  0.00000555  0.00000664  0.00000525  0.00000555  0.00000800  
0.00000624  0.00000514  0.00000397  0.00000581  0.00000397  0.00000607  0.00001108  0.00000397  0.00000514  0.00000695  0.00000607  0.00000514  0.00000581  0.00000514  0.00000397  0.00000624  
0.00000486  0.00000604  0.00000577  0.00000459  0.00000648  0.00000525  0.00000397  0.00000401  0.00000625  0.00000514  0.00000555  0.00000724  0.00000472  0.00000738  0.00000667  0.00000601  
0.00000601  0.00000667  0.00000738  0.00000472  0.00000724  0.00000555  0.00000514  0.00000625  0.00000401  0.00000397  0.00000525  0.00000648  0.00000459  0.00000577  0.00000604  0.00000486  
0.00000624  0.00000397  0.00000514  0.00000581  0.00000514  0.00000607  0.00000695  0.00000514  0.00000397  0.00001108  0.00000607  0.00000397  0.00000581  0.00000397  0.00000514  0.00000624  
0.00000800  0.00000555  0.00000525  0.00000664  0.00000555  0.00001033  0.00000607  0.00000555  0.00000525  0.00000607  0.00001088  0.00000525  0.00000664  0.00000555  0.00000525  0.00000800  
0.00000486  0.00000577  0.00000604  0.00000459  0.00000625  0.00000555  0.00000514  0.00000724  0.00000648  0.00000397  0.00000525  0.00000401  0.00000472  0.00000667  0.00000738  0.00000601  
0.00000613  0.00000472  0.00000472  0.00001065  0.00000459  0.00000664  0.00000581  0.00000472  0.00000459  0.00000581  0.00000664  0.00000472  0.00001127  0.00000459  0.00000459  0.00000613  
0.00000486  0.00000648  0.00000625  0.00000472  0.00000604  0.00000525  0.00000514  0.00000738  0.00000577  0.00000397  0.00000555  0.00000667  0.00000459  0.00000401  0.00000724  0.00000601  
0.00000486  0.00000625  0.00000648  0.00000472  0.00000577  0.00000555  0.00000397  0.00000667  0.00000604  0.00000514  0.00000525  0.00000738  0.00000459  0.00000724  0.00000401  0.00000601  
0.00001521  0.00000486  0.00000486  0.00000613  0.00000486  0.00000800  0.00000624  0.00000601  0.00000486  0.00000624  0.00000800  0.00000601  0.00000613  0.00000601  0.00000601  0.00001099  
