0.31337492  0.13114854  0.13114854  0.06555601  0.12451105  0.07922062  0.07922062  0.07364512  
0.13114854  0.06546109  0.06336980  0.04669426  0.05834397  0.05335889  0.05156975  0.07922062  
0.13114854  0.06336980  0.06546109  0.04669426  0.05834397  0.05156975  0.05335889  0.07922062  
0.06555601  0.04669426  0.04669426  0.05570290  0.03922939  0.05834397  0.05834397  0.12451105  
0.12451105  0.05834397  0.05834397  0.03922939  0.05570290  0.04669426  0.04669426  0.06555601  
0.07922062  0.05335889  0.05156975  0.05834397  0.04669426  0.06546109  0.06336980  0.13114854  
0.07922062  0.05156975  0.05335889  0.05834397  0.04669426  0.06336980  0.06546109  0.13114854  
0.07364512  0.07922062  0.07922062  0.12451105  0.06555601  0.13114854  0.13114854  0.31337492  
