0.00002510  0.00001184  0.00001184  0.00001183  0.00001789  0.00001063  0.00001063  0.00001915  
0.00001184  0.00001059  0.00001071  0.00000784  0.00000771  0.00000955  0.00001079  0.00001063  
0.00001184  0.00001071  0.00001059  0.00000784  0.00000771  0.00001079  0.00000955  0.00001063  
0.00001183  0.00000784  0.00000784  0.00001224  0.00001037  0.00000771  0.00000771  0.00001789  
0.00001789  0.00000771  0.00000771  0.00001037  0.00001224  0.00000784  0.00000784  0.00001183  
0.00001063  0.00000955  0.00001079  0.00000771  0.00000784  0.00001059  0.00001071  0.00001184  
0.00001063  0.00001079  0.00000955  0.00000771  0.00000784  0.00001071  0.00001059  0.00001184  
0.00001915  0.00001063  0.00001063  0.00001789  0.00001183  0.00001184  0.00001184  0.00002510  
