0.22561330  0.10041500  0.10041500  0.06408471  0.10041500  0.06413806  0.04844630  0.04806069  0.10041500  0.04844630  0.06413806  0.04806069  0.06408471  0.04806069  0.04806069  0.06044086  
0.10041500  0.04866293  0.04716678  0.03476675  0.04720170  0.03476800  0.02540790  0.03131413  0.04685399  0.02599846  0.03333751  0.03101567  0.03334197  0.03100706  0.02997504  0.04806069  
0.10041500  0.04716678  0.04866293  0.03476675  0.04685399  0.03333751  0.02599846  0.03101567  0.04720170  0.02540790  0.03476800  0.03131413  0.03334197  0.02997504  0.03100706  0.04806069  
0.06408471  0.03476675  0.03476675  0.03119736  0.03334197  0.02975324  0.02242676  0.03476675  0.03334197  0.02242676  0.02975324  0.03476675  0.02845848  0.03334197  0.03334197  0.06408471  
0.10041500  0.04720170  0.04685399  0.03334197  0.04866293  0.03476800  0.02599846  0.03100706  0.04716678  0.02540790  0.03333751  0.02997504  0.03476675  0.03131413  0.03101567  0.04806069  
0.06413806  0.03476800  0.03333751  0.02975324  0.03476800  0.03116828  0.02242828  0.03476800  0.03333751  0.02242828  0.02846199  0.03333751  0.02975324  0.03476800  0.03333751  0.06413806  
0.04844630  0.02540790  0.02599846  0.02242676  0.02599846  0.02242828  0.01736933  0.02599846  0.02540790  0.01654931  0.02242828  0.02540790  0.02242676  0.02540790  0.02599846  0.04844630  
0.04806069  0.03131413  0.03101567  0.03476675  0.03100706  0.03476800  0.02599846  0.04866293  0.02997504  0.02540790  0.03333751  0.04716678  0.03334197  0.04720170  0.04685399  0.10041500  
0.10041500  0.04685399  0.04720170  0.03334197  0.04716678  0.03333751  0.02540790  0.02997504  0.04866293  0.02599846  0.03476800  0.03100706  0.03476675  0.03101567  0.03131413  0.04806069  
0.04844630  0.02599846  0.02540790  0.02242676  0.02540790  0.02242828  0.01654931  0.02540790  0.02599846  0.01736933  0.02242828  0.02599846  0.02242676  0.02599846  0.02540790  0.04844630  
0.06413806  0.03333751  0.03476800  0.02975324  0.03333751  0.02846199  0.02242828  0.03333751  0.03476800  0.02242828  0.03116828  0.03476800  0.02975324  0.03333751  0.03476800  0.06413806  
0.04806069  0.03101567  0.03131413  0.03476675  0.02997504  0.03333751  0.02540790  0.04716678  0.03100706  0.02599846  0.03476800  0.04866293  0.03334197  0.04685399  0.04720170  0.10041500  
0.06408471  0.03334197  0.03334197  0.02845848  0.03476675  0.02975324  0.02242676  0.03334197  0.03476675  0.02242676  0.02975324  0.03334197  0.03119736  0.03476675  0.03476675  0.06408471  
0.04806069  0.03100706  0.02997504  0.03334197  0.03131413  0.03476800  0.02540790  0.04720170  0.03101567  0.02599846  0.03333751  0.04685399  0.03476675  0.04866293  0.04716678  0.10041500  
0.04806069  0.02997504  0.03100706  0.03334197  0.03101567  0.03333751  0.02599846  0.04685399  0.03131413  0.02540790  0.03476800  0.04720170  0.03476675  0.04716678  0.04866293  0.10041500  
0.06044086  0.04806069  0.04806069  0.06408471  0.04806069  0.06413806  0.04844630  0.10041500  0.04806069  0.04844630  0.06413806  0.10041500  0.06408471  0.10041500  0.10041500  0.22561330  
