0.00005081  0.00002158  0.00002158  0.00001988  0.00002158  0.00002332  0.00002010  0.00001576  0.00002158  0.00002010  0.00002332  0.00001576  0.00001988  0.00001576  0.00001576  0.00003798  
0.00002158  0.00001104  0.00001554  0.00000902  0.00001865  0.00000947  0.00000839  0.00001324  0.00001528  0.00000906  0.00001158  0.00001269  0.00001186  0.00001196  0.00001513  0.00001576  
0.00002158  0.00001554  0.00001104  0.00000902  0.00001528  0.00001158  0.00000906  0.00001269  0.00001865  0.00000839  0.00000947  0.00001324  0.00001186  0.00001513  0.00001196  0.00001576  
0.00001988  0.00000902  0.00000902  0.00001996  0.00001186  0.00001019  0.00001094  0.00000902  0.00001186  0.00001094  0.00001019  0.00000902  0.00002452  0.00001186  0.00001186  0.00001988  
0.00002158  0.00001865  0.00001528  0.00001186  0.00001104  0.00000947  0.00000906  0.00001196  0.00001554  0.00000839  0.00001158  0.00001513  0.00000902  0.00001324  0.00001269  0.00001576  
0.00002332  0.00000947  0.00001158  0.00001019  0.00000947  0.00001881  0.00001016  0.00000947  0.00001158  0.00001016  0.00002117  0.00001158  0.00001019  0.00000947  0.00001158  0.00002332  
0.00002010  0.00000839  0.00000906  0.00001094  0.00000906  0.00001016  0.00001442  0.00000906  0.00000839  0.00001649  0.00001016  0.00000839  0.00001094  0.00000839  0.00000906  0.00002010  
0.00001576  0.00001324  0.00001269  0.00000902  0.00001196  0.00000947  0.00000906  0.00001104  0.00001513  0.00000839  0.00001158  0.00001554  0.00001186  0.00001865  0.00001528  0.00002158  
0.00002158  0.00001528  0.00001865  0.00001186  0.00001554  0.00001158  0.00000839  0.00001513  0.00001104  0.00000906  0.00000947  0.00001196  0.00000902  0.00001269  0.00001324  0.00001576  
0.00002010  0.00000906  0.00000839  0.00001094  0.00000839  0.00001016  0.00001649  0.00000839  0.00000906  0.00001442  0.00001016  0.00000906  0.00001094  0.00000906  0.00000839  0.00002010  
0.00002332  0.00001158  0.00000947  0.00001019  0.00001158  0.00002117  0.00001016  0.00001158  0.00000947  0.00001016  0.00001881  0.00000947  0.00001019  0.00001158  0.00000947  0.00002332  
0.00001576  0.00001269  0.00001324  0.00000902  0.00001513  0.00001158  0.00000839  0.00001554  0.00001196  0.00000906  0.00000947  0.00001104  0.00001186  0.00001528  0.00001865  0.00002158  
0.00001988  0.00001186  0.00001186  0.00002452  0.00000902  0.00001019  0.00001094  0.00001186  0.00000902  0.00001094  0.00001019  0.00001186  0.00001996  0.00000902  0.00000902  0.00001988  
0.00001576  0.00001196  0.00001513  0.00001186  0.00001324  0.00000947  0.00000839  0.00001865  0.00001269  0.00000906  0.00001158  0.00001528  0.00000902  0.00001104  0.00001554  0.00002158  
0.00001576  0.00001513  0.00001196  0.00001186  0.00001269  0.00001158  0.00000906  0.00001528  0.00001324  0.00000839  0.00000947  0.00001865  0.00000902  0.00001554  0.00001104  0.00002158  
0.00003798  0.00001576  0.00001576  0.00001988  0.00001576  0.00002332  0.00002010  0.00002158  0.00001576  0.00002010  0.00002332  0.00002158  0.00001988  0.00002158  0.00002158  0.00005081  
