0.00001238  0.00000815  0.00000815  0.00000830  0.00001102  0.00000950  0.00000950  0.00001221  
0.00000815  0.00000610  0.00000817  0.00000565  0.00000625  0.00000869  0.00000726  0.00000950  
0.00000815  0.00000817  0.00000610  0.00000565  0.00000625  0.00000726  0.00000869  0.00000950  
0.00000830  0.00000565  0.00000565  0.00000981  0.00000908  0.00000625  0.00000625  0.00001102  
0.00001102  0.00000625  0.00000625  0.00000908  0.00000981  0.00000565  0.00000565  0.00000830  
0.00000950  0.00000869  0.00000726  0.00000625  0.00000565  0.00000610  0.00000817  0.00000815  
0.00000950  0.00000726  0.00000869  0.00000625  0.00000565  0.00000817  0.00000610  0.00000815  
0.00001221  0.00000950  0.00000950  0.00001102  0.00000830  0.00000815  0.00000815  0.00001238  
