0.37002569  0.09997437  0.09997437  0.03669674  0.09997437  0.03669494  0.02774132  0.01550556  0.09997437  0.02774132  0.03669494  0.01550556  0.03669674  0.01550556  0.01550556  0.01457040  
0.09997437  0.02780983  0.02742301  0.01124652  0.02742692  0.01124764  0.00836420  0.00744154  0.02738580  0.00847124  0.01105286  0.00742344  0.01105249  0.00742092  0.00730232  0.01550556  
0.09997437  0.02742301  0.02780983  0.01124652  0.02738580  0.01105286  0.00847124  0.00742344  0.02742692  0.00836420  0.01124764  0.00744154  0.01105249  0.00730232  0.00742092  0.01550556  
0.03669674  0.01124652  0.01124652  0.00730145  0.01105249  0.00715222  0.00539478  0.01124652  0.01105249  0.00539478  0.00715222  0.01124652  0.00701995  0.01105249  0.01105249  0.03669674  
0.09997437  0.02742692  0.02738580  0.01105249  0.02780983  0.01124764  0.00847124  0.00742092  0.02742301  0.00836420  0.01105286  0.00730232  0.01124652  0.00744154  0.00742344  0.01550556  
0.03669494  0.01124764  0.01105286  0.00715222  0.01124764  0.00730247  0.00539490  0.01124764  0.01105286  0.00539490  0.00701982  0.01105286  0.00715222  0.01124764  0.01105286  0.03669494  
0.02774132  0.00836420  0.00847124  0.00539478  0.00847124  0.00539490  0.00413108  0.00847124  0.00836420  0.00402143  0.00539490  0.00836420  0.00539478  0.00836420  0.00847124  0.02774132  
0.01550556  0.00744154  0.00742344  0.01124652  0.00742092  0.01124764  0.00847124  0.02780983  0.00730232  0.00836420  0.01105286  0.02742301  0.01105249  0.02742692  0.02738580  0.09997437  
0.09997437  0.02738580  0.02742692  0.01105249  0.02742301  0.01105286  0.00836420  0.00730232  0.02780983  0.00847124  0.01124764  0.00742092  0.01124652  0.00742344  0.00744154  0.01550556  
0.02774132  0.00847124  0.00836420  0.00539478  0.00836420  0.00539490  0.00402143  0.00836420  0.00847124  0.00413108  0.00539490  0.00847124  0.00539478  0.00847124  0.00836420  0.02774132  
0.03669494  0.01105286  0.01124764  0.00715222  0.01105286  0.00701982  0.00539490  0.01105286  0.01124764  0.00539490  0.00730247  0.01124764  0.00715222  0.01105286  0.01124764  0.03669494  
0.01550556  0.00742344  0.00744154  0.01124652  0.00730232  0.01105286  0.00836420  0.02742301  0.00742092  0.00847124  0.01124764  0.02780983  0.01105249  0.02738580  0.02742692  0.09997437  
0.03669674  0.01105249  0.01105249  0.00701995  0.01124652  0.00715222  0.00539478  0.01105249  0.01124652  0.00539478  0.00715222  0.01105249  0.00730145  0.01124652  0.01124652  0.03669674  
0.01550556  0.00742092  0.00730232  0.01105249  0.00744154  0.01124764  0.00836420  0.02742692  0.00742344  0.00847124  0.01105286  0.02738580  0.01124652  0.02780983  0.02742301  0.09997437  
0.01550556  0.00730232  0.00742092  0.01105249  0.00742344  0.01105286  0.00847124  0.02738580  0.00744154  0.00836420  0.01124764  0.02742692  0.01124652  0.02742301  0.02780983  0.09997437  
0.01457040  0.01550556  0.01550556  0.03669674  0.01550556  0.03669494  0.02774132  0.09997437  0.01550556  0.02774132  0.03669494  0.09997437  0.03669674  0.09997437  0.09997437  0.37002569  
