0.00001209  0.00000583  0.00000583  0.00000400  0.00000583  0.00000435  0.00000297  0.00000228  0.00000583  0.00000297  0.00000435  0.00000228  0.00000400  0.00000228  0.00000228  0.00000416  
0.00000583  0.00000259  0.00000285  0.00000094  0.00000334  0.00000127  0.00000126  0.00000158  0.00000318  0.00000137  0.00000151  0.00000171  0.00000163  0.00000172  0.00000162  0.00000228  
0.00000583  0.00000285  0.00000259  0.00000094  0.00000318  0.00000151  0.00000137  0.00000171  0.00000334  0.00000126  0.00000127  0.00000158  0.00000163  0.00000162  0.00000172  0.00000228  
0.00000400  0.00000094  0.00000094  0.00000235  0.00000163  0.00000118  0.00000079  0.00000094  0.00000163  0.00000079  0.00000118  0.00000094  0.00000278  0.00000163  0.00000163  0.00000400  
0.00000583  0.00000334  0.00000318  0.00000163  0.00000259  0.00000127  0.00000137  0.00000172  0.00000285  0.00000126  0.00000151  0.00000162  0.00000094  0.00000158  0.00000171  0.00000228  
0.00000435  0.00000127  0.00000151  0.00000118  0.00000127  0.00000252  0.00000114  0.00000127  0.00000151  0.00000114  0.00000256  0.00000151  0.00000118  0.00000127  0.00000151  0.00000435  
0.00000297  0.00000126  0.00000137  0.00000079  0.00000137  0.00000114  0.00000201  0.00000137  0.00000126  0.00000172  0.00000114  0.00000126  0.00000079  0.00000126  0.00000137  0.00000297  
0.00000228  0.00000158  0.00000171  0.00000094  0.00000172  0.00000127  0.00000137  0.00000259  0.00000162  0.00000126  0.00000151  0.00000285  0.00000163  0.00000334  0.00000318  0.00000583  
0.00000583  0.00000318  0.00000334  0.00000163  0.00000285  0.00000151  0.00000126  0.00000162  0.00000259  0.00000137  0.00000127  0.00000172  0.00000094  0.00000171  0.00000158  0.00000228  
0.00000297  0.00000137  0.00000126  0.00000079  0.00000126  0.00000114  0.00000172  0.00000126  0.00000137  0.00000201  0.00000114  0.00000137  0.00000079  0.00000137  0.00000126  0.00000297  
0.00000435  0.00000151  0.00000127  0.00000118  0.00000151  0.00000256  0.00000114  0.00000151  0.00000127  0.00000114  0.00000252  0.00000127  0.00000118  0.00000151  0.00000127  0.00000435  
0.00000228  0.00000171  0.00000158  0.00000094  0.00000162  0.00000151  0.00000126  0.00000285  0.00000172  0.00000137  0.00000127  0.00000259  0.00000163  0.00000318  0.00000334  0.00000583  
0.00000400  0.00000163  0.00000163  0.00000278  0.00000094  0.00000118  0.00000079  0.00000163  0.00000094  0.00000079  0.00000118  0.00000163  0.00000235  0.00000094  0.00000094  0.00000400  
0.00000228  0.00000172  0.00000162  0.00000163  0.00000158  0.00000127  0.00000126  0.00000334  0.00000171  0.00000137  0.00000151  0.00000318  0.00000094  0.00000259  0.00000285  0.00000583  
0.00000228  0.00000162  0.00000172  0.00000163  0.00000171  0.00000151  0.00000137  0.00000318  0.00000158  0.00000126  0.00000127  0.00000334  0.00000094  0.00000285  0.00000259  0.00000583  
0.00000416  0.00000228  0.00000228  0.00000400  0.00000228  0.00000435  0.00000297  0.00000583  0.00000228  0.00000297  0.00000435  0.00000583  0.00000400  0.00000583  0.00000583  0.00001209  
