0.07310204  0.06716146  0.06716146  0.06682347  0.06716146  0.06685188  0.06202110  0.06670583  0.06716146  0.06202110  0.06685188  0.06670583  0.06682347  0.06670583  0.06670583  0.07196485  
0.06716146  0.06228820  0.06188707  0.06191529  0.06187564  0.06190499  0.05716389  0.06181551  0.06186444  0.05742460  0.06158144  0.06180581  0.06155935  0.06177707  0.06150014  0.06670583  
0.06716146  0.06188707  0.06228820  0.06191529  0.06186444  0.06158144  0.05742460  0.06180581  0.06187564  0.05716389  0.06190499  0.06181551  0.06155935  0.06150014  0.06177707  0.06670583  
0.06682347  0.06191529  0.06191529  0.06214220  0.06155935  0.06165332  0.05720771  0.06191529  0.06155935  0.05720771  0.06165332  0.06191529  0.06130345  0.06155935  0.06155935  0.06682347  
0.06716146  0.06187564  0.06186444  0.06155935  0.06228820  0.06190499  0.05742460  0.06177707  0.06188707  0.05716389  0.06158144  0.06150014  0.06191529  0.06181551  0.06180581  0.06670583  
0.06685188  0.06190499  0.06158144  0.06165332  0.06190499  0.06216128  0.05721876  0.06190499  0.06158144  0.05721876  0.06132494  0.06158144  0.06165332  0.06190499  0.06158144  0.06685188  
0.06202110  0.05716389  0.05742460  0.05720771  0.05742460  0.05721876  0.05344170  0.05742460  0.05716389  0.05286812  0.05721876  0.05716389  0.05720771  0.05716389  0.05742460  0.06202110  
0.06670583  0.06181551  0.06180581  0.06191529  0.06177707  0.06190499  0.05742460  0.06228820  0.06150014  0.05716389  0.06158144  0.06188707  0.06155935  0.06187564  0.06186444  0.06716146  
0.06716146  0.06186444  0.06187564  0.06155935  0.06188707  0.06158144  0.05716389  0.06150014  0.06228820  0.05742460  0.06190499  0.06177707  0.06191529  0.06180581  0.06181551  0.06670583  
0.06202110  0.05742460  0.05716389  0.05720771  0.05716389  0.05721876  0.05286812  0.05716389  0.05742460  0.05344170  0.05721876  0.05742460  0.05720771  0.05742460  0.05716389  0.06202110  
0.06685188  0.06158144  0.06190499  0.06165332  0.06158144  0.06132494  0.05721876  0.06158144  0.06190499  0.05721876  0.06216128  0.06190499  0.06165332  0.06158144  0.06190499  0.06685188  
0.06670583  0.06180581  0.06181551  0.06191529  0.06150014  0.06158144  0.05716389  0.06188707  0.06177707  0.05742460  0.06190499  0.06228820  0.06155935  0.06186444  0.06187564  0.06716146  
0.06682347  0.06155935  0.06155935  0.06130345  0.06191529  0.06165332  0.05720771  0.06155935  0.06191529  0.05720771  0.06165332  0.06155935  0.06214220  0.06191529  0.06191529  0.06682347  
0.06670583  0.06177707  0.06150014  0.06155935  0.06181551  0.06190499  0.05716389  0.06187564  0.06180581  0.05742460  0.06158144  0.06186444  0.06191529  0.06228820  0.06188707  0.06716146  
0.06670583  0.06150014  0.06177707  0.06155935  0.06180581  0.06158144  0.05742460  0.06186444  0.06181551  0.05716389  0.06190499  0.06187564  0.06191529  0.06188707  0.06228820  0.06716146  
0.07196485  0.06670583  0.06670583  0.06682347  0.06670583  0.06685188  0.06202110  0.06716146  0.06670583  0.06202110  0.06685188  0.06716146  0.06682347  0.06716146  0.06716146  0.07310204  
