0.00002608  0.00000876  0.00000876  0.00001248  0.00000876  0.00001100  0.00001141  0.00001211  0.00000876  0.00001141  0.00001100  0.00001211  0.00001248  0.00001211  0.00001211  0.00002546  
0.00000876  0.00000669  0.00001480  0.00001015  0.00001303  0.00001209  0.00000923  0.00001422  0.00001308  0.00000841  0.00001042  0.00001352  0.00000955  0.00001565  0.00001184  0.00001211  
0.00000876  0.00001480  0.00000669  0.00001015  0.00001308  0.00001042  0.00000841  0.00001352  0.00001303  0.00000923  0.00001209  0.00001422  0.00000955  0.00001184  0.00001565  0.00001211  
0.00001248  0.00001015  0.00001015  0.00001940  0.00000955  0.00001138  0.00000994  0.00001015  0.00000955  0.00000994  0.00001138  0.00001015  0.00002518  0.00000955  0.00000955  0.00001248  
0.00000876  0.00001303  0.00001308  0.00000955  0.00000669  0.00001209  0.00000841  0.00001565  0.00001480  0.00000923  0.00001042  0.00001184  0.00001015  0.00001422  0.00001352  0.00001211  
0.00001100  0.00001209  0.00001042  0.00001138  0.00001209  0.00001961  0.00001037  0.00001209  0.00001042  0.00001037  0.00002531  0.00001042  0.00001138  0.00001209  0.00001042  0.00001100  
0.00001141  0.00000923  0.00000841  0.00000994  0.00000841  0.00001037  0.00002066  0.00000841  0.00000923  0.00002300  0.00001037  0.00000923  0.00000994  0.00000923  0.00000841  0.00001141  
0.00001211  0.00001422  0.00001352  0.00001015  0.00001565  0.00001209  0.00000841  0.00000669  0.00001184  0.00000923  0.00001042  0.00001480  0.00000955  0.00001303  0.00001308  0.00000876  
0.00000876  0.00001308  0.00001303  0.00000955  0.00001480  0.00001042  0.00000923  0.00001184  0.00000669  0.00000841  0.00001209  0.00001565  0.00001015  0.00001352  0.00001422  0.00001211  
0.00001141  0.00000841  0.00000923  0.00000994  0.00000923  0.00001037  0.00002300  0.00000923  0.00000841  0.00002066  0.00001037  0.00000841  0.00000994  0.00000841  0.00000923  0.00001141  
0.00001100  0.00001042  0.00001209  0.00001138  0.00001042  0.00002531  0.00001037  0.00001042  0.00001209  0.00001037  0.00001961  0.00001209  0.00001138  0.00001042  0.00001209  0.00001100  
0.00001211  0.00001352  0.00001422  0.00001015  0.00001184  0.00001042  0.00000923  0.00001480  0.00001565  0.00000841  0.00001209  0.00000669  0.00000955  0.00001308  0.00001303  0.00000876  
0.00001248  0.00000955  0.00000955  0.00002518  0.00001015  0.00001138  0.00000994  0.00000955  0.00001015  0.00000994  0.00001138  0.00000955  0.00001940  0.00001015  0.00001015  0.00001248  
0.00001211  0.00001565  0.00001184  0.00000955  0.00001422  0.00001209  0.00000923  0.00001303  0.00001352  0.00000841  0.00001042  0.00001308  0.00001015  0.00000669  0.00001480  0.00000876  
0.00001211  0.00001184  0.00001565  0.00000955  0.00001352  0.00001042  0.00000841  0.00001308  0.00001422  0.00000923  0.00001209  0.00001303  0.00001015  0.00001480  0.00000669  0.00000876  
0.00002546  0.00001211  0.00001211  0.00001248  0.00001211  0.00001100  0.00001141  0.00000876  0.00001211  0.00001141  0.00001100  0.00000876  0.00001248  0.00000876  0.00000876  0.00002608  
