0.17972190  0.10371126  0.08093671  0.09484364  0.08093671  0.05287023  0.07211329  0.09813858  0.10371126  0.06270960  0.05287023  0.06629546  0.09484364  0.06629546  0.09813858  0.14063435  
0.10371126  0.06864094  0.04787123  0.06470186  0.04714098  0.03544792  0.04327723  0.06778318  0.06039984  0.04195075  0.03165601  0.04578871  0.05585797  0.04505751  0.05960464  0.09813858  
0.08093671  0.04787123  0.03668013  0.04406327  0.03657328  0.02451090  0.03277694  0.04578871  0.04714098  0.02923553  0.02416944  0.03113726  0.04327479  0.03107160  0.04505751  0.06629546  
0.09484364  0.06470186  0.04406327  0.06153198  0.04327479  0.03360358  0.04006101  0.06470186  0.05585797  0.04006101  0.02950570  0.04406327  0.05193050  0.04327479  0.05585797  0.09484364  
0.08093671  0.04714098  0.03657328  0.04327479  0.03668013  0.02416944  0.03277694  0.04505751  0.04787123  0.02923553  0.02451090  0.03107160  0.04406327  0.03113726  0.04578871  0.06629546  
0.05287023  0.03544792  0.02451090  0.03360358  0.02416944  0.01848880  0.02231773  0.03544792  0.03165601  0.02231773  0.01668651  0.02451090  0.02950570  0.02416944  0.03165601  0.05287023  
0.07211329  0.04327723  0.03277694  0.04006101  0.03277694  0.02231773  0.02961518  0.04195075  0.04327723  0.02727264  0.02231773  0.02923553  0.04006101  0.02923553  0.04195075  0.06270960  
0.09813858  0.06778318  0.04578871  0.06470186  0.04505751  0.03544792  0.04195075  0.06864094  0.05960464  0.04327723  0.03165601  0.04787123  0.05585797  0.04714098  0.06039984  0.10371126  
0.10371126  0.06039984  0.04714098  0.05585797  0.04787123  0.03165601  0.04327723  0.05960464  0.06864094  0.04195075  0.03544792  0.04505751  0.06470186  0.04578871  0.06778318  0.09813858  
0.06270960  0.04195075  0.02923553  0.04006101  0.02923553  0.02231773  0.02727264  0.04327723  0.04195075  0.02961518  0.02231773  0.03277694  0.04006101  0.03277694  0.04327723  0.07211329  
0.05287023  0.03165601  0.02416944  0.02950570  0.02451090  0.01668651  0.02231773  0.03165601  0.03544792  0.02231773  0.01848880  0.02416944  0.03360358  0.02451090  0.03544792  0.05287023  
0.06629546  0.04578871  0.03113726  0.04406327  0.03107160  0.02451090  0.02923553  0.04787123  0.04505751  0.03277694  0.02416944  0.03668013  0.04327479  0.03657328  0.04714098  0.08093671  
0.09484364  0.05585797  0.04327479  0.05193050  0.04406327  0.02950570  0.04006101  0.05585797  0.06470186  0.04006101  0.03360358  0.04327479  0.06153198  0.04406327  0.06470186  0.09484364  
0.06629546  0.04505751  0.03107160  0.04327479  0.03113726  0.02416944  0.02923553  0.04714098  0.04578871  0.03277694  0.02451090  0.03657328  0.04406327  0.03668013  0.04787123  0.08093671  
0.09813858  0.05960464  0.04505751  0.05585797  0.04578871  0.03165601  0.04195075  0.06039984  0.06778318  0.04327723  0.03544792  0.04714098  0.06470186  0.04787123  0.06864094  0.10371126  
0.14063435  0.09813858  0.06629546  0.09484364  0.06629546  0.05287023  0.06270960  0.10371126  0.09813858  0.07211329  0.05287023  0.08093671  0.09484364  0.08093671  0.10371126  0.17972190  
