0.00001864  0.00000947  0.00000547  0.00000944  0.00000547  0.00000700  0.00000921  0.00000998  0.00000947  0.00000854  0.00000700  0.00000801  0.00000944  0.00000801  0.00000998  0.00001729  
0.00000947  0.00000762  0.00000523  0.00000553  0.00000558  0.00000417  0.00000499  0.00000943  0.00000755  0.00000616  0.00000370  0.00000446  0.00000564  0.00000404  0.00000813  0.00000998  
0.00000547  0.00000523  0.00000563  0.00000390  0.00000432  0.00000301  0.00000341  0.00000446  0.00000558  0.00000365  0.00000322  0.00000556  0.00000467  0.00000501  0.00000404  0.00000801  
0.00000944  0.00000553  0.00000390  0.00001006  0.00000467  0.00000556  0.00000435  0.00000553  0.00000564  0.00000435  0.00000535  0.00000390  0.00000916  0.00000467  0.00000564  0.00000944  
0.00000547  0.00000558  0.00000432  0.00000467  0.00000563  0.00000322  0.00000341  0.00000404  0.00000523  0.00000365  0.00000301  0.00000501  0.00000390  0.00000556  0.00000446  0.00000801  
0.00000700  0.00000417  0.00000301  0.00000556  0.00000322  0.00000449  0.00000236  0.00000417  0.00000370  0.00000236  0.00000561  0.00000301  0.00000535  0.00000322  0.00000370  0.00000700  
0.00000921  0.00000499  0.00000341  0.00000435  0.00000341  0.00000236  0.00000653  0.00000616  0.00000499  0.00000668  0.00000236  0.00000365  0.00000435  0.00000365  0.00000616  0.00000854  
0.00000998  0.00000943  0.00000446  0.00000553  0.00000404  0.00000417  0.00000616  0.00000762  0.00000813  0.00000499  0.00000370  0.00000523  0.00000564  0.00000558  0.00000755  0.00000947  
0.00000947  0.00000755  0.00000558  0.00000564  0.00000523  0.00000370  0.00000499  0.00000813  0.00000762  0.00000616  0.00000417  0.00000404  0.00000553  0.00000446  0.00000943  0.00000998  
0.00000854  0.00000616  0.00000365  0.00000435  0.00000365  0.00000236  0.00000668  0.00000499  0.00000616  0.00000653  0.00000236  0.00000341  0.00000435  0.00000341  0.00000499  0.00000921  
0.00000700  0.00000370  0.00000322  0.00000535  0.00000301  0.00000561  0.00000236  0.00000370  0.00000417  0.00000236  0.00000449  0.00000322  0.00000556  0.00000301  0.00000417  0.00000700  
0.00000801  0.00000446  0.00000556  0.00000390  0.00000501  0.00000301  0.00000365  0.00000523  0.00000404  0.00000341  0.00000322  0.00000563  0.00000467  0.00000432  0.00000558  0.00000547  
0.00000944  0.00000564  0.00000467  0.00000916  0.00000390  0.00000535  0.00000435  0.00000564  0.00000553  0.00000435  0.00000556  0.00000467  0.00001006  0.00000390  0.00000553  0.00000944  
0.00000801  0.00000404  0.00000501  0.00000467  0.00000556  0.00000322  0.00000365  0.00000558  0.00000446  0.00000341  0.00000301  0.00000432  0.00000390  0.00000563  0.00000523  0.00000547  
0.00000998  0.00000813  0.00000404  0.00000564  0.00000446  0.00000370  0.00000616  0.00000755  0.00000943  0.00000499  0.00000417  0.00000558  0.00000553  0.00000523  0.00000762  0.00000947  
0.00001729  0.00000998  0.00000801  0.00000944  0.00000801  0.00000700  0.00000854  0.00000947  0.00000998  0.00000921  0.00000700  0.00000547  0.00000944  0.00000547  0.00000947  0.00001864  
