0.13224559  0.12815073  0.12815073  0.12449781  0.12487880  0.12792764  0.12792764  0.13136760  
0.12815073  0.12471333  0.12431324  0.12121323  0.12108287  0.12449038  0.12413282  0.12792764  
0.12815073  0.12431324  0.12471333  0.12121323  0.12108287  0.12413282  0.12449038  0.12792764  
0.12449781  0.12121323  0.12121323  0.11832775  0.11767707  0.12108287  0.12108287  0.12487880  
0.12487880  0.12108287  0.12108287  0.11767707  0.11832775  0.12121323  0.12121323  0.12449781  
0.12792764  0.12449038  0.12413282  0.12108287  0.12121323  0.12471333  0.12431324  0.12815073  
0.12792764  0.12413282  0.12449038  0.12108287  0.12121323  0.12431324  0.12471333  0.12815073  
0.13136760  0.12792764  0.12792764  0.12487880  0.12449781  0.12815073  0.12815073  0.13224559  
