0.00001146  0.00000679  0.00000679  0.00000938  0.00000791  0.00000594  0.00000594  0.00001251  
0.00000679  0.00000469  0.00000813  0.00000648  0.00000723  0.00000840  0.00000721  0.00000594  
0.00000679  0.00000813  0.00000469  0.00000648  0.00000723  0.00000721  0.00000840  0.00000594  
0.00000938  0.00000648  0.00000648  0.00000888  0.00001372  0.00000723  0.00000723  0.00000791  
0.00000791  0.00000723  0.00000723  0.00001372  0.00000888  0.00000648  0.00000648  0.00000938  
0.00000594  0.00000840  0.00000721  0.00000723  0.00000648  0.00000469  0.00000813  0.00000679  
0.00000594  0.00000721  0.00000840  0.00000723  0.00000648  0.00000813  0.00000469  0.00000679  
0.00001251  0.00000594  0.00000594  0.00000791  0.00000938  0.00000679  0.00000679  0.00001146  
