0.16852526  0.13689182  0.13689182  0.11750402  0.12483419  0.13237446  0.13237446  0.14838711  
0.13689182  0.11767004  0.11371599  0.10331775  0.10280581  0.11536861  0.11150833  0.13237446  
0.13689182  0.11371599  0.11767004  0.10331775  0.10280581  0.11150833  0.11536861  0.13237446  
0.11750402  0.10331775  0.10331775  0.09613466  0.08949144  0.10280581  0.10280581  0.12483419  
0.12483419  0.10280581  0.10280581  0.08949144  0.09613466  0.10331775  0.10331775  0.11750402  
0.13237446  0.11536861  0.11150833  0.10280581  0.10331775  0.11767004  0.11371599  0.13689182  
0.13237446  0.11150833  0.11536861  0.10280581  0.10331775  0.11371599  0.11767004  0.13689182  
0.14838711  0.13237446  0.13237446  0.12483419  0.11750402  0.13689182  0.13689182  0.16852526  
