0.00002322  0.00001598  0.00001598  0.00002075  0.00001786  0.00001822  0.00001822  0.00002993  
0.00001598  0.00001042  0.00001931  0.00001095  0.00001340  0.00001395  0.00001858  0.00001822  
0.00001598  0.00001931  0.00001042  0.00001095  0.00001340  0.00001858  0.00001395  0.00001822  
0.00002075  0.00001095  0.00001095  0.00001882  0.00002003  0.00001340  0.00001340  0.00001786  
0.00001786  0.00001340  0.00001340  0.00002003  0.00001882  0.00001095  0.00001095  0.00002075  
0.00001822  0.00001395  0.00001858  0.00001340  0.00001095  0.00001042  0.00001931  0.00001598  
0.00001822  0.00001858  0.00001395  0.00001340  0.00001095  0.00001931  0.00001042  0.00001598  
0.00002993  0.00001822  0.00001822  0.00001786  0.00002075  0.00001598  0.00001598  0.00002322  
