0.49494721  0.02487399  0.02481053  0.00249722  0.02481053  0.00125021  0.00248658  0.00031507  0.02487399  0.00125020  0.00125021  0.00012825  0.00249722  0.00012825  0.00031507  0.00008812  
0.02487399  0.00125445  0.00124718  0.00012746  0.00124701  0.00006372  0.00012563  0.00003166  0.00125034  0.00006448  0.00006363  0.00002206  0.00012708  0.00002200  0.00003149  0.00031507  
0.02481053  0.00124718  0.00124666  0.00012590  0.00124429  0.00006299  0.00012503  0.00002206  0.00124701  0.00006327  0.00006294  0.00001268  0.00012577  0.00001266  0.00002200  0.00012825  
0.00249722  0.00012746  0.00012590  0.00002656  0.00012577  0.00001262  0.00001883  0.00012746  0.00012708  0.00001883  0.00001260  0.00012590  0.00002535  0.00012577  0.00012708  0.00249722  
0.02481053  0.00124701  0.00124429  0.00012577  0.00124666  0.00006294  0.00012503  0.00002200  0.00124718  0.00006327  0.00006299  0.00001266  0.00012590  0.00001268  0.00002206  0.00012825  
0.00125021  0.00006372  0.00006299  0.00001262  0.00006294  0.00000719  0.00000944  0.00006372  0.00006363  0.00000944  0.00000641  0.00006299  0.00001260  0.00006294  0.00006363  0.00125021  
0.00248658  0.00012563  0.00012503  0.00001883  0.00012503  0.00000944  0.00001682  0.00006448  0.00012563  0.00001256  0.00000944  0.00006327  0.00001883  0.00006327  0.00006448  0.00125020  
0.00031507  0.00003166  0.00002206  0.00012746  0.00002200  0.00006372  0.00006448  0.00125445  0.00003149  0.00012563  0.00006363  0.00124718  0.00012708  0.00124701  0.00125034  0.02487399  
0.02487399  0.00125034  0.00124701  0.00012708  0.00124718  0.00006363  0.00012563  0.00003149  0.00125445  0.00006448  0.00006372  0.00002200  0.00012746  0.00002206  0.00003166  0.00031507  
0.00125020  0.00006448  0.00006327  0.00001883  0.00006327  0.00000944  0.00001256  0.00012563  0.00006448  0.00001682  0.00000944  0.00012503  0.00001883  0.00012503  0.00012563  0.00248658  
0.00125021  0.00006363  0.00006294  0.00001260  0.00006299  0.00000641  0.00000944  0.00006363  0.00006372  0.00000944  0.00000719  0.00006294  0.00001262  0.00006299  0.00006372  0.00125021  
0.00012825  0.00002206  0.00001268  0.00012590  0.00001266  0.00006299  0.00006327  0.00124718  0.00002200  0.00012503  0.00006294  0.00124666  0.00012577  0.00124429  0.00124701  0.02481053  
0.00249722  0.00012708  0.00012577  0.00002535  0.00012590  0.00001260  0.00001883  0.00012708  0.00012746  0.00001883  0.00001262  0.00012577  0.00002656  0.00012590  0.00012746  0.00249722  
0.00012825  0.00002200  0.00001266  0.00012577  0.00001268  0.00006294  0.00006327  0.00124701  0.00002206  0.00012503  0.00006299  0.00124429  0.00012590  0.00124666  0.00124718  0.02481053  
0.00031507  0.00003149  0.00002200  0.00012708  0.00002206  0.00006363  0.00006448  0.00125034  0.00003166  0.00012563  0.00006372  0.00124701  0.00012746  0.00124718  0.00125445  0.02487399  
0.00008812  0.00031507  0.00012825  0.00249722  0.00012825  0.00125021  0.00125020  0.02487399  0.00031507  0.00248658  0.00125021  0.02481053  0.00249722  0.02481053  0.02487399  0.49494721  
