0.00000119  0.00000244  0.00000292  0.00000065  0.00000292  0.00000034  0.00000078  0.00000020  0.00000244  0.00000052  0.00000034  0.00000010  0.00000065  0.00000010  0.00000020  0.00000016  
0.00000244  0.00000039  0.00000030  0.00000007  0.00000023  0.00000005  0.00000007  0.00000006  0.00000041  0.00000006  0.00000005  0.00000003  0.00000007  0.00000003  0.00000005  0.00000020  
0.00000292  0.00000030  0.00000042  0.00000007  0.00000027  0.00000004  0.00000010  0.00000003  0.00000023  0.00000006  0.00000004  0.00000004  0.00000007  0.00000003  0.00000003  0.00000010  
0.00000065  0.00000007  0.00000007  0.00000006  0.00000007  0.00000004  0.00000003  0.00000007  0.00000007  0.00000003  0.00000003  0.00000007  0.00000006  0.00000007  0.00000007  0.00000065  
0.00000292  0.00000023  0.00000027  0.00000007  0.00000042  0.00000004  0.00000010  0.00000003  0.00000030  0.00000006  0.00000004  0.00000003  0.00000007  0.00000004  0.00000003  0.00000010  
0.00000034  0.00000005  0.00000004  0.00000004  0.00000004  0.00000004  0.00000002  0.00000005  0.00000005  0.00000002  0.00000005  0.00000004  0.00000003  0.00000004  0.00000005  0.00000034  
0.00000078  0.00000007  0.00000010  0.00000003  0.00000010  0.00000002  0.00000005  0.00000006  0.00000007  0.00000006  0.00000002  0.00000006  0.00000003  0.00000006  0.00000006  0.00000052  
0.00000020  0.00000006  0.00000003  0.00000007  0.00000003  0.00000005  0.00000006  0.00000039  0.00000005  0.00000007  0.00000005  0.00000030  0.00000007  0.00000023  0.00000041  0.00000244  
0.00000244  0.00000041  0.00000023  0.00000007  0.00000030  0.00000005  0.00000007  0.00000005  0.00000039  0.00000006  0.00000005  0.00000003  0.00000007  0.00000003  0.00000006  0.00000020  
0.00000052  0.00000006  0.00000006  0.00000003  0.00000006  0.00000002  0.00000006  0.00000007  0.00000006  0.00000005  0.00000002  0.00000010  0.00000003  0.00000010  0.00000007  0.00000078  
0.00000034  0.00000005  0.00000004  0.00000003  0.00000004  0.00000005  0.00000002  0.00000005  0.00000005  0.00000002  0.00000004  0.00000004  0.00000004  0.00000004  0.00000005  0.00000034  
0.00000010  0.00000003  0.00000004  0.00000007  0.00000003  0.00000004  0.00000006  0.00000030  0.00000003  0.00000010  0.00000004  0.00000042  0.00000007  0.00000027  0.00000023  0.00000292  
0.00000065  0.00000007  0.00000007  0.00000006  0.00000007  0.00000003  0.00000003  0.00000007  0.00000007  0.00000003  0.00000004  0.00000007  0.00000006  0.00000007  0.00000007  0.00000065  
0.00000010  0.00000003  0.00000003  0.00000007  0.00000004  0.00000004  0.00000006  0.00000023  0.00000003  0.00000010  0.00000004  0.00000027  0.00000007  0.00000042  0.00000030  0.00000292  
0.00000020  0.00000005  0.00000003  0.00000007  0.00000003  0.00000005  0.00000006  0.00000041  0.00000006  0.00000007  0.00000005  0.00000023  0.00000007  0.00000030  0.00000039  0.00000244  
0.00000016  0.00000020  0.00000010  0.00000065  0.00000010  0.00000034  0.00000052  0.00000244  0.00000020  0.00000078  0.00000034  0.00000292  0.00000065  0.00000292  0.00000244  0.00000119  
