0.08173047  0.07063774  0.07063774  0.06993504  0.07063774  0.06992960  0.06176118  0.06985845  0.07063774  0.06176118  0.06992960  0.06985845  0.06993504  0.06985845  0.06985845  0.07985506  
0.07063774  0.06192022  0.06129948  0.06116782  0.06127332  0.06115850  0.05362998  0.06118879  0.06125623  0.05394187  0.06065070  0.06108458  0.06070105  0.06110081  0.06071604  0.06985845  
0.07063774  0.06129948  0.06192022  0.06116782  0.06125623  0.06065070  0.05394187  0.06108458  0.06127332  0.05362998  0.06115850  0.06118879  0.06070105  0.06071604  0.06110081  0.06985845  
0.06993504  0.06116782  0.06116782  0.06135210  0.06070105  0.06065431  0.05358197  0.06116782  0.06070105  0.05358197  0.06065431  0.06116782  0.06024267  0.06070105  0.06070105  0.06993504  
0.07063774  0.06127332  0.06125623  0.06070105  0.06192022  0.06115850  0.05394187  0.06110081  0.06129948  0.05362998  0.06065070  0.06071604  0.06116782  0.06118879  0.06108458  0.06985845  
0.06992960  0.06115850  0.06065070  0.06065431  0.06115850  0.06138688  0.05355886  0.06115850  0.06065070  0.05355886  0.06019982  0.06065070  0.06065431  0.06115850  0.06065070  0.06992960  
0.06176118  0.05362998  0.05394187  0.05358197  0.05394187  0.05355886  0.04784968  0.05394187  0.05362998  0.04706547  0.05355886  0.05362998  0.05358197  0.05362998  0.05394187  0.06176118  
0.06985845  0.06118879  0.06108458  0.06116782  0.06110081  0.06115850  0.05394187  0.06192022  0.06071604  0.05362998  0.06065070  0.06129948  0.06070105  0.06127332  0.06125623  0.07063774  
0.07063774  0.06125623  0.06127332  0.06070105  0.06129948  0.06065070  0.05362998  0.06071604  0.06192022  0.05394187  0.06115850  0.06110081  0.06116782  0.06108458  0.06118879  0.06985845  
0.06176118  0.05394187  0.05362998  0.05358197  0.05362998  0.05355886  0.04706547  0.05362998  0.05394187  0.04784968  0.05355886  0.05394187  0.05358197  0.05394187  0.05362998  0.06176118  
0.06992960  0.06065070  0.06115850  0.06065431  0.06065070  0.06019982  0.05355886  0.06065070  0.06115850  0.05355886  0.06138688  0.06115850  0.06065431  0.06065070  0.06115850  0.06992960  
0.06985845  0.06108458  0.06118879  0.06116782  0.06071604  0.06065070  0.05362998  0.06129948  0.06110081  0.05394187  0.06115850  0.06192022  0.06070105  0.06125623  0.06127332  0.07063774  
0.06993504  0.06070105  0.06070105  0.06024267  0.06116782  0.06065431  0.05358197  0.06070105  0.06116782  0.05358197  0.06065431  0.06070105  0.06135210  0.06116782  0.06116782  0.06993504  
0.06985845  0.06110081  0.06071604  0.06070105  0.06118879  0.06115850  0.05362998  0.06127332  0.06108458  0.05394187  0.06065070  0.06125623  0.06116782  0.06192022  0.06129948  0.07063774  
0.06985845  0.06071604  0.06110081  0.06070105  0.06108458  0.06065070  0.05394187  0.06125623  0.06118879  0.05362998  0.06115850  0.06127332  0.06116782  0.06129948  0.06192022  0.07063774  
0.07985506  0.06985845  0.06985845  0.06993504  0.06985845  0.06992960  0.06176118  0.07063774  0.06985845  0.06176118  0.06992960  0.07063774  0.06993504  0.07063774  0.07063774  0.08173047  
