0.07809917  0.06926075  0.06926075  0.06878508  0.06926075  0.06878509  0.06192279  0.06874792  0.06926075  0.06192279  0.06878509  0.06874792  0.06878508  0.06874792  0.06874792  0.07686655  
0.06926075  0.06210529  0.06163850  0.06153830  0.06161352  0.06155535  0.05515217  0.06156717  0.06160700  0.05539520  0.06122117  0.06154526  0.06123053  0.06154530  0.06122002  0.06874792  
0.06926075  0.06163850  0.06210529  0.06153830  0.06160700  0.06122117  0.05539520  0.06154526  0.06161352  0.05515217  0.06155535  0.06156717  0.06123053  0.06122002  0.06154530  0.06874792  
0.06878508  0.06153830  0.06153830  0.06170825  0.06123053  0.06117412  0.05508853  0.06153830  0.06123053  0.05508853  0.06117412  0.06153830  0.06089628  0.06123053  0.06123053  0.06878508  
0.06926075  0.06161352  0.06160700  0.06123053  0.06210529  0.06155535  0.05539520  0.06154530  0.06163850  0.05515217  0.06122117  0.06122002  0.06153830  0.06156717  0.06154526  0.06874792  
0.06878509  0.06155535  0.06122117  0.06117412  0.06155535  0.06176606  0.05511163  0.06155535  0.06122117  0.05511163  0.06095203  0.06122117  0.06117412  0.06155535  0.06122117  0.06878509  
0.06192279  0.05515217  0.05539520  0.05508853  0.05539520  0.05511163  0.05000535  0.05539520  0.05515217  0.04944601  0.05511163  0.05515217  0.05508853  0.05515217  0.05539520  0.06192279  
0.06874792  0.06156717  0.06154526  0.06153830  0.06154530  0.06155535  0.05539520  0.06210529  0.06122002  0.05515217  0.06122117  0.06163850  0.06123053  0.06161352  0.06160700  0.06926075  
0.06926075  0.06160700  0.06161352  0.06123053  0.06163850  0.06122117  0.05515217  0.06122002  0.06210529  0.05539520  0.06155535  0.06154530  0.06153830  0.06154526  0.06156717  0.06874792  
0.06192279  0.05539520  0.05515217  0.05508853  0.05515217  0.05511163  0.04944601  0.05515217  0.05539520  0.05000535  0.05511163  0.05539520  0.05508853  0.05539520  0.05515217  0.06192279  
0.06878509  0.06122117  0.06155535  0.06117412  0.06122117  0.06095203  0.05511163  0.06122117  0.06155535  0.05511163  0.06176606  0.06155535  0.06117412  0.06122117  0.06155535  0.06878509  
0.06874792  0.06154526  0.06156717  0.06153830  0.06122002  0.06122117  0.05515217  0.06163850  0.06154530  0.05539520  0.06155535  0.06210529  0.06123053  0.06160700  0.06161352  0.06926075  
0.06878508  0.06123053  0.06123053  0.06089628  0.06153830  0.06117412  0.05508853  0.06123053  0.06153830  0.05508853  0.06117412  0.06123053  0.06170825  0.06153830  0.06153830  0.06878508  
0.06874792  0.06154530  0.06122002  0.06123053  0.06156717  0.06155535  0.05515217  0.06161352  0.06154526  0.05539520  0.06122117  0.06160700  0.06153830  0.06210529  0.06163850  0.06926075  
0.06874792  0.06122002  0.06154530  0.06123053  0.06154526  0.06122117  0.05539520  0.06160700  0.06156717  0.05515217  0.06155535  0.06161352  0.06153830  0.06163850  0.06210529  0.06926075  
0.07686655  0.06874792  0.06874792  0.06878508  0.06874792  0.06878509  0.06192279  0.06926075  0.06874792  0.06192279  0.06878509  0.06926075  0.06878508  0.06926075  0.06926075  0.07809917  
