0.18375013  0.14381598  0.12241999  0.14312395  0.14381598  0.11733005  0.14312395  0.17445885  
0.14381598  0.11729111  0.09623068  0.11720826  0.11273779  0.09584543  0.11267593  0.14312395  
0.12241999  0.09623068  0.08166765  0.09584543  0.09623068  0.07884010  0.09584543  0.11733005  
0.14312395  0.11720826  0.09584543  0.11729111  0.11267593  0.09623068  0.11273779  0.14381598  
0.14381598  0.11273779  0.09623068  0.11267593  0.11729111  0.09584543  0.11720826  0.14312395  
0.11733005  0.09584543  0.07884010  0.09623068  0.09584543  0.08166765  0.09623068  0.12241999  
0.14312395  0.11267593  0.09584543  0.11273779  0.11720826  0.09623068  0.11729111  0.14381598  
0.17445885  0.14312395  0.11733005  0.14381598  0.14312395  0.12241999  0.14381598  0.18375013  
