0.00000824  0.00000435  0.00000469  0.00000537  0.00000435  0.00000639  0.00000537  0.00000908  
0.00000435  0.00000432  0.00000357  0.00000457  0.00000600  0.00000418  0.00000594  0.00000537  
0.00000469  0.00000357  0.00000605  0.00000418  0.00000357  0.00000622  0.00000418  0.00000639  
0.00000537  0.00000457  0.00000418  0.00000432  0.00000594  0.00000357  0.00000600  0.00000435  
0.00000435  0.00000600  0.00000357  0.00000594  0.00000432  0.00000418  0.00000457  0.00000537  
0.00000639  0.00000418  0.00000622  0.00000357  0.00000418  0.00000605  0.00000357  0.00000469  
0.00000537  0.00000594  0.00000418  0.00000600  0.00000457  0.00000357  0.00000432  0.00000435  
0.00000908  0.00000537  0.00000639  0.00000435  0.00000537  0.00000469  0.00000435  0.00000824  
