0.00001040  0.00000382  0.00000382  0.00000531  0.00000382  0.00000537  0.00000609  0.00000390  0.00000382  0.00000609  0.00000537  0.00000390  0.00000531  0.00000390  0.00000390  0.00000914  
0.00000382  0.00000328  0.00000526  0.00000321  0.00000406  0.00000326  0.00000289  0.00000480  0.00000481  0.00000316  0.00000311  0.00000487  0.00000343  0.00000406  0.00000379  0.00000390  
0.00000382  0.00000526  0.00000328  0.00000321  0.00000481  0.00000311  0.00000316  0.00000487  0.00000406  0.00000289  0.00000326  0.00000480  0.00000343  0.00000379  0.00000406  0.00000390  
0.00000531  0.00000321  0.00000321  0.00000690  0.00000343  0.00000372  0.00000364  0.00000321  0.00000343  0.00000364  0.00000372  0.00000321  0.00000885  0.00000343  0.00000343  0.00000531  
0.00000382  0.00000406  0.00000481  0.00000343  0.00000328  0.00000326  0.00000316  0.00000406  0.00000526  0.00000289  0.00000311  0.00000379  0.00000321  0.00000480  0.00000487  0.00000390  
0.00000537  0.00000326  0.00000311  0.00000372  0.00000326  0.00000655  0.00000265  0.00000326  0.00000311  0.00000265  0.00000762  0.00000311  0.00000372  0.00000326  0.00000311  0.00000537  
0.00000609  0.00000289  0.00000316  0.00000364  0.00000316  0.00000265  0.00000574  0.00000316  0.00000289  0.00000629  0.00000265  0.00000289  0.00000364  0.00000289  0.00000316  0.00000609  
0.00000390  0.00000480  0.00000487  0.00000321  0.00000406  0.00000326  0.00000316  0.00000328  0.00000379  0.00000289  0.00000311  0.00000526  0.00000343  0.00000406  0.00000481  0.00000382  
0.00000382  0.00000481  0.00000406  0.00000343  0.00000526  0.00000311  0.00000289  0.00000379  0.00000328  0.00000316  0.00000326  0.00000406  0.00000321  0.00000487  0.00000480  0.00000390  
0.00000609  0.00000316  0.00000289  0.00000364  0.00000289  0.00000265  0.00000629  0.00000289  0.00000316  0.00000574  0.00000265  0.00000316  0.00000364  0.00000316  0.00000289  0.00000609  
0.00000537  0.00000311  0.00000326  0.00000372  0.00000311  0.00000762  0.00000265  0.00000311  0.00000326  0.00000265  0.00000655  0.00000326  0.00000372  0.00000311  0.00000326  0.00000537  
0.00000390  0.00000487  0.00000480  0.00000321  0.00000379  0.00000311  0.00000289  0.00000526  0.00000406  0.00000316  0.00000326  0.00000328  0.00000343  0.00000481  0.00000406  0.00000382  
0.00000531  0.00000343  0.00000343  0.00000885  0.00000321  0.00000372  0.00000364  0.00000343  0.00000321  0.00000364  0.00000372  0.00000343  0.00000690  0.00000321  0.00000321  0.00000531  
0.00000390  0.00000406  0.00000379  0.00000343  0.00000480  0.00000326  0.00000289  0.00000406  0.00000487  0.00000316  0.00000311  0.00000481  0.00000321  0.00000328  0.00000526  0.00000382  
0.00000390  0.00000379  0.00000406  0.00000343  0.00000487  0.00000311  0.00000316  0.00000481  0.00000480  0.00000289  0.00000326  0.00000406  0.00000321  0.00000526  0.00000328  0.00000382  
0.00000914  0.00000390  0.00000390  0.00000531  0.00000390  0.00000537  0.00000609  0.00000382  0.00000390  0.00000609  0.00000537  0.00000382  0.00000531  0.00000382  0.00000382  0.00001040  
