0.00003029  0.00002155  0.00002155  0.00002839  0.00002795  0.00001990  0.00001990  0.00003701  
0.00002155  0.00001310  0.00002348  0.00001620  0.00001727  0.00002069  0.00001948  0.00001990  
0.00002155  0.00002348  0.00001310  0.00001620  0.00001727  0.00001948  0.00002069  0.00001990  
0.00002839  0.00001620  0.00001620  0.00002412  0.00002202  0.00001727  0.00001727  0.00002795  
0.00002795  0.00001727  0.00001727  0.00002202  0.00002412  0.00001620  0.00001620  0.00002839  
0.00001990  0.00002069  0.00001948  0.00001727  0.00001620  0.00001310  0.00002348  0.00002155  
0.00001990  0.00001948  0.00002069  0.00001727  0.00001620  0.00002348  0.00001310  0.00002155  
0.00003701  0.00001990  0.00001990  0.00002795  0.00002839  0.00002155  0.00002155  0.00003029  
