0.09522568  0.08061066  0.07074574  0.07976109  0.07074574  0.06115708  0.06989415  0.08046487  0.08061066  0.06847547  0.06115708  0.06917711  0.07976109  0.06917711  0.08046487  0.09289342  
0.08061066  0.06973418  0.06000890  0.06906956  0.05993340  0.05289710  0.05930475  0.06969057  0.06829493  0.05921324  0.05188315  0.05991186  0.06758033  0.05983192  0.06828138  0.08046487  
0.07074574  0.06000890  0.05262401  0.05938709  0.05258611  0.04553306  0.05196347  0.05991186  0.05993340  0.05098766  0.04547900  0.05151658  0.05930580  0.05151618  0.05983192  0.06917711  
0.07976109  0.06906956  0.05938709  0.06848909  0.05930580  0.05242003  0.05868547  0.06906956  0.06758033  0.05868547  0.05135569  0.05938709  0.06688400  0.05930580  0.06758033  0.07976109  
0.07074574  0.05993340  0.05258611  0.05930580  0.05262401  0.04547900  0.05196347  0.05983192  0.06000890  0.05098766  0.04553306  0.05151618  0.05938709  0.05151658  0.05991186  0.06917711  
0.06115708  0.05289710  0.04553306  0.05242003  0.04547900  0.04018502  0.04500262  0.05289710  0.05188315  0.04500262  0.03943127  0.04553306  0.05135569  0.04547900  0.05188315  0.06115708  
0.06989415  0.05930475  0.05196347  0.05868547  0.05196347  0.04500262  0.05138383  0.05921324  0.05930475  0.05046408  0.04500262  0.05098766  0.05868547  0.05098766  0.05921324  0.06847547  
0.08046487  0.06969057  0.05991186  0.06906956  0.05983192  0.05289710  0.05921324  0.06973418  0.06828138  0.05930475  0.05188315  0.06000890  0.06758033  0.05993340  0.06829493  0.08061066  
0.08061066  0.06829493  0.05993340  0.06758033  0.06000890  0.05188315  0.05930475  0.06828138  0.06973418  0.05921324  0.05289710  0.05983192  0.06906956  0.05991186  0.06969057  0.08046487  
0.06847547  0.05921324  0.05098766  0.05868547  0.05098766  0.04500262  0.05046408  0.05930475  0.05921324  0.05138383  0.04500262  0.05196347  0.05868547  0.05196347  0.05930475  0.06989415  
0.06115708  0.05188315  0.04547900  0.05135569  0.04553306  0.03943127  0.04500262  0.05188315  0.05289710  0.04500262  0.04018502  0.04547900  0.05242003  0.04553306  0.05289710  0.06115708  
0.06917711  0.05991186  0.05151658  0.05938709  0.05151618  0.04553306  0.05098766  0.06000890  0.05983192  0.05196347  0.04547900  0.05262401  0.05930580  0.05258611  0.05993340  0.07074574  
0.07976109  0.06758033  0.05930580  0.06688400  0.05938709  0.05135569  0.05868547  0.06758033  0.06906956  0.05868547  0.05242003  0.05930580  0.06848909  0.05938709  0.06906956  0.07976109  
0.06917711  0.05983192  0.05151618  0.05930580  0.05151658  0.04547900  0.05098766  0.05993340  0.05991186  0.05196347  0.04553306  0.05258611  0.05938709  0.05262401  0.06000890  0.07074574  
0.08046487  0.06828138  0.05983192  0.06758033  0.05991186  0.05188315  0.05921324  0.06829493  0.06969057  0.05930475  0.05289710  0.05993340  0.06906956  0.06000890  0.06973418  0.08061066  
0.09289342  0.08046487  0.06917711  0.07976109  0.06917711  0.06115708  0.06847547  0.08061066  0.08046487  0.06989415  0.06115708  0.07074574  0.07976109  0.07074574  0.08061066  0.09522568  
