0.00000877  0.00000430  0.00000350  0.00000311  0.00000350  0.00000303  0.00000508  0.00000353  0.00000430  0.00000499  0.00000303  0.00000394  0.00000311  0.00000394  0.00000353  0.00000970  
0.00000430  0.00000406  0.00000354  0.00000313  0.00000377  0.00000304  0.00000266  0.00000406  0.00000461  0.00000259  0.00000335  0.00000308  0.00000348  0.00000278  0.00000580  0.00000353  
0.00000350  0.00000354  0.00000360  0.00000312  0.00000390  0.00000273  0.00000322  0.00000308  0.00000377  0.00000285  0.00000241  0.00000420  0.00000281  0.00000328  0.00000278  0.00000394  
0.00000311  0.00000313  0.00000312  0.00000674  0.00000281  0.00000344  0.00000236  0.00000313  0.00000348  0.00000236  0.00000305  0.00000312  0.00000695  0.00000281  0.00000348  0.00000311  
0.00000350  0.00000377  0.00000390  0.00000281  0.00000360  0.00000241  0.00000322  0.00000278  0.00000354  0.00000285  0.00000273  0.00000328  0.00000312  0.00000420  0.00000308  0.00000394  
0.00000303  0.00000304  0.00000273  0.00000344  0.00000241  0.00000440  0.00000273  0.00000304  0.00000335  0.00000273  0.00000494  0.00000273  0.00000305  0.00000241  0.00000335  0.00000303  
0.00000508  0.00000266  0.00000322  0.00000236  0.00000322  0.00000273  0.00000446  0.00000259  0.00000266  0.00000442  0.00000273  0.00000285  0.00000236  0.00000285  0.00000259  0.00000499  
0.00000353  0.00000406  0.00000308  0.00000313  0.00000278  0.00000304  0.00000259  0.00000406  0.00000580  0.00000266  0.00000335  0.00000354  0.00000348  0.00000377  0.00000461  0.00000430  
0.00000430  0.00000461  0.00000377  0.00000348  0.00000354  0.00000335  0.00000266  0.00000580  0.00000406  0.00000259  0.00000304  0.00000278  0.00000313  0.00000308  0.00000406  0.00000353  
0.00000499  0.00000259  0.00000285  0.00000236  0.00000285  0.00000273  0.00000442  0.00000266  0.00000259  0.00000446  0.00000273  0.00000322  0.00000236  0.00000322  0.00000266  0.00000508  
0.00000303  0.00000335  0.00000241  0.00000305  0.00000273  0.00000494  0.00000273  0.00000335  0.00000304  0.00000273  0.00000440  0.00000241  0.00000344  0.00000273  0.00000304  0.00000303  
0.00000394  0.00000308  0.00000420  0.00000312  0.00000328  0.00000273  0.00000285  0.00000354  0.00000278  0.00000322  0.00000241  0.00000360  0.00000281  0.00000390  0.00000377  0.00000350  
0.00000311  0.00000348  0.00000281  0.00000695  0.00000312  0.00000305  0.00000236  0.00000348  0.00000313  0.00000236  0.00000344  0.00000281  0.00000674  0.00000312  0.00000313  0.00000311  
0.00000394  0.00000278  0.00000328  0.00000281  0.00000420  0.00000241  0.00000285  0.00000377  0.00000308  0.00000322  0.00000273  0.00000390  0.00000312  0.00000360  0.00000354  0.00000350  
0.00000353  0.00000580  0.00000278  0.00000348  0.00000308  0.00000335  0.00000259  0.00000461  0.00000406  0.00000266  0.00000304  0.00000377  0.00000313  0.00000354  0.00000406  0.00000430  
0.00000970  0.00000353  0.00000394  0.00000311  0.00000394  0.00000303  0.00000499  0.00000430  0.00000353  0.00000508  0.00000303  0.00000350  0.00000311  0.00000350  0.00000430  0.00000877  
