0.45091380  0.07127530  0.06939775  0.02241277  0.06939775  0.01131989  0.02149475  0.00923654  0.07127530  0.01144642  0.01131989  0.00428095  0.02241277  0.00428095  0.00923654  0.00778250  
0.07127530  0.01171835  0.01103451  0.00409703  0.01102481  0.00204431  0.00360543  0.00284261  0.01140443  0.00223264  0.00198751  0.00192850  0.00393026  0.00191967  0.00271891  0.00923654  
0.06939775  0.01103451  0.01071454  0.00361237  0.01070542  0.00182279  0.00338927  0.00192850  0.01102481  0.00190884  0.00182020  0.00113495  0.00360516  0.00113389  0.00191967  0.00428095  
0.02241277  0.00409703  0.00361237  0.00232446  0.00360516  0.00115012  0.00163157  0.00409703  0.00393026  0.00163157  0.00110683  0.00361237  0.00218741  0.00360516  0.00393026  0.02241277  
0.06939775  0.01102481  0.01070542  0.00360516  0.01071454  0.00182020  0.00338927  0.00191967  0.01103451  0.00190884  0.00182279  0.00113389  0.00361237  0.00113495  0.00192850  0.00428095  
0.01131989  0.00204431  0.00182279  0.00115012  0.00182020  0.00057911  0.00082099  0.00204431  0.00198751  0.00082099  0.00056017  0.00182279  0.00110683  0.00182020  0.00198751  0.01131989  
0.02149475  0.00360543  0.00338927  0.00163157  0.00338927  0.00082099  0.00131687  0.00223264  0.00360543  0.00107200  0.00082099  0.00190884  0.00163157  0.00190884  0.00223264  0.01144642  
0.00923654  0.00284261  0.00192850  0.00409703  0.00191967  0.00204431  0.00223264  0.01171835  0.00271891  0.00360543  0.00198751  0.01103451  0.00393026  0.01102481  0.01140443  0.07127530  
0.07127530  0.01140443  0.01102481  0.00393026  0.01103451  0.00198751  0.00360543  0.00271891  0.01171835  0.00223264  0.00204431  0.00191967  0.00409703  0.00192850  0.00284261  0.00923654  
0.01144642  0.00223264  0.00190884  0.00163157  0.00190884  0.00082099  0.00107200  0.00360543  0.00223264  0.00131687  0.00082099  0.00338927  0.00163157  0.00338927  0.00360543  0.02149475  
0.01131989  0.00198751  0.00182020  0.00110683  0.00182279  0.00056017  0.00082099  0.00198751  0.00204431  0.00082099  0.00057911  0.00182020  0.00115012  0.00182279  0.00204431  0.01131989  
0.00428095  0.00192850  0.00113495  0.00361237  0.00113389  0.00182279  0.00190884  0.01103451  0.00191967  0.00338927  0.00182020  0.01071454  0.00360516  0.01070542  0.01102481  0.06939775  
0.02241277  0.00393026  0.00360516  0.00218741  0.00361237  0.00110683  0.00163157  0.00393026  0.00409703  0.00163157  0.00115012  0.00360516  0.00232446  0.00361237  0.00409703  0.02241277  
0.00428095  0.00191967  0.00113389  0.00360516  0.00113495  0.00182020  0.00190884  0.01102481  0.00192850  0.00338927  0.00182279  0.01070542  0.00361237  0.01071454  0.01103451  0.06939775  
0.00923654  0.00271891  0.00191967  0.00393026  0.00192850  0.00198751  0.00223264  0.01140443  0.00284261  0.00360543  0.00204431  0.01102481  0.00409703  0.01103451  0.01171835  0.07127530  
0.00778250  0.00923654  0.00428095  0.02241277  0.00428095  0.01131989  0.01144642  0.07127530  0.00923654  0.02149475  0.01131989  0.06939775  0.02241277  0.06939775  0.07127530  0.45091380  
