0.00000501  0.00000510  0.00000502  0.00000302  0.00000502  0.00000151  0.00000368  0.00000148  0.00000510  0.00000184  0.00000151  0.00000107  0.00000302  0.00000107  0.00000148  0.00000247  
0.00000510  0.00000195  0.00000132  0.00000084  0.00000162  0.00000043  0.00000065  0.00000108  0.00000194  0.00000057  0.00000062  0.00000051  0.00000092  0.00000060  0.00000100  0.00000148  
0.00000502  0.00000132  0.00000151  0.00000060  0.00000143  0.00000041  0.00000067  0.00000051  0.00000162  0.00000052  0.00000044  0.00000048  0.00000069  0.00000052  0.00000060  0.00000107  
0.00000302  0.00000084  0.00000060  0.00000099  0.00000069  0.00000043  0.00000040  0.00000084  0.00000092  0.00000040  0.00000035  0.00000060  0.00000091  0.00000069  0.00000092  0.00000302  
0.00000502  0.00000162  0.00000143  0.00000069  0.00000151  0.00000044  0.00000067  0.00000060  0.00000132  0.00000052  0.00000041  0.00000052  0.00000060  0.00000048  0.00000051  0.00000107  
0.00000151  0.00000043  0.00000041  0.00000043  0.00000044  0.00000039  0.00000022  0.00000043  0.00000062  0.00000022  0.00000047  0.00000041  0.00000035  0.00000044  0.00000062  0.00000151  
0.00000368  0.00000065  0.00000067  0.00000040  0.00000067  0.00000022  0.00000066  0.00000057  0.00000065  0.00000074  0.00000022  0.00000052  0.00000040  0.00000052  0.00000057  0.00000184  
0.00000148  0.00000108  0.00000051  0.00000084  0.00000060  0.00000043  0.00000057  0.00000195  0.00000100  0.00000065  0.00000062  0.00000132  0.00000092  0.00000162  0.00000194  0.00000510  
0.00000510  0.00000194  0.00000162  0.00000092  0.00000132  0.00000062  0.00000065  0.00000100  0.00000195  0.00000057  0.00000043  0.00000060  0.00000084  0.00000051  0.00000108  0.00000148  
0.00000184  0.00000057  0.00000052  0.00000040  0.00000052  0.00000022  0.00000074  0.00000065  0.00000057  0.00000066  0.00000022  0.00000067  0.00000040  0.00000067  0.00000065  0.00000368  
0.00000151  0.00000062  0.00000044  0.00000035  0.00000041  0.00000047  0.00000022  0.00000062  0.00000043  0.00000022  0.00000039  0.00000044  0.00000043  0.00000041  0.00000043  0.00000151  
0.00000107  0.00000051  0.00000048  0.00000060  0.00000052  0.00000041  0.00000052  0.00000132  0.00000060  0.00000067  0.00000044  0.00000151  0.00000069  0.00000143  0.00000162  0.00000502  
0.00000302  0.00000092  0.00000069  0.00000091  0.00000060  0.00000035  0.00000040  0.00000092  0.00000084  0.00000040  0.00000043  0.00000069  0.00000099  0.00000060  0.00000084  0.00000302  
0.00000107  0.00000060  0.00000052  0.00000069  0.00000048  0.00000044  0.00000052  0.00000162  0.00000051  0.00000067  0.00000041  0.00000143  0.00000060  0.00000151  0.00000132  0.00000502  
0.00000148  0.00000100  0.00000060  0.00000092  0.00000051  0.00000062  0.00000057  0.00000194  0.00000108  0.00000065  0.00000043  0.00000162  0.00000084  0.00000132  0.00000195  0.00000510  
0.00000247  0.00000148  0.00000107  0.00000302  0.00000107  0.00000151  0.00000184  0.00000510  0.00000148  0.00000368  0.00000151  0.00000502  0.00000302  0.00000502  0.00000510  0.00000501  
