0.07548812  0.06813315  0.06813315  0.06783294  0.06813315  0.06780762  0.06195847  0.06782403  0.06813315  0.06195847  0.06780762  0.06782403  0.06783294  0.06782403  0.06782403  0.07453278  
0.06813315  0.06220983  0.06178140  0.06169784  0.06178644  0.06171458  0.05623561  0.06171707  0.06180497  0.05640102  0.06150210  0.06175622  0.06150486  0.06173582  0.06157523  0.06782403  
0.06813315  0.06178140  0.06220983  0.06169784  0.06180497  0.06150210  0.05640102  0.06175622  0.06178644  0.05623561  0.06171458  0.06171707  0.06150486  0.06157523  0.06173582  0.06782403  
0.06783294  0.06169784  0.06169784  0.06199378  0.06150486  0.06149818  0.05619666  0.06169784  0.06150486  0.05619666  0.06149818  0.06169784  0.06129275  0.06150486  0.06150486  0.06783294  
0.06813315  0.06178644  0.06180497  0.06150486  0.06220983  0.06171458  0.05640102  0.06173582  0.06178140  0.05623561  0.06150210  0.06157523  0.06169784  0.06171707  0.06175622  0.06782403  
0.06780762  0.06171458  0.06150210  0.06149818  0.06171458  0.06190387  0.05620654  0.06171458  0.06150210  0.05620654  0.06133715  0.06150210  0.06149818  0.06171458  0.06150210  0.06780762  
0.06195847  0.05623561  0.05640102  0.05619666  0.05640102  0.05620654  0.05177491  0.05640102  0.05623561  0.05132690  0.05620654  0.05623561  0.05619666  0.05623561  0.05640102  0.06195847  
0.06782403  0.06171707  0.06175622  0.06169784  0.06173582  0.06171458  0.05640102  0.06220983  0.06157523  0.05623561  0.06150210  0.06178140  0.06150486  0.06178644  0.06180497  0.06813315  
0.06813315  0.06180497  0.06178644  0.06150486  0.06178140  0.06150210  0.05623561  0.06157523  0.06220983  0.05640102  0.06171458  0.06173582  0.06169784  0.06175622  0.06171707  0.06782403  
0.06195847  0.05640102  0.05623561  0.05619666  0.05623561  0.05620654  0.05132690  0.05623561  0.05640102  0.05177491  0.05620654  0.05640102  0.05619666  0.05640102  0.05623561  0.06195847  
0.06780762  0.06150210  0.06171458  0.06149818  0.06150210  0.06133715  0.05620654  0.06150210  0.06171458  0.05620654  0.06190387  0.06171458  0.06149818  0.06150210  0.06171458  0.06780762  
0.06782403  0.06175622  0.06171707  0.06169784  0.06157523  0.06150210  0.05623561  0.06178140  0.06173582  0.05640102  0.06171458  0.06220983  0.06150486  0.06180497  0.06178644  0.06813315  
0.06783294  0.06150486  0.06150486  0.06129275  0.06169784  0.06149818  0.05619666  0.06150486  0.06169784  0.05619666  0.06149818  0.06150486  0.06199378  0.06169784  0.06169784  0.06783294  
0.06782403  0.06173582  0.06157523  0.06150486  0.06171707  0.06171458  0.05623561  0.06178644  0.06175622  0.05640102  0.06150210  0.06180497  0.06169784  0.06220983  0.06178140  0.06813315  
0.06782403  0.06157523  0.06173582  0.06150486  0.06175622  0.06150210  0.05640102  0.06180497  0.06171707  0.05623561  0.06171458  0.06178644  0.06169784  0.06178140  0.06220983  0.06813315  
0.07453278  0.06782403  0.06782403  0.06783294  0.06782403  0.06780762  0.06195847  0.06813315  0.06782403  0.06195847  0.06780762  0.06813315  0.06783294  0.06813315  0.06813315  0.07548812  
