0.00003800  0.00002235  0.00002235  0.00002346  0.00002235  0.00002393  0.00002163  0.00002435  0.00002235  0.00002163  0.00002393  0.00002435  0.00002346  0.00002435  0.00002435  0.00006215  
0.00002235  0.00001755  0.00003112  0.00001773  0.00002808  0.00001652  0.00002000  0.00002568  0.00002651  0.00001913  0.00002141  0.00002625  0.00002533  0.00002875  0.00002921  0.00002435  
0.00002235  0.00003112  0.00001755  0.00001773  0.00002651  0.00002141  0.00001913  0.00002625  0.00002808  0.00002000  0.00001652  0.00002568  0.00002533  0.00002921  0.00002875  0.00002435  
0.00002346  0.00001773  0.00001773  0.00004054  0.00002533  0.00002269  0.00002574  0.00001773  0.00002533  0.00002574  0.00002269  0.00001773  0.00003790  0.00002533  0.00002533  0.00002346  
0.00002235  0.00002808  0.00002651  0.00002533  0.00001755  0.00001652  0.00001913  0.00002875  0.00003112  0.00002000  0.00002141  0.00002921  0.00001773  0.00002568  0.00002625  0.00002435  
0.00002393  0.00001652  0.00002141  0.00002269  0.00001652  0.00004114  0.00002556  0.00001652  0.00002141  0.00002556  0.00004242  0.00002141  0.00002269  0.00001652  0.00002141  0.00002393  
0.00002163  0.00002000  0.00001913  0.00002574  0.00001913  0.00002556  0.00004576  0.00001913  0.00002000  0.00004060  0.00002556  0.00002000  0.00002574  0.00002000  0.00001913  0.00002163  
0.00002435  0.00002568  0.00002625  0.00001773  0.00002875  0.00001652  0.00001913  0.00001755  0.00002921  0.00002000  0.00002141  0.00003112  0.00002533  0.00002808  0.00002651  0.00002235  
0.00002235  0.00002651  0.00002808  0.00002533  0.00003112  0.00002141  0.00002000  0.00002921  0.00001755  0.00001913  0.00001652  0.00002875  0.00001773  0.00002625  0.00002568  0.00002435  
0.00002163  0.00001913  0.00002000  0.00002574  0.00002000  0.00002556  0.00004060  0.00002000  0.00001913  0.00004576  0.00002556  0.00001913  0.00002574  0.00001913  0.00002000  0.00002163  
0.00002393  0.00002141  0.00001652  0.00002269  0.00002141  0.00004242  0.00002556  0.00002141  0.00001652  0.00002556  0.00004114  0.00001652  0.00002269  0.00002141  0.00001652  0.00002393  
0.00002435  0.00002625  0.00002568  0.00001773  0.00002921  0.00002141  0.00002000  0.00003112  0.00002875  0.00001913  0.00001652  0.00001755  0.00002533  0.00002651  0.00002808  0.00002235  
0.00002346  0.00002533  0.00002533  0.00003790  0.00001773  0.00002269  0.00002574  0.00002533  0.00001773  0.00002574  0.00002269  0.00002533  0.00004054  0.00001773  0.00001773  0.00002346  
0.00002435  0.00002875  0.00002921  0.00002533  0.00002568  0.00001652  0.00002000  0.00002808  0.00002625  0.00001913  0.00002141  0.00002651  0.00001773  0.00001755  0.00003112  0.00002235  
0.00002435  0.00002921  0.00002875  0.00002533  0.00002625  0.00002141  0.00001913  0.00002651  0.00002568  0.00002000  0.00001652  0.00002808  0.00001773  0.00003112  0.00001755  0.00002235  
0.00006215  0.00002435  0.00002435  0.00002346  0.00002435  0.00002393  0.00002163  0.00002235  0.00002435  0.00002163  0.00002393  0.00002235  0.00002346  0.00002235  0.00002235  0.00003800  
