0.09538364  0.07542959  0.07542959  0.07335192  0.07542959  0.07334976  0.06099816  0.07293766  0.07542959  0.06099816  0.07334976  0.07293766  0.07335192  0.07293766  0.07293766  0.08917643  
0.07542959  0.06107302  0.05997890  0.05963405  0.05998027  0.05964542  0.04873020  0.05959048  0.05977179  0.04941696  0.05840028  0.05938153  0.05839244  0.05939113  0.05835015  0.07293766  
0.07542959  0.05997890  0.06107302  0.05963405  0.05977179  0.05840028  0.04941696  0.05938153  0.05998027  0.04873020  0.05964542  0.05959048  0.05839244  0.05835015  0.05939113  0.07293766  
0.07335192  0.05963405  0.05963405  0.05966359  0.05839244  0.05836123  0.04853178  0.05963405  0.05839244  0.04853178  0.05836123  0.05963405  0.05714293  0.05839244  0.05839244  0.07335192  
0.07542959  0.05998027  0.05977179  0.05839244  0.06107302  0.05964542  0.04941696  0.05939113  0.05997890  0.04873020  0.05840028  0.05835015  0.05963405  0.05959048  0.05938153  0.07293766  
0.07334976  0.05964542  0.05840028  0.05836123  0.05964542  0.05967933  0.04852589  0.05964542  0.05840028  0.04852589  0.05715170  0.05840028  0.05836123  0.05964542  0.05840028  0.07334976  
0.06099816  0.04873020  0.04941696  0.04853178  0.04941696  0.04852589  0.04098136  0.04941696  0.04873020  0.03979406  0.04852589  0.04873020  0.04853178  0.04873020  0.04941696  0.06099816  
0.07293766  0.05959048  0.05938153  0.05963405  0.05939113  0.05964542  0.04941696  0.06107302  0.05835015  0.04873020  0.05840028  0.05997890  0.05839244  0.05998027  0.05977179  0.07542959  
0.07542959  0.05977179  0.05998027  0.05839244  0.05997890  0.05840028  0.04873020  0.05835015  0.06107302  0.04941696  0.05964542  0.05939113  0.05963405  0.05938153  0.05959048  0.07293766  
0.06099816  0.04941696  0.04873020  0.04853178  0.04873020  0.04852589  0.03979406  0.04873020  0.04941696  0.04098136  0.04852589  0.04941696  0.04853178  0.04941696  0.04873020  0.06099816  
0.07334976  0.05840028  0.05964542  0.05836123  0.05840028  0.05715170  0.04852589  0.05840028  0.05964542  0.04852589  0.05967933  0.05964542  0.05836123  0.05840028  0.05964542  0.07334976  
0.07293766  0.05938153  0.05959048  0.05963405  0.05835015  0.05840028  0.04873020  0.05997890  0.05939113  0.04941696  0.05964542  0.06107302  0.05839244  0.05977179  0.05998027  0.07542959  
0.07335192  0.05839244  0.05839244  0.05714293  0.05963405  0.05836123  0.04853178  0.05839244  0.05963405  0.04853178  0.05836123  0.05839244  0.05966359  0.05963405  0.05963405  0.07335192  
0.07293766  0.05939113  0.05835015  0.05839244  0.05959048  0.05964542  0.04873020  0.05998027  0.05938153  0.04941696  0.05840028  0.05977179  0.05963405  0.06107302  0.05997890  0.07542959  
0.07293766  0.05835015  0.05939113  0.05839244  0.05938153  0.05840028  0.04941696  0.05977179  0.05959048  0.04873020  0.05964542  0.05998027  0.05963405  0.05997890  0.06107302  0.07542959  
0.08917643  0.07293766  0.07293766  0.07335192  0.07293766  0.07334976  0.06099816  0.07542959  0.07293766  0.06099816  0.07334976  0.07542959  0.07335192  0.07542959  0.07542959  0.09538364  
