0.00001870  0.00000627  0.00000627  0.00000838  0.00000627  0.00000745  0.00000791  0.00000996  0.00000627  0.00000791  0.00000745  0.00000996  0.00000838  0.00000996  0.00000996  0.00001989  
0.00000627  0.00000486  0.00000914  0.00000571  0.00000934  0.00000510  0.00000550  0.00000788  0.00000786  0.00000447  0.00000575  0.00000800  0.00000670  0.00000830  0.00000982  0.00000996  
0.00000627  0.00000914  0.00000486  0.00000571  0.00000786  0.00000575  0.00000447  0.00000800  0.00000934  0.00000550  0.00000510  0.00000788  0.00000670  0.00000982  0.00000830  0.00000996  
0.00000838  0.00000571  0.00000571  0.00001313  0.00000670  0.00000731  0.00000619  0.00000571  0.00000670  0.00000619  0.00000731  0.00000571  0.00001515  0.00000670  0.00000670  0.00000838  
0.00000627  0.00000934  0.00000786  0.00000670  0.00000486  0.00000510  0.00000447  0.00000830  0.00000914  0.00000550  0.00000575  0.00000982  0.00000571  0.00000788  0.00000800  0.00000996  
0.00000745  0.00000510  0.00000575  0.00000731  0.00000510  0.00001200  0.00000678  0.00000510  0.00000575  0.00000678  0.00001052  0.00000575  0.00000731  0.00000510  0.00000575  0.00000745  
0.00000791  0.00000550  0.00000447  0.00000619  0.00000447  0.00000678  0.00001037  0.00000447  0.00000550  0.00001111  0.00000678  0.00000550  0.00000619  0.00000550  0.00000447  0.00000791  
0.00000996  0.00000788  0.00000800  0.00000571  0.00000830  0.00000510  0.00000447  0.00000486  0.00000982  0.00000550  0.00000575  0.00000914  0.00000670  0.00000934  0.00000786  0.00000627  
0.00000627  0.00000786  0.00000934  0.00000670  0.00000914  0.00000575  0.00000550  0.00000982  0.00000486  0.00000447  0.00000510  0.00000830  0.00000571  0.00000800  0.00000788  0.00000996  
0.00000791  0.00000447  0.00000550  0.00000619  0.00000550  0.00000678  0.00001111  0.00000550  0.00000447  0.00001037  0.00000678  0.00000447  0.00000619  0.00000447  0.00000550  0.00000791  
0.00000745  0.00000575  0.00000510  0.00000731  0.00000575  0.00001052  0.00000678  0.00000575  0.00000510  0.00000678  0.00001200  0.00000510  0.00000731  0.00000575  0.00000510  0.00000745  
0.00000996  0.00000800  0.00000788  0.00000571  0.00000982  0.00000575  0.00000550  0.00000914  0.00000830  0.00000447  0.00000510  0.00000486  0.00000670  0.00000786  0.00000934  0.00000627  
0.00000838  0.00000670  0.00000670  0.00001515  0.00000571  0.00000731  0.00000619  0.00000670  0.00000571  0.00000619  0.00000731  0.00000670  0.00001313  0.00000571  0.00000571  0.00000838  
0.00000996  0.00000830  0.00000982  0.00000670  0.00000788  0.00000510  0.00000550  0.00000934  0.00000800  0.00000447  0.00000575  0.00000786  0.00000571  0.00000486  0.00000914  0.00000627  
0.00000996  0.00000982  0.00000830  0.00000670  0.00000800  0.00000575  0.00000447  0.00000786  0.00000788  0.00000550  0.00000510  0.00000934  0.00000571  0.00000914  0.00000486  0.00000627  
0.00001989  0.00000996  0.00000996  0.00000838  0.00000996  0.00000745  0.00000791  0.00000627  0.00000996  0.00000791  0.00000745  0.00000627  0.00000838  0.00000627  0.00000627  0.00001870  
