0.07116468  0.06642198  0.06642198  0.06620466  0.06642198  0.06620649  0.06219789  0.06611976  0.06642198  0.06219789  0.06620649  0.06611976  0.06620466  0.06611976  0.06611976  0.07048273  
0.06642198  0.06235513  0.06208992  0.06211562  0.06208322  0.06211907  0.05814903  0.06206408  0.06206571  0.05833795  0.06187322  0.06204833  0.06187046  0.06205451  0.06183059  0.06611976  
0.06642198  0.06208992  0.06235513  0.06211562  0.06206571  0.06187322  0.05833795  0.06204833  0.06208322  0.05814903  0.06211907  0.06206408  0.06187046  0.06183059  0.06205451  0.06611976  
0.06620466  0.06211562  0.06211562  0.06225336  0.06187046  0.06193464  0.05817730  0.06211562  0.06187046  0.05817730  0.06193464  0.06211562  0.06170443  0.06187046  0.06187046  0.06620466  
0.06642198  0.06208322  0.06206571  0.06187046  0.06235513  0.06211907  0.05833795  0.06205451  0.06208992  0.05814903  0.06187322  0.06183059  0.06211562  0.06206408  0.06204833  0.06611976  
0.06620649  0.06211907  0.06187322  0.06193464  0.06211907  0.06225261  0.05818078  0.06211907  0.06187322  0.05818078  0.06169428  0.06187322  0.06193464  0.06211907  0.06187322  0.06620649  
0.06219789  0.05814903  0.05833795  0.05817730  0.05833795  0.05818078  0.05490884  0.05833795  0.05814903  0.05448796  0.05818078  0.05814903  0.05817730  0.05814903  0.05833795  0.06219789  
0.06611976  0.06206408  0.06204833  0.06211562  0.06205451  0.06211907  0.05833795  0.06235513  0.06183059  0.05814903  0.06187322  0.06208992  0.06187046  0.06208322  0.06206571  0.06642198  
0.06642198  0.06206571  0.06208322  0.06187046  0.06208992  0.06187322  0.05814903  0.06183059  0.06235513  0.05833795  0.06211907  0.06205451  0.06211562  0.06204833  0.06206408  0.06611976  
0.06219789  0.05833795  0.05814903  0.05817730  0.05814903  0.05818078  0.05448796  0.05814903  0.05833795  0.05490884  0.05818078  0.05833795  0.05817730  0.05833795  0.05814903  0.06219789  
0.06620649  0.06187322  0.06211907  0.06193464  0.06187322  0.06169428  0.05818078  0.06187322  0.06211907  0.05818078  0.06225261  0.06211907  0.06193464  0.06187322  0.06211907  0.06620649  
0.06611976  0.06204833  0.06206408  0.06211562  0.06183059  0.06187322  0.05814903  0.06208992  0.06205451  0.05833795  0.06211907  0.06235513  0.06187046  0.06206571  0.06208322  0.06642198  
0.06620466  0.06187046  0.06187046  0.06170443  0.06211562  0.06193464  0.05817730  0.06187046  0.06211562  0.05817730  0.06193464  0.06187046  0.06225336  0.06211562  0.06211562  0.06620466  
0.06611976  0.06205451  0.06183059  0.06187046  0.06206408  0.06211907  0.05814903  0.06208322  0.06204833  0.05833795  0.06187322  0.06206571  0.06211562  0.06235513  0.06208992  0.06642198  
0.06611976  0.06183059  0.06205451  0.06187046  0.06204833  0.06187322  0.05833795  0.06206571  0.06206408  0.05814903  0.06211907  0.06208322  0.06211562  0.06208992  0.06235513  0.06642198  
0.07048273  0.06611976  0.06611976  0.06620466  0.06611976  0.06620649  0.06219789  0.06642198  0.06611976  0.06219789  0.06620649  0.06642198  0.06620466  0.06642198  0.06642198  0.07116468  
