0.00001273  0.00000610  0.00000610  0.00000881  0.00000610  0.00000806  0.00000761  0.00000773  0.00000610  0.00000761  0.00000806  0.00000773  0.00000881  0.00000773  0.00000773  0.00001646  
0.00000610  0.00000451  0.00000684  0.00000623  0.00000795  0.00000509  0.00000696  0.00000637  0.00000790  0.00000572  0.00000648  0.00000649  0.00000735  0.00000712  0.00000901  0.00000773  
0.00000610  0.00000684  0.00000451  0.00000623  0.00000790  0.00000648  0.00000572  0.00000649  0.00000795  0.00000696  0.00000509  0.00000637  0.00000735  0.00000901  0.00000712  0.00000773  
0.00000881  0.00000623  0.00000623  0.00001224  0.00000735  0.00000649  0.00000889  0.00000623  0.00000735  0.00000889  0.00000649  0.00000623  0.00001317  0.00000735  0.00000735  0.00000881  
0.00000610  0.00000795  0.00000790  0.00000735  0.00000451  0.00000509  0.00000572  0.00000712  0.00000684  0.00000696  0.00000648  0.00000901  0.00000623  0.00000637  0.00000649  0.00000773  
0.00000806  0.00000509  0.00000648  0.00000649  0.00000509  0.00000829  0.00000663  0.00000509  0.00000648  0.00000663  0.00001173  0.00000648  0.00000649  0.00000509  0.00000648  0.00000806  
0.00000761  0.00000696  0.00000572  0.00000889  0.00000572  0.00000663  0.00001408  0.00000572  0.00000696  0.00001403  0.00000663  0.00000696  0.00000889  0.00000696  0.00000572  0.00000761  
0.00000773  0.00000637  0.00000649  0.00000623  0.00000712  0.00000509  0.00000572  0.00000451  0.00000901  0.00000696  0.00000648  0.00000684  0.00000735  0.00000795  0.00000790  0.00000610  
0.00000610  0.00000790  0.00000795  0.00000735  0.00000684  0.00000648  0.00000696  0.00000901  0.00000451  0.00000572  0.00000509  0.00000712  0.00000623  0.00000649  0.00000637  0.00000773  
0.00000761  0.00000572  0.00000696  0.00000889  0.00000696  0.00000663  0.00001403  0.00000696  0.00000572  0.00001408  0.00000663  0.00000572  0.00000889  0.00000572  0.00000696  0.00000761  
0.00000806  0.00000648  0.00000509  0.00000649  0.00000648  0.00001173  0.00000663  0.00000648  0.00000509  0.00000663  0.00000829  0.00000509  0.00000649  0.00000648  0.00000509  0.00000806  
0.00000773  0.00000649  0.00000637  0.00000623  0.00000901  0.00000648  0.00000696  0.00000684  0.00000712  0.00000572  0.00000509  0.00000451  0.00000735  0.00000790  0.00000795  0.00000610  
0.00000881  0.00000735  0.00000735  0.00001317  0.00000623  0.00000649  0.00000889  0.00000735  0.00000623  0.00000889  0.00000649  0.00000735  0.00001224  0.00000623  0.00000623  0.00000881  
0.00000773  0.00000712  0.00000901  0.00000735  0.00000637  0.00000509  0.00000696  0.00000795  0.00000649  0.00000572  0.00000648  0.00000790  0.00000623  0.00000451  0.00000684  0.00000610  
0.00000773  0.00000901  0.00000712  0.00000735  0.00000649  0.00000648  0.00000572  0.00000790  0.00000637  0.00000696  0.00000509  0.00000795  0.00000623  0.00000684  0.00000451  0.00000610  
0.00001646  0.00000773  0.00000773  0.00000881  0.00000773  0.00000806  0.00000761  0.00000610  0.00000773  0.00000761  0.00000806  0.00000610  0.00000881  0.00000610  0.00000610  0.00001273  
