0.17257017  0.14168253  0.12320765  0.14129872  0.14168253  0.11969698  0.14129872  0.16675314  
0.14168253  0.11968917  0.10142156  0.11963806  0.11642296  0.10119001  0.11639158  0.14129872  
0.12320765  0.10142156  0.08805150  0.10119001  0.10142156  0.08589076  0.10119001  0.11969698  
0.14129872  0.11963806  0.10119001  0.11968917  0.11639158  0.10142156  0.11642296  0.14168253  
0.14168253  0.11642296  0.10142156  0.11639158  0.11968917  0.10119001  0.11963806  0.14129872  
0.11969698  0.10119001  0.08589076  0.10142156  0.10119001  0.08805150  0.10142156  0.12320765  
0.14129872  0.11639158  0.10119001  0.11642296  0.11963806  0.10142156  0.11968917  0.14168253  
0.16675314  0.14129872  0.11969698  0.14168253  0.14129872  0.12320765  0.14168253  0.17257017  
