0.00000750  0.00000575  0.00000559  0.00000543  0.00000575  0.00000609  0.00000543  0.00001239  
0.00000575  0.00000340  0.00000401  0.00000403  0.00000576  0.00000344  0.00000590  0.00000543  
0.00000559  0.00000401  0.00000633  0.00000344  0.00000401  0.00000723  0.00000344  0.00000609  
0.00000543  0.00000403  0.00000344  0.00000340  0.00000590  0.00000401  0.00000576  0.00000575  
0.00000575  0.00000576  0.00000401  0.00000590  0.00000340  0.00000344  0.00000403  0.00000543  
0.00000609  0.00000344  0.00000723  0.00000401  0.00000344  0.00000633  0.00000401  0.00000559  
0.00000543  0.00000590  0.00000344  0.00000576  0.00000403  0.00000401  0.00000340  0.00000575  
0.00001239  0.00000543  0.00000609  0.00000575  0.00000543  0.00000559  0.00000575  0.00000750  
