0.11244362  0.08770356  0.07370245  0.08582277  0.07370245  0.05984409  0.07181744  0.08719683  0.08770356  0.06894925  0.05984409  0.07033235  0.08582277  0.07033235  0.08719683  0.10669340  
0.08770356  0.07131342  0.05774170  0.07005348  0.05754986  0.04868921  0.05632219  0.07123507  0.06845581  0.05606865  0.04690360  0.05744198  0.06703865  0.05725220  0.06840410  0.08719683  
0.07370245  0.05774170  0.04837128  0.05652927  0.04833620  0.03940572  0.04711859  0.05744198  0.05754986  0.04542690  0.03928659  0.04636441  0.05632460  0.04634309  0.05725220  0.07033235  
0.08582277  0.07005348  0.05652927  0.06891695  0.05632460  0.04785799  0.05515098  0.07005348  0.06703865  0.05515098  0.04595618  0.05652927  0.06566197  0.05632460  0.06703865  0.08582277  
0.07370245  0.05754986  0.04833620  0.05632460  0.04837128  0.03928659  0.04711859  0.05725220  0.05774170  0.04542690  0.03940572  0.04634309  0.05652927  0.04636441  0.05744198  0.07033235  
0.05984409  0.04868921  0.03940572  0.04785799  0.03928659  0.03330001  0.03845566  0.04868921  0.04690360  0.03845566  0.03215221  0.03940572  0.04595618  0.03928659  0.04690360  0.05984409  
0.07181744  0.05632219  0.04711859  0.05515098  0.04711859  0.03845566  0.04597000  0.05606865  0.05632219  0.04450939  0.03845566  0.04542690  0.05515098  0.04542690  0.05606865  0.06894925  
0.08719683  0.07123507  0.05744198  0.07005348  0.05725220  0.04868921  0.05606865  0.07131342  0.06840410  0.05632219  0.04690360  0.05774170  0.06703865  0.05754986  0.06845581  0.08770356  
0.08770356  0.06845581  0.05754986  0.06703865  0.05774170  0.04690360  0.05632219  0.06840410  0.07131342  0.05606865  0.04868921  0.05725220  0.07005348  0.05744198  0.07123507  0.08719683  
0.06894925  0.05606865  0.04542690  0.05515098  0.04542690  0.03845566  0.04450939  0.05632219  0.05606865  0.04597000  0.03845566  0.04711859  0.05515098  0.04711859  0.05632219  0.07181744  
0.05984409  0.04690360  0.03928659  0.04595618  0.03940572  0.03215221  0.03845566  0.04690360  0.04868921  0.03845566  0.03330001  0.03928659  0.04785799  0.03940572  0.04868921  0.05984409  
0.07033235  0.05744198  0.04636441  0.05652927  0.04634309  0.03940572  0.04542690  0.05774170  0.05725220  0.04711859  0.03928659  0.04837128  0.05632460  0.04833620  0.05754986  0.07370245  
0.08582277  0.06703865  0.05632460  0.06566197  0.05652927  0.04595618  0.05515098  0.06703865  0.07005348  0.05515098  0.04785799  0.05632460  0.06891695  0.05652927  0.07005348  0.08582277  
0.07033235  0.05725220  0.04634309  0.05632460  0.04636441  0.03928659  0.04542690  0.05754986  0.05744198  0.04711859  0.03940572  0.04833620  0.05652927  0.04837128  0.05774170  0.07370245  
0.08719683  0.06840410  0.05725220  0.06703865  0.05744198  0.04690360  0.05606865  0.06845581  0.07123507  0.05632219  0.04868921  0.05754986  0.07005348  0.05774170  0.07131342  0.08770356  
0.10669340  0.08719683  0.07033235  0.08582277  0.07033235  0.05984409  0.06894925  0.08770356  0.08719683  0.07181744  0.05984409  0.07370245  0.08582277  0.07370245  0.08770356  0.11244362  
