0.00000506  0.00000350  0.00000278  0.00000322  0.00000278  0.00000264  0.00000383  0.00000262  0.00000350  0.00000401  0.00000264  0.00000348  0.00000322  0.00000348  0.00000262  0.00000828  
0.00000350  0.00000322  0.00000244  0.00000254  0.00000239  0.00000241  0.00000240  0.00000355  0.00000336  0.00000265  0.00000254  0.00000201  0.00000358  0.00000236  0.00000467  0.00000262  
0.00000278  0.00000244  0.00000200  0.00000250  0.00000249  0.00000234  0.00000228  0.00000201  0.00000239  0.00000251  0.00000192  0.00000305  0.00000247  0.00000336  0.00000236  0.00000348  
0.00000322  0.00000254  0.00000250  0.00000413  0.00000247  0.00000258  0.00000249  0.00000254  0.00000358  0.00000249  0.00000343  0.00000250  0.00000578  0.00000247  0.00000358  0.00000322  
0.00000278  0.00000239  0.00000249  0.00000247  0.00000200  0.00000192  0.00000228  0.00000236  0.00000244  0.00000251  0.00000234  0.00000336  0.00000250  0.00000305  0.00000201  0.00000348  
0.00000264  0.00000241  0.00000234  0.00000258  0.00000192  0.00000360  0.00000266  0.00000241  0.00000254  0.00000266  0.00000331  0.00000234  0.00000343  0.00000192  0.00000254  0.00000264  
0.00000383  0.00000240  0.00000228  0.00000249  0.00000228  0.00000266  0.00000418  0.00000265  0.00000240  0.00000403  0.00000266  0.00000251  0.00000249  0.00000251  0.00000265  0.00000401  
0.00000262  0.00000355  0.00000201  0.00000254  0.00000236  0.00000241  0.00000265  0.00000322  0.00000467  0.00000240  0.00000254  0.00000244  0.00000358  0.00000239  0.00000336  0.00000350  
0.00000350  0.00000336  0.00000239  0.00000358  0.00000244  0.00000254  0.00000240  0.00000467  0.00000322  0.00000265  0.00000241  0.00000236  0.00000254  0.00000201  0.00000355  0.00000262  
0.00000401  0.00000265  0.00000251  0.00000249  0.00000251  0.00000266  0.00000403  0.00000240  0.00000265  0.00000418  0.00000266  0.00000228  0.00000249  0.00000228  0.00000240  0.00000383  
0.00000264  0.00000254  0.00000192  0.00000343  0.00000234  0.00000331  0.00000266  0.00000254  0.00000241  0.00000266  0.00000360  0.00000192  0.00000258  0.00000234  0.00000241  0.00000264  
0.00000348  0.00000201  0.00000305  0.00000250  0.00000336  0.00000234  0.00000251  0.00000244  0.00000236  0.00000228  0.00000192  0.00000200  0.00000247  0.00000249  0.00000239  0.00000278  
0.00000322  0.00000358  0.00000247  0.00000578  0.00000250  0.00000343  0.00000249  0.00000358  0.00000254  0.00000249  0.00000258  0.00000247  0.00000413  0.00000250  0.00000254  0.00000322  
0.00000348  0.00000236  0.00000336  0.00000247  0.00000305  0.00000192  0.00000251  0.00000239  0.00000201  0.00000228  0.00000234  0.00000249  0.00000250  0.00000200  0.00000244  0.00000278  
0.00000262  0.00000467  0.00000236  0.00000358  0.00000201  0.00000254  0.00000265  0.00000336  0.00000355  0.00000240  0.00000241  0.00000239  0.00000254  0.00000244  0.00000322  0.00000350  
0.00000828  0.00000262  0.00000348  0.00000322  0.00000348  0.00000264  0.00000401  0.00000350  0.00000262  0.00000383  0.00000264  0.00000278  0.00000322  0.00000278  0.00000350  0.00000506  
