0.13130246  0.12776659  0.12776659  0.12460097  0.12490412  0.12759203  0.12759203  0.13061777  
0.12776659  0.12477471  0.12445393  0.12171162  0.12161097  0.12459673  0.12430439  0.12759203  
0.12776659  0.12445393  0.12477471  0.12171162  0.12161097  0.12430439  0.12459673  0.12759203  
0.12460097  0.12171162  0.12171162  0.11914812  0.11862602  0.12161097  0.12161097  0.12490412  
0.12490412  0.12161097  0.12161097  0.11862602  0.11914812  0.12171162  0.12171162  0.12460097  
0.12759203  0.12459673  0.12430439  0.12161097  0.12171162  0.12477471  0.12445393  0.12776659  
0.12759203  0.12430439  0.12459673  0.12161097  0.12171162  0.12445393  0.12477471  0.12776659  
0.13061777  0.12759203  0.12759203  0.12490412  0.12460097  0.12776659  0.12776659  0.13130246  
