0.00000772  0.00000566  0.00000566  0.00000805  0.00000789  0.00000554  0.00000554  0.00001210  
0.00000566  0.00000391  0.00000738  0.00000640  0.00000691  0.00000760  0.00000922  0.00000554  
0.00000566  0.00000738  0.00000391  0.00000640  0.00000691  0.00000922  0.00000760  0.00000554  
0.00000805  0.00000640  0.00000640  0.00000702  0.00000920  0.00000691  0.00000691  0.00000789  
0.00000789  0.00000691  0.00000691  0.00000920  0.00000702  0.00000640  0.00000640  0.00000805  
0.00000554  0.00000760  0.00000922  0.00000691  0.00000640  0.00000391  0.00000738  0.00000566  
0.00000554  0.00000922  0.00000760  0.00000691  0.00000640  0.00000738  0.00000391  0.00000566  
0.00001210  0.00000554  0.00000554  0.00000789  0.00000805  0.00000566  0.00000566  0.00000772  
