0.13845510  0.13012138  0.13012138  0.12335086  0.12461805  0.12935244  0.12935244  0.13529850  
0.13012138  0.12405576  0.12277877  0.11778010  0.11745647  0.12338061  0.12222650  0.12935244  
0.13012138  0.12277877  0.12405576  0.11778010  0.11745647  0.12222650  0.12338061  0.12935244  
0.12335086  0.11778010  0.11778010  0.11343337  0.11155011  0.11745647  0.11745647  0.12461805  
0.12461805  0.11745647  0.11745647  0.11155011  0.11343337  0.11778010  0.11778010  0.12335086  
0.12935244  0.12338061  0.12222650  0.11745647  0.11778010  0.12405576  0.12277877  0.13012138  
0.12935244  0.12222650  0.12338061  0.11745647  0.11778010  0.12277877  0.12405576  0.13012138  
0.13529850  0.12935244  0.12935244  0.12461805  0.12335086  0.13012138  0.13012138  0.13845510  
