0.00004594  0.00002730  0.00002730  0.00002885  0.00002646  0.00002671  0.00002671  0.00005617  
0.00002730  0.00002174  0.00003741  0.00002063  0.00003171  0.00002499  0.00003783  0.00002671  
0.00002730  0.00003741  0.00002174  0.00002063  0.00003171  0.00003783  0.00002499  0.00002671  
0.00002885  0.00002063  0.00002063  0.00002946  0.00004239  0.00003171  0.00003171  0.00002646  
0.00002646  0.00003171  0.00003171  0.00004239  0.00002946  0.00002063  0.00002063  0.00002885  
0.00002671  0.00002499  0.00003783  0.00003171  0.00002063  0.00002174  0.00003741  0.00002730  
0.00002671  0.00003783  0.00002499  0.00003171  0.00002063  0.00003741  0.00002174  0.00002730  
0.00005617  0.00002671  0.00002671  0.00002646  0.00002885  0.00002730  0.00002730  0.00004594  
