0.08187226  0.07056036  0.07056036  0.06928575  0.07056036  0.06927746  0.06143343  0.06869787  0.07056036  0.06143343  0.06927746  0.06869787  0.06928575  0.06869787  0.06869787  0.07760766  
0.07056036  0.06192965  0.06107093  0.06101464  0.06107300  0.06101646  0.05337356  0.06073592  0.06092279  0.05396935  0.06004409  0.06059857  0.06004438  0.06059651  0.05977725  0.06869787  
0.07056036  0.06107093  0.06192965  0.06101464  0.06092279  0.06004409  0.05396935  0.06059857  0.06107300  0.05337356  0.06101646  0.06073592  0.06004438  0.05977725  0.06059651  0.06869787  
0.06928575  0.06101464  0.06101464  0.06124307  0.06004438  0.06022201  0.05340312  0.06101464  0.06004438  0.05340312  0.06022201  0.06101464  0.05929279  0.06004438  0.06004438  0.06928575  
0.07056036  0.06107300  0.06092279  0.06004438  0.06192965  0.06101646  0.05396935  0.06059651  0.06107093  0.05337356  0.06004409  0.05977725  0.06101464  0.06073592  0.06059857  0.06869787  
0.06927746  0.06101646  0.06004409  0.06022201  0.06101646  0.06125380  0.05340400  0.06101646  0.06004409  0.05340400  0.05925940  0.06004409  0.06022201  0.06101646  0.06004409  0.06927746  
0.06143343  0.05337356  0.05396935  0.05340312  0.05396935  0.05340400  0.04791226  0.05396935  0.05337356  0.04684136  0.05340400  0.05337356  0.05340312  0.05337356  0.05396935  0.06143343  
0.06869787  0.06073592  0.06059857  0.06101464  0.06059651  0.06101646  0.05396935  0.06192965  0.05977725  0.05337356  0.06004409  0.06107093  0.06004438  0.06107300  0.06092279  0.07056036  
0.07056036  0.06092279  0.06107300  0.06004438  0.06107093  0.06004409  0.05337356  0.05977725  0.06192965  0.05396935  0.06101646  0.06059651  0.06101464  0.06059857  0.06073592  0.06869787  
0.06143343  0.05396935  0.05337356  0.05340312  0.05337356  0.05340400  0.04684136  0.05337356  0.05396935  0.04791226  0.05340400  0.05396935  0.05340312  0.05396935  0.05337356  0.06143343  
0.06927746  0.06004409  0.06101646  0.06022201  0.06004409  0.05925940  0.05340400  0.06004409  0.06101646  0.05340400  0.06125380  0.06101646  0.06022201  0.06004409  0.06101646  0.06927746  
0.06869787  0.06059857  0.06073592  0.06101464  0.05977725  0.06004409  0.05337356  0.06107093  0.06059651  0.05396935  0.06101646  0.06192965  0.06004438  0.06092279  0.06107300  0.07056036  
0.06928575  0.06004438  0.06004438  0.05929279  0.06101464  0.06022201  0.05340312  0.06004438  0.06101464  0.05340312  0.06022201  0.06004438  0.06124307  0.06101464  0.06101464  0.06928575  
0.06869787  0.06059651  0.05977725  0.06004438  0.06073592  0.06101646  0.05337356  0.06107300  0.06059857  0.05396935  0.06004409  0.06092279  0.06101464  0.06192965  0.06107093  0.07056036  
0.06869787  0.05977725  0.06059651  0.06004438  0.06059857  0.06004409  0.05396935  0.06092279  0.06073592  0.05337356  0.06101646  0.06107300  0.06101464  0.06107093  0.06192965  0.07056036  
0.07760766  0.06869787  0.06869787  0.06928575  0.06869787  0.06927746  0.06143343  0.07056036  0.06869787  0.06143343  0.06927746  0.07056036  0.06928575  0.07056036  0.07056036  0.08187226  
