0.00000880  0.00000377  0.00000377  0.00000536  0.00000377  0.00000570  0.00000585  0.00000490  0.00000377  0.00000585  0.00000570  0.00000490  0.00000536  0.00000490  0.00000490  0.00001022  
0.00000377  0.00000286  0.00000383  0.00000344  0.00000521  0.00000324  0.00000383  0.00000582  0.00000445  0.00000355  0.00000472  0.00000538  0.00000442  0.00000484  0.00000583  0.00000490  
0.00000377  0.00000383  0.00000286  0.00000344  0.00000445  0.00000472  0.00000355  0.00000538  0.00000521  0.00000383  0.00000324  0.00000582  0.00000442  0.00000583  0.00000484  0.00000490  
0.00000536  0.00000344  0.00000344  0.00000816  0.00000442  0.00000509  0.00000339  0.00000344  0.00000442  0.00000339  0.00000509  0.00000344  0.00000871  0.00000442  0.00000442  0.00000536  
0.00000377  0.00000521  0.00000445  0.00000442  0.00000286  0.00000324  0.00000355  0.00000484  0.00000383  0.00000383  0.00000472  0.00000583  0.00000344  0.00000582  0.00000538  0.00000490  
0.00000570  0.00000324  0.00000472  0.00000509  0.00000324  0.00000714  0.00000468  0.00000324  0.00000472  0.00000468  0.00000852  0.00000472  0.00000509  0.00000324  0.00000472  0.00000570  
0.00000585  0.00000383  0.00000355  0.00000339  0.00000355  0.00000468  0.00000595  0.00000355  0.00000383  0.00000501  0.00000468  0.00000383  0.00000339  0.00000383  0.00000355  0.00000585  
0.00000490  0.00000582  0.00000538  0.00000344  0.00000484  0.00000324  0.00000355  0.00000286  0.00000583  0.00000383  0.00000472  0.00000383  0.00000442  0.00000521  0.00000445  0.00000377  
0.00000377  0.00000445  0.00000521  0.00000442  0.00000383  0.00000472  0.00000383  0.00000583  0.00000286  0.00000355  0.00000324  0.00000484  0.00000344  0.00000538  0.00000582  0.00000490  
0.00000585  0.00000355  0.00000383  0.00000339  0.00000383  0.00000468  0.00000501  0.00000383  0.00000355  0.00000595  0.00000468  0.00000355  0.00000339  0.00000355  0.00000383  0.00000585  
0.00000570  0.00000472  0.00000324  0.00000509  0.00000472  0.00000852  0.00000468  0.00000472  0.00000324  0.00000468  0.00000714  0.00000324  0.00000509  0.00000472  0.00000324  0.00000570  
0.00000490  0.00000538  0.00000582  0.00000344  0.00000583  0.00000472  0.00000383  0.00000383  0.00000484  0.00000355  0.00000324  0.00000286  0.00000442  0.00000445  0.00000521  0.00000377  
0.00000536  0.00000442  0.00000442  0.00000871  0.00000344  0.00000509  0.00000339  0.00000442  0.00000344  0.00000339  0.00000509  0.00000442  0.00000816  0.00000344  0.00000344  0.00000536  
0.00000490  0.00000484  0.00000583  0.00000442  0.00000582  0.00000324  0.00000383  0.00000521  0.00000538  0.00000355  0.00000472  0.00000445  0.00000344  0.00000286  0.00000383  0.00000377  
0.00000490  0.00000583  0.00000484  0.00000442  0.00000538  0.00000472  0.00000355  0.00000445  0.00000582  0.00000383  0.00000324  0.00000521  0.00000344  0.00000383  0.00000286  0.00000377  
0.00001022  0.00000490  0.00000490  0.00000536  0.00000490  0.00000570  0.00000585  0.00000377  0.00000490  0.00000585  0.00000570  0.00000377  0.00000536  0.00000377  0.00000377  0.00000880  
