0.14781906  0.13245102  0.13245102  0.12114115  0.12452271  0.12990020  0.12990020  0.13831505  
0.13245102  0.12235186  0.11978567  0.11293672  0.11239194  0.12086454  0.11832471  0.12990020  
0.13245102  0.11978567  0.12235186  0.11293672  0.11239194  0.11832471  0.12086454  0.12990020  
0.12114115  0.11293672  0.11293672  0.10747721  0.10354629  0.11239194  0.11239194  0.12452271  
0.12452271  0.11239194  0.11239194  0.10354629  0.10747721  0.11293672  0.11293672  0.12114115  
0.12990020  0.12086454  0.11832471  0.11239194  0.11293672  0.12235186  0.11978567  0.13245102  
0.12990020  0.11832471  0.12086454  0.11239194  0.11293672  0.11978567  0.12235186  0.13245102  
0.13831505  0.12990020  0.12990020  0.12452271  0.12114115  0.13245102  0.13245102  0.14781906  
