0.00000374  0.00000304  0.00000304  0.00000427  0.00000316  0.00000303  0.00000303  0.00000501  
0.00000304  0.00000238  0.00000307  0.00000267  0.00000274  0.00000344  0.00000268  0.00000303  
0.00000304  0.00000307  0.00000238  0.00000267  0.00000274  0.00000268  0.00000344  0.00000303  
0.00000427  0.00000267  0.00000267  0.00000387  0.00000467  0.00000274  0.00000274  0.00000316  
0.00000316  0.00000274  0.00000274  0.00000467  0.00000387  0.00000267  0.00000267  0.00000427  
0.00000303  0.00000344  0.00000268  0.00000274  0.00000267  0.00000238  0.00000307  0.00000304  
0.00000303  0.00000268  0.00000344  0.00000274  0.00000267  0.00000307  0.00000238  0.00000304  
0.00000501  0.00000303  0.00000303  0.00000316  0.00000427  0.00000304  0.00000304  0.00000374  
