0.15648208  0.13503779  0.13503779  0.12060261  0.12481737  0.13275173  0.13275173  0.14590782  
0.13503779  0.12074620  0.11814567  0.10903495  0.10854544  0.11929551  0.11688064  0.13275173  
0.13503779  0.11814567  0.12074620  0.10903495  0.10854544  0.11688064  0.11929551  0.13275173  
0.12060261  0.10903495  0.10903495  0.10202552  0.09745563  0.10854544  0.10854544  0.12481737  
0.12481737  0.10854544  0.10854544  0.09745563  0.10202552  0.10903495  0.10903495  0.12060261  
0.13275173  0.11929551  0.11688064  0.10854544  0.10903495  0.12074620  0.11814567  0.13503779  
0.13275173  0.11688064  0.11929551  0.10854544  0.10903495  0.11814567  0.12074620  0.13503779  
0.14590782  0.13275173  0.13275173  0.12481737  0.12060261  0.13503779  0.13503779  0.15648208  
