0.00005837  0.00002992  0.00002992  0.00003061  0.00003001  0.00003528  0.00003528  0.00005873  
0.00002992  0.00002884  0.00004000  0.00002319  0.00002950  0.00003401  0.00003568  0.00003528  
0.00002992  0.00004000  0.00002884  0.00002319  0.00002950  0.00003568  0.00003401  0.00003528  
0.00003061  0.00002319  0.00002319  0.00003458  0.00004767  0.00002950  0.00002950  0.00003001  
0.00003001  0.00002950  0.00002950  0.00004767  0.00003458  0.00002319  0.00002319  0.00003061  
0.00003528  0.00003401  0.00003568  0.00002950  0.00002319  0.00002884  0.00004000  0.00002992  
0.00003528  0.00003568  0.00003401  0.00002950  0.00002319  0.00004000  0.00002884  0.00002992  
0.00005873  0.00003528  0.00003528  0.00003001  0.00003061  0.00002992  0.00002992  0.00005837  
