0.44690466  0.08528997  0.08174263  0.03433292  0.08528997  0.01924013  0.03433292  0.03060966  
0.08528997  0.01884404  0.01653255  0.01246103  0.01805937  0.00891887  0.01181685  0.03433292  
0.08174263  0.01653255  0.01540726  0.00891887  0.01653255  0.00599444  0.00891887  0.01924013  
0.03433292  0.01246103  0.00891887  0.01884404  0.01181685  0.01653255  0.01805937  0.08528997  
0.08528997  0.01805937  0.01653255  0.01181685  0.01884404  0.00891887  0.01246103  0.03433292  
0.01924013  0.00891887  0.00599444  0.01653255  0.00891887  0.01540726  0.01653255  0.08174263  
0.03433292  0.01181685  0.00891887  0.01805937  0.01246103  0.01653255  0.01884404  0.08528997  
0.03060966  0.03433292  0.01924013  0.08528997  0.03433292  0.08174263  0.08528997  0.44690466  
