0.00000380  0.00000310  0.00000469  0.00000139  0.00000310  0.00000175  0.00000139  0.00000252  
0.00000310  0.00000167  0.00000128  0.00000128  0.00000182  0.00000103  0.00000151  0.00000139  
0.00000469  0.00000128  0.00000150  0.00000103  0.00000128  0.00000113  0.00000103  0.00000175  
0.00000139  0.00000128  0.00000103  0.00000167  0.00000151  0.00000128  0.00000182  0.00000310  
0.00000310  0.00000182  0.00000128  0.00000151  0.00000167  0.00000103  0.00000128  0.00000139  
0.00000175  0.00000103  0.00000113  0.00000128  0.00000103  0.00000150  0.00000128  0.00000469  
0.00000139  0.00000151  0.00000103  0.00000182  0.00000128  0.00000128  0.00000167  0.00000310  
0.00000252  0.00000139  0.00000175  0.00000310  0.00000139  0.00000469  0.00000310  0.00000380  
