0.00001037  0.00000572  0.00000572  0.00001006  0.00000815  0.00000553  0.00000553  0.00001296  
0.00000572  0.00000647  0.00000831  0.00000618  0.00000588  0.00000901  0.00000737  0.00000553  
0.00000572  0.00000831  0.00000647  0.00000618  0.00000588  0.00000737  0.00000901  0.00000553  
0.00001006  0.00000618  0.00000618  0.00001140  0.00001071  0.00000588  0.00000588  0.00000815  
0.00000815  0.00000588  0.00000588  0.00001071  0.00001140  0.00000618  0.00000618  0.00001006  
0.00000553  0.00000901  0.00000737  0.00000588  0.00000618  0.00000647  0.00000831  0.00000572  
0.00000553  0.00000737  0.00000901  0.00000588  0.00000618  0.00000831  0.00000647  0.00000572  
0.00001296  0.00000553  0.00000553  0.00000815  0.00001006  0.00000572  0.00000572  0.00001037  
