0.27009039  0.10444613  0.10444613  0.05692209  0.10444613  0.05691385  0.04310794  0.03680639  0.10444613  0.04310794  0.05691385  0.03680639  0.05692209  0.03680639  0.03680639  0.04341729  
0.10444613  0.04324933  0.04218012  0.02666564  0.04217067  0.02666858  0.01961251  0.02244285  0.04197509  0.02001662  0.02577984  0.02226932  0.02578221  0.02227564  0.02165789  0.03680639  
0.10444613  0.04218012  0.04324933  0.02666564  0.04197509  0.02577984  0.02001662  0.02226932  0.04217067  0.01961251  0.02666858  0.02244285  0.02578221  0.02165789  0.02227564  0.03680639  
0.05692209  0.02666564  0.02666564  0.02221899  0.02578221  0.02140464  0.01615523  0.02666564  0.02578221  0.01615523  0.02140464  0.02666564  0.02064104  0.02578221  0.02578221  0.05692209  
0.10444613  0.04217067  0.04197509  0.02578221  0.04324933  0.02666858  0.02001662  0.02227564  0.04218012  0.01961251  0.02577984  0.02165789  0.02666564  0.02244285  0.02226932  0.03680639  
0.05691385  0.02666858  0.02577984  0.02140464  0.02666858  0.02222338  0.01615355  0.02666858  0.02577984  0.01615355  0.02064533  0.02577984  0.02140464  0.02666858  0.02577984  0.05691385  
0.04310794  0.01961251  0.02001662  0.01615523  0.02001662  0.01615355  0.01246990  0.02001662  0.01961251  0.01195836  0.01615355  0.01961251  0.01615523  0.01961251  0.02001662  0.04310794  
0.03680639  0.02244285  0.02226932  0.02666564  0.02227564  0.02666858  0.02001662  0.04324933  0.02165789  0.01961251  0.02577984  0.04218012  0.02578221  0.04217067  0.04197509  0.10444613  
0.10444613  0.04197509  0.04217067  0.02578221  0.04218012  0.02577984  0.01961251  0.02165789  0.04324933  0.02001662  0.02666858  0.02227564  0.02666564  0.02226932  0.02244285  0.03680639  
0.04310794  0.02001662  0.01961251  0.01615523  0.01961251  0.01615355  0.01195836  0.01961251  0.02001662  0.01246990  0.01615355  0.02001662  0.01615523  0.02001662  0.01961251  0.04310794  
0.05691385  0.02577984  0.02666858  0.02140464  0.02577984  0.02064533  0.01615355  0.02577984  0.02666858  0.01615355  0.02222338  0.02666858  0.02140464  0.02577984  0.02666858  0.05691385  
0.03680639  0.02226932  0.02244285  0.02666564  0.02165789  0.02577984  0.01961251  0.04218012  0.02227564  0.02001662  0.02666858  0.04324933  0.02578221  0.04197509  0.04217067  0.10444613  
0.05692209  0.02578221  0.02578221  0.02064104  0.02666564  0.02140464  0.01615523  0.02578221  0.02666564  0.01615523  0.02140464  0.02578221  0.02221899  0.02666564  0.02666564  0.05692209  
0.03680639  0.02227564  0.02165789  0.02578221  0.02244285  0.02666858  0.01961251  0.04217067  0.02226932  0.02001662  0.02577984  0.04197509  0.02666564  0.04324933  0.04218012  0.10444613  
0.03680639  0.02165789  0.02227564  0.02578221  0.02226932  0.02577984  0.02001662  0.04197509  0.02244285  0.01961251  0.02666858  0.04217067  0.02666564  0.04218012  0.04324933  0.10444613  
0.04341729  0.03680639  0.03680639  0.05692209  0.03680639  0.05691385  0.04310794  0.10444613  0.03680639  0.04310794  0.05691385  0.10444613  0.05692209  0.10444613  0.10444613  0.27009039  
