0.00002514  0.00000878  0.00000878  0.00000636  0.00000878  0.00000730  0.00000572  0.00000497  0.00000878  0.00000572  0.00000730  0.00000497  0.00000636  0.00000497  0.00000497  0.00001221  
0.00000878  0.00000509  0.00000644  0.00000319  0.00000737  0.00000358  0.00000346  0.00000461  0.00000591  0.00000286  0.00000402  0.00000485  0.00000390  0.00000395  0.00000444  0.00000497  
0.00000878  0.00000644  0.00000509  0.00000319  0.00000591  0.00000402  0.00000286  0.00000485  0.00000737  0.00000346  0.00000358  0.00000461  0.00000390  0.00000444  0.00000395  0.00000497  
0.00000636  0.00000319  0.00000319  0.00000743  0.00000390  0.00000416  0.00000314  0.00000319  0.00000390  0.00000314  0.00000416  0.00000319  0.00000707  0.00000390  0.00000390  0.00000636  
0.00000878  0.00000737  0.00000591  0.00000390  0.00000509  0.00000358  0.00000286  0.00000395  0.00000644  0.00000346  0.00000402  0.00000444  0.00000319  0.00000461  0.00000485  0.00000497  
0.00000730  0.00000358  0.00000402  0.00000416  0.00000358  0.00000744  0.00000306  0.00000358  0.00000402  0.00000306  0.00000903  0.00000402  0.00000416  0.00000358  0.00000402  0.00000730  
0.00000572  0.00000346  0.00000286  0.00000314  0.00000286  0.00000306  0.00000432  0.00000286  0.00000346  0.00000529  0.00000306  0.00000346  0.00000314  0.00000346  0.00000286  0.00000572  
0.00000497  0.00000461  0.00000485  0.00000319  0.00000395  0.00000358  0.00000286  0.00000509  0.00000444  0.00000346  0.00000402  0.00000644  0.00000390  0.00000737  0.00000591  0.00000878  
0.00000878  0.00000591  0.00000737  0.00000390  0.00000644  0.00000402  0.00000346  0.00000444  0.00000509  0.00000286  0.00000358  0.00000395  0.00000319  0.00000485  0.00000461  0.00000497  
0.00000572  0.00000286  0.00000346  0.00000314  0.00000346  0.00000306  0.00000529  0.00000346  0.00000286  0.00000432  0.00000306  0.00000286  0.00000314  0.00000286  0.00000346  0.00000572  
0.00000730  0.00000402  0.00000358  0.00000416  0.00000402  0.00000903  0.00000306  0.00000402  0.00000358  0.00000306  0.00000744  0.00000358  0.00000416  0.00000402  0.00000358  0.00000730  
0.00000497  0.00000485  0.00000461  0.00000319  0.00000444  0.00000402  0.00000346  0.00000644  0.00000395  0.00000286  0.00000358  0.00000509  0.00000390  0.00000591  0.00000737  0.00000878  
0.00000636  0.00000390  0.00000390  0.00000707  0.00000319  0.00000416  0.00000314  0.00000390  0.00000319  0.00000314  0.00000416  0.00000390  0.00000743  0.00000319  0.00000319  0.00000636  
0.00000497  0.00000395  0.00000444  0.00000390  0.00000461  0.00000358  0.00000346  0.00000737  0.00000485  0.00000286  0.00000402  0.00000591  0.00000319  0.00000509  0.00000644  0.00000878  
0.00000497  0.00000444  0.00000395  0.00000390  0.00000485  0.00000402  0.00000286  0.00000591  0.00000461  0.00000346  0.00000358  0.00000737  0.00000319  0.00000644  0.00000509  0.00000878  
0.00001221  0.00000497  0.00000497  0.00000636  0.00000497  0.00000730  0.00000572  0.00000878  0.00000497  0.00000572  0.00000730  0.00000878  0.00000636  0.00000878  0.00000878  0.00002514  
