0.31723081  0.13107457  0.13107457  0.06224907  0.12704201  0.07072769  0.07072769  0.05796932  
0.13107457  0.06285660  0.06157450  0.04421994  0.05862200  0.04825287  0.04722920  0.07072769  
0.13107457  0.06157450  0.06285660  0.04421994  0.05862200  0.04722920  0.04825287  0.07072769  
0.06224907  0.04421994  0.04421994  0.05705598  0.03956097  0.05862200  0.05862200  0.12704201  
0.12704201  0.05862200  0.05862200  0.03956097  0.05705598  0.04421994  0.04421994  0.06224907  
0.07072769  0.04825287  0.04722920  0.05862200  0.04421994  0.06285660  0.06157450  0.13107457  
0.07072769  0.04722920  0.04825287  0.05862200  0.04421994  0.06157450  0.06285660  0.13107457  
0.05796932  0.07072769  0.07072769  0.12704201  0.06224907  0.13107457  0.13107457  0.31723081  
