0.14114612  0.13098646  0.13098646  0.12287766  0.12464912  0.12973860  0.12973860  0.13650632  
0.13098646  0.12363359  0.12207603  0.11645850  0.11600268  0.12279185  0.12125550  0.12973860  
0.13098646  0.12207603  0.12363359  0.11645850  0.11600268  0.12125550  0.12279185  0.12973860  
0.12287766  0.11645850  0.11645850  0.11158669  0.10912566  0.11600268  0.11600268  0.12464912  
0.12464912  0.11600268  0.11600268  0.10912566  0.11158669  0.11645850  0.11645850  0.12287766  
0.12973860  0.12279185  0.12125550  0.11600268  0.11645850  0.12363359  0.12207603  0.13098646  
0.12973860  0.12125550  0.12279185  0.11600268  0.11645850  0.12207603  0.12363359  0.13098646  
0.13650632  0.12973860  0.12973860  0.12464912  0.12287766  0.13098646  0.13098646  0.14114612  
