0.00000352  0.00000226  0.00000226  0.00000332  0.00000302  0.00000278  0.00000278  0.00000413  
0.00000226  0.00000185  0.00000318  0.00000243  0.00000265  0.00000258  0.00000342  0.00000278  
0.00000226  0.00000318  0.00000185  0.00000243  0.00000265  0.00000342  0.00000258  0.00000278  
0.00000332  0.00000243  0.00000243  0.00000282  0.00000432  0.00000265  0.00000265  0.00000302  
0.00000302  0.00000265  0.00000265  0.00000432  0.00000282  0.00000243  0.00000243  0.00000332  
0.00000278  0.00000258  0.00000342  0.00000265  0.00000243  0.00000185  0.00000318  0.00000226  
0.00000278  0.00000342  0.00000258  0.00000265  0.00000243  0.00000318  0.00000185  0.00000226  
0.00000413  0.00000278  0.00000278  0.00000302  0.00000332  0.00000226  0.00000226  0.00000352  
