0.48952412  0.04114292  0.04114292  0.00349544  0.04108496  0.00417817  0.00417817  0.00084671  
0.04114292  0.00349831  0.00349354  0.00063869  0.00348169  0.00069726  0.00069656  0.00417817  
0.04114292  0.00349354  0.00349831  0.00063869  0.00348169  0.00069656  0.00069726  0.00417817  
0.00349544  0.00063869  0.00063869  0.00347926  0.00058085  0.00348169  0.00348169  0.04108496  
0.04108496  0.00348169  0.00348169  0.00058085  0.00347926  0.00063869  0.00063869  0.00349544  
0.00417817  0.00069726  0.00069656  0.00348169  0.00063869  0.00349831  0.00349354  0.04114292  
0.00417817  0.00069656  0.00069726  0.00348169  0.00063869  0.00349354  0.00349831  0.04114292  
0.00084671  0.00417817  0.00417817  0.04108496  0.00349544  0.04114292  0.04114292  0.48952412  
