0.00000201  0.00000281  0.00000281  0.00000092  0.00000362  0.00000088  0.00000088  0.00000052  
0.00000281  0.00000081  0.00000082  0.00000023  0.00000068  0.00000032  0.00000030  0.00000088  
0.00000281  0.00000082  0.00000081  0.00000023  0.00000068  0.00000030  0.00000032  0.00000088  
0.00000092  0.00000023  0.00000023  0.00000123  0.00000030  0.00000068  0.00000068  0.00000362  
0.00000362  0.00000068  0.00000068  0.00000030  0.00000123  0.00000023  0.00000023  0.00000092  
0.00000088  0.00000032  0.00000030  0.00000068  0.00000023  0.00000081  0.00000082  0.00000281  
0.00000088  0.00000030  0.00000032  0.00000068  0.00000023  0.00000082  0.00000081  0.00000281  
0.00000052  0.00000088  0.00000088  0.00000362  0.00000092  0.00000281  0.00000281  0.00000201  
