0.09520555  0.08062795  0.07075092  0.07977794  0.07075092  0.06116723  0.06990045  0.08047642  0.08062795  0.06847985  0.06116723  0.06918931  0.07977794  0.06918931  0.08047642  0.09290739  
0.08062795  0.06974100  0.06002422  0.06907920  0.05994646  0.05289750  0.05931332  0.06970178  0.06829885  0.05922142  0.05188784  0.05992202  0.06758773  0.05984211  0.06828778  0.08047642  
0.07075092  0.06002422  0.05262768  0.05939597  0.05259980  0.04553650  0.05197219  0.05992202  0.05994646  0.05099098  0.04548562  0.05152478  0.05931130  0.05151988  0.05984211  0.06918931  
0.07977794  0.06907920  0.05939597  0.06849358  0.05931130  0.05242350  0.05869426  0.06907920  0.06758773  0.05869426  0.05135934  0.05939597  0.06689170  0.05931130  0.06758773  0.07977794  
0.07075092  0.05994646  0.05259980  0.05931130  0.05262768  0.04548562  0.05197219  0.05984211  0.06002422  0.05099098  0.04553650  0.05151988  0.05939597  0.05152478  0.05992202  0.06918931  
0.06116723  0.05289750  0.04553650  0.05242350  0.04548562  0.04017528  0.04500639  0.05289750  0.05188784  0.04500639  0.03942702  0.04553650  0.05135934  0.04548562  0.05188784  0.06116723  
0.06990045  0.05931332  0.05197219  0.05869426  0.05197219  0.04500639  0.05138824  0.05922142  0.05931332  0.05046834  0.04500639  0.05099098  0.05869426  0.05099098  0.05922142  0.06847985  
0.08047642  0.06970178  0.05992202  0.06907920  0.05984211  0.05289750  0.05922142  0.06974100  0.06828778  0.05931332  0.05188784  0.06002422  0.06758773  0.05994646  0.06829885  0.08062795  
0.08062795  0.06829885  0.05994646  0.06758773  0.06002422  0.05188784  0.05931332  0.06828778  0.06974100  0.05922142  0.05289750  0.05984211  0.06907920  0.05992202  0.06970178  0.08047642  
0.06847985  0.05922142  0.05099098  0.05869426  0.05099098  0.04500639  0.05046834  0.05931332  0.05922142  0.05138824  0.04500639  0.05197219  0.05869426  0.05197219  0.05931332  0.06990045  
0.06116723  0.05188784  0.04548562  0.05135934  0.04553650  0.03942702  0.04500639  0.05188784  0.05289750  0.04500639  0.04017528  0.04548562  0.05242350  0.04553650  0.05289750  0.06116723  
0.06918931  0.05992202  0.05152478  0.05939597  0.05151988  0.04553650  0.05099098  0.06002422  0.05984211  0.05197219  0.04548562  0.05262768  0.05931130  0.05259980  0.05994646  0.07075092  
0.07977794  0.06758773  0.05931130  0.06689170  0.05939597  0.05135934  0.05869426  0.06758773  0.06907920  0.05869426  0.05242350  0.05931130  0.06849358  0.05939597  0.06907920  0.07977794  
0.06918931  0.05984211  0.05151988  0.05931130  0.05152478  0.04548562  0.05099098  0.05994646  0.05992202  0.05197219  0.04553650  0.05259980  0.05939597  0.05262768  0.06002422  0.07075092  
0.08047642  0.06828778  0.05984211  0.06758773  0.05992202  0.05188784  0.05922142  0.06829885  0.06970178  0.05931332  0.05289750  0.05994646  0.06907920  0.06002422  0.06974100  0.08062795  
0.09290739  0.08047642  0.06918931  0.07977794  0.06918931  0.06116723  0.06847985  0.08062795  0.08047642  0.06990045  0.06116723  0.07075092  0.07977794  0.07075092  0.08062795  0.09520555  
