0.00000374  0.00000264  0.00000239  0.00000279  0.00000239  0.00000223  0.00000333  0.00000319  0.00000264  0.00000310  0.00000223  0.00000263  0.00000279  0.00000263  0.00000319  0.00000601  
0.00000264  0.00000259  0.00000152  0.00000262  0.00000237  0.00000182  0.00000254  0.00000389  0.00000380  0.00000159  0.00000205  0.00000218  0.00000257  0.00000241  0.00000399  0.00000319  
0.00000239  0.00000152  0.00000248  0.00000229  0.00000304  0.00000200  0.00000200  0.00000218  0.00000237  0.00000200  0.00000184  0.00000233  0.00000256  0.00000272  0.00000241  0.00000263  
0.00000279  0.00000262  0.00000229  0.00000435  0.00000256  0.00000222  0.00000199  0.00000262  0.00000257  0.00000199  0.00000248  0.00000229  0.00000408  0.00000256  0.00000257  0.00000279  
0.00000239  0.00000237  0.00000304  0.00000256  0.00000248  0.00000184  0.00000200  0.00000241  0.00000152  0.00000200  0.00000200  0.00000272  0.00000229  0.00000233  0.00000218  0.00000263  
0.00000223  0.00000182  0.00000200  0.00000222  0.00000184  0.00000364  0.00000191  0.00000182  0.00000205  0.00000191  0.00000348  0.00000200  0.00000248  0.00000184  0.00000205  0.00000223  
0.00000333  0.00000254  0.00000200  0.00000199  0.00000200  0.00000191  0.00000385  0.00000159  0.00000254  0.00000339  0.00000191  0.00000200  0.00000199  0.00000200  0.00000159  0.00000310  
0.00000319  0.00000389  0.00000218  0.00000262  0.00000241  0.00000182  0.00000159  0.00000259  0.00000399  0.00000254  0.00000205  0.00000152  0.00000257  0.00000237  0.00000380  0.00000264  
0.00000264  0.00000380  0.00000237  0.00000257  0.00000152  0.00000205  0.00000254  0.00000399  0.00000259  0.00000159  0.00000182  0.00000241  0.00000262  0.00000218  0.00000389  0.00000319  
0.00000310  0.00000159  0.00000200  0.00000199  0.00000200  0.00000191  0.00000339  0.00000254  0.00000159  0.00000385  0.00000191  0.00000200  0.00000199  0.00000200  0.00000254  0.00000333  
0.00000223  0.00000205  0.00000184  0.00000248  0.00000200  0.00000348  0.00000191  0.00000205  0.00000182  0.00000191  0.00000364  0.00000184  0.00000222  0.00000200  0.00000182  0.00000223  
0.00000263  0.00000218  0.00000233  0.00000229  0.00000272  0.00000200  0.00000200  0.00000152  0.00000241  0.00000200  0.00000184  0.00000248  0.00000256  0.00000304  0.00000237  0.00000239  
0.00000279  0.00000257  0.00000256  0.00000408  0.00000229  0.00000248  0.00000199  0.00000257  0.00000262  0.00000199  0.00000222  0.00000256  0.00000435  0.00000229  0.00000262  0.00000279  
0.00000263  0.00000241  0.00000272  0.00000256  0.00000233  0.00000184  0.00000200  0.00000237  0.00000218  0.00000200  0.00000200  0.00000304  0.00000229  0.00000248  0.00000152  0.00000239  
0.00000319  0.00000399  0.00000241  0.00000257  0.00000218  0.00000205  0.00000159  0.00000380  0.00000389  0.00000254  0.00000182  0.00000237  0.00000262  0.00000152  0.00000259  0.00000264  
0.00000601  0.00000319  0.00000263  0.00000279  0.00000263  0.00000223  0.00000310  0.00000264  0.00000319  0.00000333  0.00000223  0.00000239  0.00000279  0.00000239  0.00000264  0.00000374  
