0.25149381  0.10737863  0.08580198  0.08658470  0.08580198  0.04381923  0.06538966  0.08706803  0.10737863  0.05064531  0.04381923  0.05284472  0.08658470  0.05284472  0.08706803  0.13440604  
0.10737863  0.05685288  0.03845198  0.05006252  0.03759320  0.02449105  0.03093086  0.05312644  0.04758789  0.02849791  0.02085576  0.03278709  0.04016758  0.03192890  0.04396491  0.08706803  
0.08580198  0.03845198  0.02968373  0.03184869  0.02957230  0.01602633  0.02304262  0.03278709  0.03759320  0.01883722  0.01568454  0.02035191  0.03092641  0.02026723  0.03192890  0.05284472  
0.08658470  0.05006252  0.03184869  0.04582835  0.03092641  0.02226175  0.02655355  0.05006252  0.04016758  0.02655355  0.01834312  0.03184869  0.03512685  0.03092641  0.04016758  0.08658470  
0.08580198  0.03759320  0.02957230  0.03092641  0.02968373  0.01568454  0.02304262  0.03192890  0.03845198  0.01883722  0.01602633  0.02026723  0.03184869  0.02035191  0.03278709  0.05284472  
0.04381923  0.02449105  0.01602633  0.02226175  0.01568454  0.01095547  0.01338257  0.02449105  0.02085576  0.01338257  0.00948573  0.01602633  0.01834312  0.01568454  0.02085576  0.04381923  
0.06538966  0.03093086  0.02304262  0.02655355  0.02304262  0.01338257  0.01864916  0.02849791  0.03093086  0.01661990  0.01338257  0.01883722  0.02655355  0.01883722  0.02849791  0.05064531  
0.08706803  0.05312644  0.03278709  0.05006252  0.03192890  0.02449105  0.02849791  0.05685288  0.04396491  0.03093086  0.02085576  0.03845198  0.04016758  0.03759320  0.04758789  0.10737863  
0.10737863  0.04758789  0.03759320  0.04016758  0.03845198  0.02085576  0.03093086  0.04396491  0.05685288  0.02849791  0.02449105  0.03192890  0.05006252  0.03278709  0.05312644  0.08706803  
0.05064531  0.02849791  0.01883722  0.02655355  0.01883722  0.01338257  0.01661990  0.03093086  0.02849791  0.01864916  0.01338257  0.02304262  0.02655355  0.02304262  0.03093086  0.06538966  
0.04381923  0.02085576  0.01568454  0.01834312  0.01602633  0.00948573  0.01338257  0.02085576  0.02449105  0.01338257  0.01095547  0.01568454  0.02226175  0.01602633  0.02449105  0.04381923  
0.05284472  0.03278709  0.02035191  0.03184869  0.02026723  0.01602633  0.01883722  0.03845198  0.03192890  0.02304262  0.01568454  0.02968373  0.03092641  0.02957230  0.03759320  0.08580198  
0.08658470  0.04016758  0.03092641  0.03512685  0.03184869  0.01834312  0.02655355  0.04016758  0.05006252  0.02655355  0.02226175  0.03092641  0.04582835  0.03184869  0.05006252  0.08658470  
0.05284472  0.03192890  0.02026723  0.03092641  0.02035191  0.01568454  0.01883722  0.03759320  0.03278709  0.02304262  0.01602633  0.02957230  0.03184869  0.02968373  0.03845198  0.08580198  
0.08706803  0.04396491  0.03192890  0.04016758  0.03278709  0.02085576  0.02849791  0.04758789  0.05312644  0.03093086  0.02449105  0.03759320  0.05006252  0.03845198  0.05685288  0.10737863  
0.13440604  0.08706803  0.05284472  0.08658470  0.05284472  0.04381923  0.05064531  0.10737863  0.08706803  0.06538966  0.04381923  0.08580198  0.08658470  0.08580198  0.10737863  0.25149381  
