0.22110200  0.13644989  0.13644989  0.09572124  0.12888785  0.10639131  0.10639131  0.10568236  
0.13644989  0.09728378  0.09409620  0.08081555  0.08775626  0.08838291  0.08543278  0.10639131  
0.13644989  0.09409620  0.09728378  0.08081555  0.08775626  0.08543278  0.08838291  0.10639131  
0.09572124  0.08081555  0.08081555  0.08433044  0.07167190  0.08775626  0.08775626  0.12888785  
0.12888785  0.08775626  0.08775626  0.07167190  0.08433044  0.08081555  0.08081555  0.09572124  
0.10639131  0.08838291  0.08543278  0.08775626  0.08081555  0.09728378  0.09409620  0.13644989  
0.10639131  0.08543278  0.08838291  0.08775626  0.08081555  0.09409620  0.09728378  0.13644989  
0.10568236  0.10639131  0.10639131  0.12888785  0.09572124  0.13644989  0.13644989  0.22110200  
