0.00000500  0.00000261  0.00000261  0.00000407  0.00000404  0.00000328  0.00000328  0.00000477  
0.00000261  0.00000227  0.00000249  0.00000257  0.00000303  0.00000316  0.00000306  0.00000328  
0.00000261  0.00000249  0.00000227  0.00000257  0.00000303  0.00000306  0.00000316  0.00000328  
0.00000407  0.00000257  0.00000257  0.00000420  0.00000468  0.00000303  0.00000303  0.00000404  
0.00000404  0.00000303  0.00000303  0.00000468  0.00000420  0.00000257  0.00000257  0.00000407  
0.00000328  0.00000316  0.00000306  0.00000303  0.00000257  0.00000227  0.00000249  0.00000261  
0.00000328  0.00000306  0.00000316  0.00000303  0.00000257  0.00000249  0.00000227  0.00000261  
0.00000477  0.00000328  0.00000328  0.00000404  0.00000407  0.00000261  0.00000261  0.00000500  
