0.00001067  0.00000946  0.00000733  0.00000749  0.00000946  0.00001038  0.00000749  0.00001852  
0.00000946  0.00000595  0.00000779  0.00000825  0.00001097  0.00000682  0.00000999  0.00000749  
0.00000733  0.00000779  0.00000971  0.00000682  0.00000779  0.00001102  0.00000682  0.00001038  
0.00000749  0.00000825  0.00000682  0.00000595  0.00000999  0.00000779  0.00001097  0.00000946  
0.00000946  0.00001097  0.00000779  0.00000999  0.00000595  0.00000682  0.00000825  0.00000749  
0.00001038  0.00000682  0.00001102  0.00000779  0.00000682  0.00000971  0.00000779  0.00000733  
0.00000749  0.00000999  0.00000682  0.00001097  0.00000825  0.00000779  0.00000595  0.00000946  
0.00001852  0.00000749  0.00001038  0.00000946  0.00000749  0.00000733  0.00000946  0.00001067  
