0.14010750  0.13089949  0.13089949  0.12361325  0.12477807  0.13045786  0.13045786  0.13766469  
0.13089949  0.12387701  0.12292844  0.11709267  0.11687694  0.12321287  0.12257534  0.13045786  
0.13089949  0.12292844  0.12387701  0.11709267  0.11687694  0.12257534  0.12321287  0.13045786  
0.12361325  0.11709267  0.11709267  0.11213848  0.11046607  0.11687694  0.11687694  0.12477807  
0.12477807  0.11687694  0.11687694  0.11046607  0.11213848  0.11709267  0.11709267  0.12361325  
0.13045786  0.12321287  0.12257534  0.11687694  0.11709267  0.12387701  0.12292844  0.13089949  
0.13045786  0.12257534  0.12321287  0.11687694  0.11709267  0.12292844  0.12387701  0.13089949  
0.13766469  0.13045786  0.13045786  0.12477807  0.12361325  0.13089949  0.13089949  0.14010750  
