0.00005721  0.00004334  0.00004334  0.00004558  0.00004764  0.00003632  0.00003632  0.00006437  
0.00004334  0.00002319  0.00004413  0.00003293  0.00004246  0.00005233  0.00003493  0.00003632  
0.00004334  0.00004413  0.00002319  0.00003293  0.00004246  0.00003493  0.00005233  0.00003632  
0.00004558  0.00003293  0.00003293  0.00004640  0.00006534  0.00004246  0.00004246  0.00004764  
0.00004764  0.00004246  0.00004246  0.00006534  0.00004640  0.00003293  0.00003293  0.00004558  
0.00003632  0.00005233  0.00003493  0.00004246  0.00003293  0.00002319  0.00004413  0.00004334  
0.00003632  0.00003493  0.00005233  0.00004246  0.00003293  0.00004413  0.00002319  0.00004334  
0.00006437  0.00003632  0.00003632  0.00004764  0.00004558  0.00004334  0.00004334  0.00005721  
