0.09038783  0.07834219  0.06977158  0.07771002  0.06977158  0.06146349  0.06914321  0.07824693  0.07834219  0.06807189  0.06146349  0.06860350  0.07771002  0.06860350  0.07824693  0.08871300  
0.07834219  0.06905529  0.06056551  0.06852986  0.06051845  0.05415321  0.06002947  0.06900737  0.06794997  0.05997279  0.05335597  0.06050506  0.06741411  0.06045768  0.06794867  0.07824693  
0.06977158  0.06056551  0.05394315  0.06008494  0.05390191  0.04752179  0.05340862  0.06050506  0.06051845  0.05263621  0.04748464  0.05305429  0.06003908  0.05304695  0.06045768  0.06860350  
0.07771002  0.06852986  0.06008494  0.06810647  0.06003908  0.05377291  0.05955992  0.06852986  0.06741411  0.05955992  0.05293913  0.06008494  0.06687075  0.06003908  0.06741411  0.07771002  
0.06977158  0.06051845  0.05390191  0.06003908  0.05394315  0.04748464  0.05340862  0.06045768  0.06056551  0.05263621  0.04752179  0.05304695  0.06008494  0.05305429  0.06050506  0.06860350  
0.06146349  0.05415321  0.04752179  0.05377291  0.04748464  0.04253579  0.04710602  0.05415321  0.05335597  0.04710602  0.04190549  0.04752179  0.05293913  0.04748464  0.05335597  0.06146349  
0.06914321  0.06002947  0.05340862  0.05955992  0.05340862  0.04710602  0.05297302  0.05997279  0.06002947  0.05222885  0.04710602  0.05263621  0.05955992  0.05263621  0.05997279  0.06807189  
0.07824693  0.06900737  0.06050506  0.06852986  0.06045768  0.05415321  0.05997279  0.06905529  0.06794867  0.06002947  0.05335597  0.06056551  0.06741411  0.06051845  0.06794997  0.07834219  
0.07834219  0.06794997  0.06051845  0.06741411  0.06056551  0.05335597  0.06002947  0.06794867  0.06905529  0.05997279  0.05415321  0.06045768  0.06852986  0.06050506  0.06900737  0.07824693  
0.06807189  0.05997279  0.05263621  0.05955992  0.05263621  0.04710602  0.05222885  0.06002947  0.05997279  0.05297302  0.04710602  0.05340862  0.05955992  0.05340862  0.06002947  0.06914321  
0.06146349  0.05335597  0.04748464  0.05293913  0.04752179  0.04190549  0.04710602  0.05335597  0.05415321  0.04710602  0.04253579  0.04748464  0.05377291  0.04752179  0.05415321  0.06146349  
0.06860350  0.06050506  0.05305429  0.06008494  0.05304695  0.04752179  0.05263621  0.06056551  0.06045768  0.05340862  0.04748464  0.05394315  0.06003908  0.05390191  0.06051845  0.06977158  
0.07771002  0.06741411  0.06003908  0.06687075  0.06008494  0.05293913  0.05955992  0.06741411  0.06852986  0.05955992  0.05377291  0.06003908  0.06810647  0.06008494  0.06852986  0.07771002  
0.06860350  0.06045768  0.05304695  0.06003908  0.05305429  0.04748464  0.05263621  0.06051845  0.06050506  0.05340862  0.04752179  0.05390191  0.06008494  0.05394315  0.06056551  0.06977158  
0.07824693  0.06794867  0.06045768  0.06741411  0.06050506  0.05335597  0.05997279  0.06794997  0.06900737  0.06002947  0.05415321  0.06051845  0.06852986  0.06056551  0.06905529  0.07834219  
0.08871300  0.07824693  0.06860350  0.07771002  0.06860350  0.06146349  0.06807189  0.07834219  0.07824693  0.06914321  0.06146349  0.06977158  0.07771002  0.06977158  0.07834219  0.09038783  
