0.00000770  0.00000487  0.00000380  0.00000529  0.00000380  0.00000433  0.00000518  0.00000456  0.00000487  0.00000539  0.00000433  0.00000484  0.00000529  0.00000484  0.00000456  0.00000974  
0.00000487  0.00000397  0.00000333  0.00000485  0.00000410  0.00000401  0.00000393  0.00000462  0.00000573  0.00000353  0.00000357  0.00000306  0.00000453  0.00000468  0.00000453  0.00000456  
0.00000380  0.00000333  0.00000415  0.00000419  0.00000494  0.00000280  0.00000392  0.00000306  0.00000410  0.00000414  0.00000366  0.00000463  0.00000441  0.00000580  0.00000468  0.00000484  
0.00000529  0.00000485  0.00000419  0.00000674  0.00000441  0.00000571  0.00000366  0.00000485  0.00000453  0.00000366  0.00000418  0.00000419  0.00000856  0.00000441  0.00000453  0.00000529  
0.00000380  0.00000410  0.00000494  0.00000441  0.00000415  0.00000366  0.00000392  0.00000468  0.00000333  0.00000414  0.00000280  0.00000580  0.00000419  0.00000463  0.00000306  0.00000484  
0.00000433  0.00000401  0.00000280  0.00000571  0.00000366  0.00000469  0.00000277  0.00000401  0.00000357  0.00000277  0.00000449  0.00000280  0.00000418  0.00000366  0.00000357  0.00000433  
0.00000518  0.00000393  0.00000392  0.00000366  0.00000392  0.00000277  0.00000607  0.00000353  0.00000393  0.00000736  0.00000277  0.00000414  0.00000366  0.00000414  0.00000353  0.00000539  
0.00000456  0.00000462  0.00000306  0.00000485  0.00000468  0.00000401  0.00000353  0.00000397  0.00000453  0.00000393  0.00000357  0.00000333  0.00000453  0.00000410  0.00000573  0.00000487  
0.00000487  0.00000573  0.00000410  0.00000453  0.00000333  0.00000357  0.00000393  0.00000453  0.00000397  0.00000353  0.00000401  0.00000468  0.00000485  0.00000306  0.00000462  0.00000456  
0.00000539  0.00000353  0.00000414  0.00000366  0.00000414  0.00000277  0.00000736  0.00000393  0.00000353  0.00000607  0.00000277  0.00000392  0.00000366  0.00000392  0.00000393  0.00000518  
0.00000433  0.00000357  0.00000366  0.00000418  0.00000280  0.00000449  0.00000277  0.00000357  0.00000401  0.00000277  0.00000469  0.00000366  0.00000571  0.00000280  0.00000401  0.00000433  
0.00000484  0.00000306  0.00000463  0.00000419  0.00000580  0.00000280  0.00000414  0.00000333  0.00000468  0.00000392  0.00000366  0.00000415  0.00000441  0.00000494  0.00000410  0.00000380  
0.00000529  0.00000453  0.00000441  0.00000856  0.00000419  0.00000418  0.00000366  0.00000453  0.00000485  0.00000366  0.00000571  0.00000441  0.00000674  0.00000419  0.00000485  0.00000529  
0.00000484  0.00000468  0.00000580  0.00000441  0.00000463  0.00000366  0.00000414  0.00000410  0.00000306  0.00000392  0.00000280  0.00000494  0.00000419  0.00000415  0.00000333  0.00000380  
0.00000456  0.00000453  0.00000468  0.00000453  0.00000306  0.00000357  0.00000353  0.00000573  0.00000462  0.00000393  0.00000401  0.00000410  0.00000485  0.00000333  0.00000397  0.00000487  
0.00000974  0.00000456  0.00000484  0.00000529  0.00000484  0.00000433  0.00000539  0.00000487  0.00000456  0.00000518  0.00000433  0.00000380  0.00000529  0.00000380  0.00000487  0.00000770  
