0.16812914  0.09153647  0.09153647  0.07214905  0.09153647  0.07213998  0.05433684  0.06394214  0.09153647  0.05433684  0.07213998  0.06394214  0.07214905  0.06394214  0.06394214  0.08583083  
0.09153647  0.05460038  0.05247351  0.04618948  0.05247402  0.04619203  0.03334056  0.04445712  0.05184815  0.03423493  0.04372326  0.04385506  0.04372103  0.04385399  0.04206053  0.06394214  
0.09153647  0.05247351  0.05460038  0.04618948  0.05184815  0.04372326  0.03423493  0.04385506  0.05247402  0.03334056  0.04619203  0.04445712  0.04372103  0.04206053  0.04385399  0.06394214  
0.07214905  0.04618948  0.04618948  0.04451239  0.04372103  0.04202461  0.03156547  0.04618948  0.04372103  0.03156547  0.04202461  0.04618948  0.03968546  0.04372103  0.04372103  0.07214905  
0.09153647  0.05247402  0.05184815  0.04372103  0.05460038  0.04619203  0.03423493  0.04385399  0.05247351  0.03334056  0.04372326  0.04206053  0.04618948  0.04445712  0.04385506  0.06394214  
0.07213998  0.04619203  0.04372326  0.04202461  0.04619203  0.04455665  0.03157059  0.04619203  0.04372326  0.03157059  0.03969233  0.04372326  0.04202461  0.04619203  0.04372326  0.07213998  
0.05433684  0.03334056  0.03423493  0.03156547  0.03423493  0.03157059  0.02440029  0.03423493  0.03334056  0.02308003  0.03157059  0.03334056  0.03156547  0.03334056  0.03423493  0.05433684  
0.06394214  0.04445712  0.04385506  0.04618948  0.04385399  0.04619203  0.03423493  0.05460038  0.04206053  0.03334056  0.04372326  0.05247351  0.04372103  0.05247402  0.05184815  0.09153647  
0.09153647  0.05184815  0.05247402  0.04372103  0.05247351  0.04372326  0.03334056  0.04206053  0.05460038  0.03423493  0.04619203  0.04385399  0.04618948  0.04385506  0.04445712  0.06394214  
0.05433684  0.03423493  0.03334056  0.03156547  0.03334056  0.03157059  0.02308003  0.03334056  0.03423493  0.02440029  0.03157059  0.03423493  0.03156547  0.03423493  0.03334056  0.05433684  
0.07213998  0.04372326  0.04619203  0.04202461  0.04372326  0.03969233  0.03157059  0.04372326  0.04619203  0.03157059  0.04455665  0.04619203  0.04202461  0.04372326  0.04619203  0.07213998  
0.06394214  0.04385506  0.04445712  0.04618948  0.04206053  0.04372326  0.03334056  0.05247351  0.04385399  0.03423493  0.04619203  0.05460038  0.04372103  0.05184815  0.05247402  0.09153647  
0.07214905  0.04372103  0.04372103  0.03968546  0.04618948  0.04202461  0.03156547  0.04372103  0.04618948  0.03156547  0.04202461  0.04372103  0.04451239  0.04618948  0.04618948  0.07214905  
0.06394214  0.04385399  0.04206053  0.04372103  0.04445712  0.04619203  0.03334056  0.05247402  0.04385506  0.03423493  0.04372326  0.05184815  0.04618948  0.05460038  0.05247351  0.09153647  
0.06394214  0.04206053  0.04385399  0.04372103  0.04385506  0.04372326  0.03423493  0.05184815  0.04445712  0.03334056  0.04619203  0.05247402  0.04618948  0.05247351  0.05460038  0.09153647  
0.08583083  0.06394214  0.06394214  0.07214905  0.06394214  0.07213998  0.05433684  0.09153647  0.06394214  0.05433684  0.07213998  0.09153647  0.07214905  0.09153647  0.09153647  0.16812914  
