0.00003158  0.00001220  0.00001220  0.00001637  0.00001220  0.00001632  0.00001255  0.00001222  0.00001220  0.00001255  0.00001632  0.00001222  0.00001637  0.00001222  0.00001222  0.00002693  
0.00001220  0.00000968  0.00001217  0.00000815  0.00000982  0.00000707  0.00000604  0.00001093  0.00001477  0.00000669  0.00000854  0.00001099  0.00000839  0.00000988  0.00000863  0.00001222  
0.00001220  0.00001217  0.00000968  0.00000815  0.00001477  0.00000854  0.00000669  0.00001099  0.00000982  0.00000604  0.00000707  0.00001093  0.00000839  0.00000863  0.00000988  0.00001222  
0.00001637  0.00000815  0.00000815  0.00001718  0.00000839  0.00000851  0.00000767  0.00000815  0.00000839  0.00000767  0.00000851  0.00000815  0.00001442  0.00000839  0.00000839  0.00001637  
0.00001220  0.00000982  0.00001477  0.00000839  0.00000968  0.00000707  0.00000669  0.00000988  0.00001217  0.00000604  0.00000854  0.00000863  0.00000815  0.00001093  0.00001099  0.00001222  
0.00001632  0.00000707  0.00000854  0.00000851  0.00000707  0.00001780  0.00000795  0.00000707  0.00000854  0.00000795  0.00001554  0.00000854  0.00000851  0.00000707  0.00000854  0.00001632  
0.00001255  0.00000604  0.00000669  0.00000767  0.00000669  0.00000795  0.00001007  0.00000669  0.00000604  0.00001127  0.00000795  0.00000604  0.00000767  0.00000604  0.00000669  0.00001255  
0.00001222  0.00001093  0.00001099  0.00000815  0.00000988  0.00000707  0.00000669  0.00000968  0.00000863  0.00000604  0.00000854  0.00001217  0.00000839  0.00000982  0.00001477  0.00001220  
0.00001220  0.00001477  0.00000982  0.00000839  0.00001217  0.00000854  0.00000604  0.00000863  0.00000968  0.00000669  0.00000707  0.00000988  0.00000815  0.00001099  0.00001093  0.00001222  
0.00001255  0.00000669  0.00000604  0.00000767  0.00000604  0.00000795  0.00001127  0.00000604  0.00000669  0.00001007  0.00000795  0.00000669  0.00000767  0.00000669  0.00000604  0.00001255  
0.00001632  0.00000854  0.00000707  0.00000851  0.00000854  0.00001554  0.00000795  0.00000854  0.00000707  0.00000795  0.00001780  0.00000707  0.00000851  0.00000854  0.00000707  0.00001632  
0.00001222  0.00001099  0.00001093  0.00000815  0.00000863  0.00000854  0.00000604  0.00001217  0.00000988  0.00000669  0.00000707  0.00000968  0.00000839  0.00001477  0.00000982  0.00001220  
0.00001637  0.00000839  0.00000839  0.00001442  0.00000815  0.00000851  0.00000767  0.00000839  0.00000815  0.00000767  0.00000851  0.00000839  0.00001718  0.00000815  0.00000815  0.00001637  
0.00001222  0.00000988  0.00000863  0.00000839  0.00001093  0.00000707  0.00000604  0.00000982  0.00001099  0.00000669  0.00000854  0.00001477  0.00000815  0.00000968  0.00001217  0.00001220  
0.00001222  0.00000863  0.00000988  0.00000839  0.00001099  0.00000854  0.00000669  0.00001477  0.00001093  0.00000604  0.00000707  0.00000982  0.00000815  0.00001217  0.00000968  0.00001220  
0.00002693  0.00001222  0.00001222  0.00001637  0.00001222  0.00001632  0.00001255  0.00001220  0.00001222  0.00001255  0.00001632  0.00001220  0.00001637  0.00001220  0.00001220  0.00003158  
