0.39789636  0.11118655  0.11118655  0.03517520  0.10844954  0.04412701  0.04412701  0.03102704  
0.11118655  0.03509493  0.03453388  0.01971620  0.03282241  0.02249987  0.02210520  0.04412701  
0.11118655  0.03453388  0.03509493  0.01971620  0.03282241  0.02210520  0.02249987  0.04412701  
0.03517520  0.01971620  0.01971620  0.03191379  0.01670637  0.03282241  0.03282241  0.10844954  
0.10844954  0.03282241  0.03282241  0.01670637  0.03191379  0.01971620  0.01971620  0.03517520  
0.04412701  0.02249987  0.02210520  0.03282241  0.01971620  0.03509493  0.03453388  0.11118655  
0.04412701  0.02210520  0.02249987  0.03282241  0.01971620  0.03453388  0.03509493  0.11118655  
0.03102704  0.04412701  0.04412701  0.10844954  0.03517520  0.11118655  0.11118655  0.39789636  
