0.00002401  0.00002062  0.00002062  0.00001270  0.00002277  0.00001115  0.00001115  0.00001520  
0.00002062  0.00001013  0.00001189  0.00000795  0.00000978  0.00000904  0.00001134  0.00001115  
0.00002062  0.00001189  0.00001013  0.00000795  0.00000978  0.00001134  0.00000904  0.00001115  
0.00001270  0.00000795  0.00000795  0.00001523  0.00001271  0.00000978  0.00000978  0.00002277  
0.00002277  0.00000978  0.00000978  0.00001271  0.00001523  0.00000795  0.00000795  0.00001270  
0.00001115  0.00000904  0.00001134  0.00000978  0.00000795  0.00001013  0.00001189  0.00002062  
0.00001115  0.00001134  0.00000904  0.00000978  0.00000795  0.00001189  0.00001013  0.00002062  
0.00001520  0.00001115  0.00001115  0.00002277  0.00001270  0.00002062  0.00002062  0.00002401  
