0.13853338  0.13025320  0.13025320  0.12343785  0.12471735  0.12940355  0.12940355  0.13531863  
0.13025320  0.12402075  0.12285097  0.11784279  0.11747912  0.12339725  0.12225586  0.12940355  
0.13025320  0.12285097  0.12402075  0.11784279  0.11747912  0.12225586  0.12339725  0.12940355  
0.12343785  0.11784279  0.11784279  0.11342511  0.11152937  0.11747912  0.11747912  0.12471735  
0.12471735  0.11747912  0.11747912  0.11152937  0.11342511  0.11784279  0.11784279  0.12343785  
0.12940355  0.12339725  0.12225586  0.11747912  0.11784279  0.12402075  0.12285097  0.13025320  
0.12940355  0.12225586  0.12339725  0.11747912  0.11784279  0.12285097  0.12402075  0.13025320  
0.13531863  0.12940355  0.12940355  0.12471735  0.12343785  0.13025320  0.13025320  0.13853338  
