0.45744615  0.07909874  0.07909874  0.01426986  0.07862545  0.01687684  0.01687684  0.00685261  
0.07909874  0.01429881  0.01423389  0.00518725  0.01404952  0.00565615  0.00563031  0.01687684  
0.07909874  0.01423389  0.01429881  0.00518725  0.01404952  0.00563031  0.00565615  0.01687684  
0.01426986  0.00518725  0.00518725  0.01395623  0.00469753  0.01404952  0.01404952  0.07862545  
0.07862545  0.01404952  0.01404952  0.00469753  0.01395623  0.00518725  0.00518725  0.01426986  
0.01687684  0.00565615  0.00563031  0.01404952  0.00518725  0.01429881  0.01423389  0.07909874  
0.01687684  0.00563031  0.00565615  0.01404952  0.00518725  0.01423389  0.01429881  0.07909874  
0.00685261  0.01687684  0.01687684  0.07862545  0.01426986  0.07909874  0.07909874  0.45744615  
