0.00000253  0.00000237  0.00000237  0.00000091  0.00000298  0.00000088  0.00000088  0.00000078  
0.00000237  0.00000101  0.00000092  0.00000042  0.00000071  0.00000055  0.00000047  0.00000088  
0.00000237  0.00000092  0.00000101  0.00000042  0.00000071  0.00000047  0.00000055  0.00000088  
0.00000091  0.00000042  0.00000042  0.00000141  0.00000069  0.00000071  0.00000071  0.00000298  
0.00000298  0.00000071  0.00000071  0.00000069  0.00000141  0.00000042  0.00000042  0.00000091  
0.00000088  0.00000055  0.00000047  0.00000071  0.00000042  0.00000101  0.00000092  0.00000237  
0.00000088  0.00000047  0.00000055  0.00000071  0.00000042  0.00000092  0.00000101  0.00000237  
0.00000078  0.00000088  0.00000088  0.00000298  0.00000091  0.00000237  0.00000237  0.00000253  
