0.14694531  0.13227384  0.13227384  0.12130984  0.12436843  0.13004170  0.13004170  0.13849683  
0.13227384  0.12263602  0.11998420  0.11327493  0.11258705  0.12119579  0.11860330  0.13004170  
0.13227384  0.11998420  0.12263602  0.11327493  0.11258705  0.11860330  0.12119579  0.13004170  
0.12130984  0.11327493  0.11327493  0.10778266  0.10380854  0.11258705  0.11258705  0.12436843  
0.12436843  0.11258705  0.11258705  0.10380854  0.10778266  0.11327493  0.11327493  0.12130984  
0.13004170  0.12119579  0.11860330  0.11258705  0.11327493  0.12263602  0.11998420  0.13227384  
0.13004170  0.11860330  0.12119579  0.11258705  0.11327493  0.11998420  0.12263602  0.13227384  
0.13849683  0.13004170  0.13004170  0.12436843  0.12130984  0.13227384  0.13227384  0.14694531  
