0.00001187  0.00000807  0.00000807  0.00000886  0.00000946  0.00000873  0.00000873  0.00001510  
0.00000807  0.00000613  0.00000810  0.00000539  0.00000627  0.00000764  0.00001053  0.00000873  
0.00000807  0.00000810  0.00000613  0.00000539  0.00000627  0.00001053  0.00000764  0.00000873  
0.00000886  0.00000539  0.00000539  0.00000743  0.00001022  0.00000627  0.00000627  0.00000946  
0.00000946  0.00000627  0.00000627  0.00001022  0.00000743  0.00000539  0.00000539  0.00000886  
0.00000873  0.00000764  0.00001053  0.00000627  0.00000539  0.00000613  0.00000810  0.00000807  
0.00000873  0.00001053  0.00000764  0.00000627  0.00000539  0.00000810  0.00000613  0.00000807  
0.00001510  0.00000873  0.00000873  0.00000946  0.00000886  0.00000807  0.00000807  0.00001187  
