0.00003632  0.00002182  0.00002182  0.00002588  0.00002477  0.00002263  0.00002263  0.00003789  
0.00002182  0.00001716  0.00002331  0.00001553  0.00001611  0.00002279  0.00002248  0.00002263  
0.00002182  0.00002331  0.00001716  0.00001553  0.00001611  0.00002248  0.00002279  0.00002263  
0.00002588  0.00001553  0.00001553  0.00002844  0.00003395  0.00001611  0.00001611  0.00002477  
0.00002477  0.00001611  0.00001611  0.00003395  0.00002844  0.00001553  0.00001553  0.00002588  
0.00002263  0.00002279  0.00002248  0.00001611  0.00001553  0.00001716  0.00002331  0.00002182  
0.00002263  0.00002248  0.00002279  0.00001611  0.00001553  0.00002331  0.00001716  0.00002182  
0.00003789  0.00002263  0.00002263  0.00002477  0.00002588  0.00002182  0.00002182  0.00003632  
