0.48608443  0.04079698  0.04079698  0.00411138  0.04079698  0.00410994  0.00342522  0.00042300  0.04079698  0.00342522  0.00410994  0.00042300  0.00411138  0.00042300  0.00042300  0.00010536  
0.04079698  0.00343104  0.00342467  0.00034899  0.00342476  0.00034861  0.00029033  0.00007040  0.00342289  0.00029061  0.00034816  0.00007046  0.00034855  0.00007046  0.00007026  0.00042300  
0.04079698  0.00342467  0.00343104  0.00034899  0.00342289  0.00034816  0.00029061  0.00007046  0.00342476  0.00029033  0.00034861  0.00007040  0.00034855  0.00007026  0.00007046  0.00042300  
0.00411138  0.00034899  0.00034899  0.00007086  0.00034855  0.00006953  0.00005798  0.00034899  0.00034855  0.00005798  0.00006953  0.00034899  0.00006962  0.00034855  0.00034855  0.00411138  
0.04079698  0.00342476  0.00342289  0.00034855  0.00343104  0.00034861  0.00029061  0.00007046  0.00342467  0.00029033  0.00034816  0.00007026  0.00034899  0.00007040  0.00007046  0.00042300  
0.00410994  0.00034861  0.00034816  0.00006953  0.00034861  0.00007096  0.00005789  0.00034861  0.00034816  0.00005789  0.00006973  0.00034816  0.00006953  0.00034861  0.00034816  0.00410994  
0.00342522  0.00029033  0.00029061  0.00005798  0.00029061  0.00005789  0.00004960  0.00029061  0.00029033  0.00004841  0.00005789  0.00029033  0.00005798  0.00029033  0.00029061  0.00342522  
0.00042300  0.00007040  0.00007046  0.00034899  0.00007046  0.00034861  0.00029061  0.00343104  0.00007026  0.00029033  0.00034816  0.00342467  0.00034855  0.00342476  0.00342289  0.04079698  
0.04079698  0.00342289  0.00342476  0.00034855  0.00342467  0.00034816  0.00029033  0.00007026  0.00343104  0.00029061  0.00034861  0.00007046  0.00034899  0.00007046  0.00007040  0.00042300  
0.00342522  0.00029061  0.00029033  0.00005798  0.00029033  0.00005789  0.00004841  0.00029033  0.00029061  0.00004960  0.00005789  0.00029061  0.00005798  0.00029061  0.00029033  0.00342522  
0.00410994  0.00034816  0.00034861  0.00006953  0.00034816  0.00006973  0.00005789  0.00034816  0.00034861  0.00005789  0.00007096  0.00034861  0.00006953  0.00034816  0.00034861  0.00410994  
0.00042300  0.00007046  0.00007040  0.00034899  0.00007026  0.00034816  0.00029033  0.00342467  0.00007046  0.00029061  0.00034861  0.00343104  0.00034855  0.00342289  0.00342476  0.04079698  
0.00411138  0.00034855  0.00034855  0.00006962  0.00034899  0.00006953  0.00005798  0.00034855  0.00034899  0.00005798  0.00006953  0.00034855  0.00007086  0.00034899  0.00034899  0.00411138  
0.00042300  0.00007046  0.00007026  0.00034855  0.00007040  0.00034861  0.00029033  0.00342476  0.00007046  0.00029061  0.00034816  0.00342289  0.00034899  0.00343104  0.00342467  0.04079698  
0.00042300  0.00007026  0.00007046  0.00034855  0.00007046  0.00034816  0.00029061  0.00342289  0.00007040  0.00029033  0.00034861  0.00342476  0.00034899  0.00342467  0.00343104  0.04079698  
0.00010536  0.00042300  0.00042300  0.00411138  0.00042300  0.00410994  0.00342522  0.04079698  0.00042300  0.00342522  0.00410994  0.04079698  0.00411138  0.04079698  0.04079698  0.48608443  
