0.07810000  0.06933248  0.06933248  0.06887042  0.06933248  0.06885986  0.06200018  0.06882009  0.06933248  0.06200018  0.06885986  0.06882009  0.06887042  0.06882009  0.06882009  0.07686726  
0.06933248  0.06210327  0.06168922  0.06164278  0.06167778  0.06161912  0.05521729  0.06164581  0.06167292  0.05545947  0.06127445  0.06161173  0.06128909  0.06160785  0.06128783  0.06882009  
0.06933248  0.06168922  0.06210327  0.06164278  0.06167292  0.06127445  0.05545947  0.06161173  0.06167778  0.05521729  0.06161912  0.06164581  0.06128909  0.06128783  0.06160785  0.06882009  
0.06887042  0.06164278  0.06164278  0.06176523  0.06128909  0.06127230  0.05518565  0.06164278  0.06128909  0.05518565  0.06127230  0.06164278  0.06097055  0.06128909  0.06128909  0.06887042  
0.06933248  0.06167778  0.06167292  0.06128909  0.06210327  0.06161912  0.05545947  0.06160785  0.06168922  0.05521729  0.06127445  0.06128783  0.06164278  0.06164581  0.06161173  0.06882009  
0.06885986  0.06161912  0.06127445  0.06127230  0.06161912  0.06172458  0.05516408  0.06161912  0.06127445  0.05516408  0.06095947  0.06127445  0.06127230  0.06161912  0.06127445  0.06885986  
0.06200018  0.05521729  0.05545947  0.05518565  0.05545947  0.05516408  0.04999711  0.05545947  0.05521729  0.04952467  0.05516408  0.05521729  0.05518565  0.05521729  0.05545947  0.06200018  
0.06882009  0.06164581  0.06161173  0.06164278  0.06160785  0.06161912  0.05545947  0.06210327  0.06128783  0.05521729  0.06127445  0.06168922  0.06128909  0.06167778  0.06167292  0.06933248  
0.06933248  0.06167292  0.06167778  0.06128909  0.06168922  0.06127445  0.05521729  0.06128783  0.06210327  0.05545947  0.06161912  0.06160785  0.06164278  0.06161173  0.06164581  0.06882009  
0.06200018  0.05545947  0.05521729  0.05518565  0.05521729  0.05516408  0.04952467  0.05521729  0.05545947  0.04999711  0.05516408  0.05545947  0.05518565  0.05545947  0.05521729  0.06200018  
0.06885986  0.06127445  0.06161912  0.06127230  0.06127445  0.06095947  0.05516408  0.06127445  0.06161912  0.05516408  0.06172458  0.06161912  0.06127230  0.06127445  0.06161912  0.06885986  
0.06882009  0.06161173  0.06164581  0.06164278  0.06128783  0.06127445  0.05521729  0.06168922  0.06160785  0.05545947  0.06161912  0.06210327  0.06128909  0.06167292  0.06167778  0.06933248  
0.06887042  0.06128909  0.06128909  0.06097055  0.06164278  0.06127230  0.05518565  0.06128909  0.06164278  0.05518565  0.06127230  0.06128909  0.06176523  0.06164278  0.06164278  0.06887042  
0.06882009  0.06160785  0.06128783  0.06128909  0.06164581  0.06161912  0.05521729  0.06167778  0.06161173  0.05545947  0.06127445  0.06167292  0.06164278  0.06210327  0.06168922  0.06933248  
0.06882009  0.06128783  0.06160785  0.06128909  0.06161173  0.06127445  0.05545947  0.06167292  0.06164581  0.05521729  0.06161912  0.06167778  0.06164278  0.06168922  0.06210327  0.06933248  
0.07686726  0.06882009  0.06882009  0.06887042  0.06882009  0.06885986  0.06200018  0.06933248  0.06882009  0.06200018  0.06885986  0.06933248  0.06887042  0.06933248  0.06933248  0.07810000  
