0.00002238  0.00000977  0.00000977  0.00001322  0.00000977  0.00001055  0.00001414  0.00001530  0.00000977  0.00001414  0.00001055  0.00001530  0.00001322  0.00001530  0.00001530  0.00003146  
0.00000977  0.00000830  0.00001280  0.00000802  0.00001120  0.00000760  0.00000997  0.00001129  0.00001458  0.00001010  0.00000956  0.00001329  0.00001136  0.00001193  0.00001408  0.00001530  
0.00000977  0.00001280  0.00000830  0.00000802  0.00001458  0.00000956  0.00001010  0.00001329  0.00001120  0.00000997  0.00000760  0.00001129  0.00001136  0.00001408  0.00001193  0.00001530  
0.00001322  0.00000802  0.00000802  0.00002634  0.00001136  0.00000937  0.00001012  0.00000802  0.00001136  0.00001012  0.00000937  0.00000802  0.00002147  0.00001136  0.00001136  0.00001322  
0.00000977  0.00001120  0.00001458  0.00001136  0.00000830  0.00000760  0.00001010  0.00001193  0.00001280  0.00000997  0.00000956  0.00001408  0.00000802  0.00001129  0.00001329  0.00001530  
0.00001055  0.00000760  0.00000956  0.00000937  0.00000760  0.00002138  0.00001335  0.00000760  0.00000956  0.00001335  0.00002523  0.00000956  0.00000937  0.00000760  0.00000956  0.00001055  
0.00001414  0.00000997  0.00001010  0.00001012  0.00001010  0.00001335  0.00002160  0.00001010  0.00000997  0.00002491  0.00001335  0.00000997  0.00001012  0.00000997  0.00001010  0.00001414  
0.00001530  0.00001129  0.00001329  0.00000802  0.00001193  0.00000760  0.00001010  0.00000830  0.00001408  0.00000997  0.00000956  0.00001280  0.00001136  0.00001120  0.00001458  0.00000977  
0.00000977  0.00001458  0.00001120  0.00001136  0.00001280  0.00000956  0.00000997  0.00001408  0.00000830  0.00001010  0.00000760  0.00001193  0.00000802  0.00001329  0.00001129  0.00001530  
0.00001414  0.00001010  0.00000997  0.00001012  0.00000997  0.00001335  0.00002491  0.00000997  0.00001010  0.00002160  0.00001335  0.00001010  0.00001012  0.00001010  0.00000997  0.00001414  
0.00001055  0.00000956  0.00000760  0.00000937  0.00000956  0.00002523  0.00001335  0.00000956  0.00000760  0.00001335  0.00002138  0.00000760  0.00000937  0.00000956  0.00000760  0.00001055  
0.00001530  0.00001329  0.00001129  0.00000802  0.00001408  0.00000956  0.00000997  0.00001280  0.00001193  0.00001010  0.00000760  0.00000830  0.00001136  0.00001458  0.00001120  0.00000977  
0.00001322  0.00001136  0.00001136  0.00002147  0.00000802  0.00000937  0.00001012  0.00001136  0.00000802  0.00001012  0.00000937  0.00001136  0.00002634  0.00000802  0.00000802  0.00001322  
0.00001530  0.00001193  0.00001408  0.00001136  0.00001129  0.00000760  0.00000997  0.00001120  0.00001329  0.00001010  0.00000956  0.00001458  0.00000802  0.00000830  0.00001280  0.00000977  
0.00001530  0.00001408  0.00001193  0.00001136  0.00001329  0.00000956  0.00001010  0.00001458  0.00001129  0.00000997  0.00000760  0.00001120  0.00000802  0.00001280  0.00000830  0.00000977  
0.00003146  0.00001530  0.00001530  0.00001322  0.00001530  0.00001055  0.00001414  0.00000977  0.00001530  0.00001414  0.00001055  0.00000977  0.00001322  0.00000977  0.00000977  0.00002238  
