0.07120828  0.06644063  0.06644063  0.06621326  0.06644063  0.06621334  0.06219884  0.06611854  0.06644063  0.06219884  0.06621334  0.06611854  0.06621326  0.06611854  0.06611854  0.07044679  
0.06644063  0.06235685  0.06209307  0.06212256  0.06209895  0.06211147  0.05814621  0.06206958  0.06205803  0.05833557  0.06187342  0.06203868  0.06187748  0.06203437  0.06182009  0.06611854  
0.06644063  0.06209307  0.06235685  0.06212256  0.06205803  0.06187342  0.05833557  0.06203868  0.06209895  0.05814621  0.06211147  0.06206958  0.06187748  0.06182009  0.06203437  0.06611854  
0.06621326  0.06212256  0.06212256  0.06224241  0.06187748  0.06192221  0.05818109  0.06212256  0.06187748  0.05818109  0.06192221  0.06212256  0.06170298  0.06187748  0.06187748  0.06621326  
0.06644063  0.06209895  0.06205803  0.06187748  0.06235685  0.06211147  0.05833557  0.06203437  0.06209307  0.05814621  0.06187342  0.06182009  0.06212256  0.06206958  0.06203868  0.06611854  
0.06621334  0.06211147  0.06187342  0.06192221  0.06211147  0.06222964  0.05816535  0.06211147  0.06187342  0.05816535  0.06169910  0.06187342  0.06192221  0.06211147  0.06187342  0.06621334  
0.06219884  0.05814621  0.05833557  0.05818109  0.05833557  0.05816535  0.05489227  0.05833557  0.05814621  0.05448758  0.05816535  0.05814621  0.05818109  0.05814621  0.05833557  0.06219884  
0.06611854  0.06206958  0.06203868  0.06212256  0.06203437  0.06211147  0.05833557  0.06235685  0.06182009  0.05814621  0.06187342  0.06209307  0.06187748  0.06209895  0.06205803  0.06644063  
0.06644063  0.06205803  0.06209895  0.06187748  0.06209307  0.06187342  0.05814621  0.06182009  0.06235685  0.05833557  0.06211147  0.06203437  0.06212256  0.06203868  0.06206958  0.06611854  
0.06219884  0.05833557  0.05814621  0.05818109  0.05814621  0.05816535  0.05448758  0.05814621  0.05833557  0.05489227  0.05816535  0.05833557  0.05818109  0.05833557  0.05814621  0.06219884  
0.06621334  0.06187342  0.06211147  0.06192221  0.06187342  0.06169910  0.05816535  0.06187342  0.06211147  0.05816535  0.06222964  0.06211147  0.06192221  0.06187342  0.06211147  0.06621334  
0.06611854  0.06203868  0.06206958  0.06212256  0.06182009  0.06187342  0.05814621  0.06209307  0.06203437  0.05833557  0.06211147  0.06235685  0.06187748  0.06205803  0.06209895  0.06644063  
0.06621326  0.06187748  0.06187748  0.06170298  0.06212256  0.06192221  0.05818109  0.06187748  0.06212256  0.05818109  0.06192221  0.06187748  0.06224241  0.06212256  0.06212256  0.06621326  
0.06611854  0.06203437  0.06182009  0.06187748  0.06206958  0.06211147  0.05814621  0.06209895  0.06203868  0.05833557  0.06187342  0.06205803  0.06212256  0.06235685  0.06209307  0.06644063  
0.06611854  0.06182009  0.06203437  0.06187748  0.06203868  0.06187342  0.05833557  0.06205803  0.06206958  0.05814621  0.06211147  0.06209895  0.06212256  0.06209307  0.06235685  0.06644063  
0.07044679  0.06611854  0.06611854  0.06621326  0.06611854  0.06621334  0.06219884  0.06644063  0.06611854  0.06219884  0.06621334  0.06644063  0.06621326  0.06644063  0.06644063  0.07120828  
