0.00001116  0.00000609  0.00000609  0.00000787  0.00000609  0.00000567  0.00000590  0.00000625  0.00000609  0.00000590  0.00000567  0.00000625  0.00000787  0.00000625  0.00000625  0.00001594  
0.00000609  0.00000429  0.00000619  0.00000572  0.00000631  0.00000553  0.00000602  0.00000792  0.00000678  0.00000447  0.00000590  0.00000595  0.00000512  0.00000879  0.00000775  0.00000625  
0.00000609  0.00000619  0.00000429  0.00000572  0.00000678  0.00000590  0.00000447  0.00000595  0.00000631  0.00000602  0.00000553  0.00000792  0.00000512  0.00000775  0.00000879  0.00000625  
0.00000787  0.00000572  0.00000572  0.00000800  0.00000512  0.00000678  0.00000668  0.00000572  0.00000512  0.00000668  0.00000678  0.00000572  0.00001131  0.00000512  0.00000512  0.00000787  
0.00000609  0.00000631  0.00000678  0.00000512  0.00000429  0.00000553  0.00000447  0.00000879  0.00000619  0.00000602  0.00000590  0.00000775  0.00000572  0.00000792  0.00000595  0.00000625  
0.00000567  0.00000553  0.00000590  0.00000678  0.00000553  0.00001059  0.00000567  0.00000553  0.00000590  0.00000567  0.00001458  0.00000590  0.00000678  0.00000553  0.00000590  0.00000567  
0.00000590  0.00000602  0.00000447  0.00000668  0.00000447  0.00000567  0.00000698  0.00000447  0.00000602  0.00001093  0.00000567  0.00000602  0.00000668  0.00000602  0.00000447  0.00000590  
0.00000625  0.00000792  0.00000595  0.00000572  0.00000879  0.00000553  0.00000447  0.00000429  0.00000775  0.00000602  0.00000590  0.00000619  0.00000512  0.00000631  0.00000678  0.00000609  
0.00000609  0.00000678  0.00000631  0.00000512  0.00000619  0.00000590  0.00000602  0.00000775  0.00000429  0.00000447  0.00000553  0.00000879  0.00000572  0.00000595  0.00000792  0.00000625  
0.00000590  0.00000447  0.00000602  0.00000668  0.00000602  0.00000567  0.00001093  0.00000602  0.00000447  0.00000698  0.00000567  0.00000447  0.00000668  0.00000447  0.00000602  0.00000590  
0.00000567  0.00000590  0.00000553  0.00000678  0.00000590  0.00001458  0.00000567  0.00000590  0.00000553  0.00000567  0.00001059  0.00000553  0.00000678  0.00000590  0.00000553  0.00000567  
0.00000625  0.00000595  0.00000792  0.00000572  0.00000775  0.00000590  0.00000602  0.00000619  0.00000879  0.00000447  0.00000553  0.00000429  0.00000512  0.00000678  0.00000631  0.00000609  
0.00000787  0.00000512  0.00000512  0.00001131  0.00000572  0.00000678  0.00000668  0.00000512  0.00000572  0.00000668  0.00000678  0.00000512  0.00000800  0.00000572  0.00000572  0.00000787  
0.00000625  0.00000879  0.00000775  0.00000512  0.00000792  0.00000553  0.00000602  0.00000631  0.00000595  0.00000447  0.00000590  0.00000678  0.00000572  0.00000429  0.00000619  0.00000609  
0.00000625  0.00000775  0.00000879  0.00000512  0.00000595  0.00000590  0.00000447  0.00000678  0.00000792  0.00000602  0.00000553  0.00000631  0.00000572  0.00000619  0.00000429  0.00000609  
0.00001594  0.00000625  0.00000625  0.00000787  0.00000625  0.00000567  0.00000590  0.00000609  0.00000625  0.00000590  0.00000567  0.00000609  0.00000787  0.00000609  0.00000609  0.00001116  
