0.18321107  0.13798868  0.13798868  0.11299782  0.12477855  0.12992496  0.12992496  0.14760465  
0.13798868  0.11331669  0.10792236  0.09661547  0.09652643  0.10979672  0.10459006  0.12992496  
0.13798868  0.10792236  0.11331669  0.09661547  0.09652643  0.10459006  0.10979672  0.12992496  
0.11299782  0.09661547  0.09661547  0.09015555  0.08135670  0.09652643  0.09652643  0.12477855  
0.12477855  0.09652643  0.09652643  0.08135670  0.09015555  0.09661547  0.09661547  0.11299782  
0.12992496  0.10979672  0.10459006  0.09652643  0.09661547  0.11331669  0.10792236  0.13798868  
0.12992496  0.10459006  0.10979672  0.09652643  0.09661547  0.10792236  0.11331669  0.13798868  
0.14760465  0.12992496  0.12992496  0.12477855  0.11299782  0.13798868  0.13798868  0.18321107  
