0.00002385  0.00001595  0.00001595  0.00001816  0.00001390  0.00001363  0.00001363  0.00002378  
0.00001595  0.00001142  0.00001647  0.00000913  0.00000875  0.00001697  0.00001455  0.00001363  
0.00001595  0.00001647  0.00001142  0.00000913  0.00000875  0.00001455  0.00001697  0.00001363  
0.00001816  0.00000913  0.00000913  0.00001295  0.00001394  0.00000875  0.00000875  0.00001390  
0.00001390  0.00000875  0.00000875  0.00001394  0.00001295  0.00000913  0.00000913  0.00001816  
0.00001363  0.00001697  0.00001455  0.00000875  0.00000913  0.00001142  0.00001647  0.00001595  
0.00001363  0.00001455  0.00001697  0.00000875  0.00000913  0.00001647  0.00001142  0.00001595  
0.00002378  0.00001363  0.00001363  0.00001390  0.00001816  0.00001595  0.00001595  0.00002385  
