0.24862639  0.13627046  0.13627046  0.08609132  0.12980212  0.09624853  0.09624853  0.09123675  
0.13627046  0.08733477  0.08479853  0.06977725  0.07953921  0.07624219  0.07396786  0.09624853  
0.13627046  0.08479853  0.08733477  0.06977725  0.07953921  0.07396786  0.07624219  0.09624853  
0.08609132  0.06977725  0.06977725  0.07670407  0.06204097  0.07953921  0.07953921  0.12980212  
0.12980212  0.07953921  0.07953921  0.06204097  0.07670407  0.06977725  0.06977725  0.08609132  
0.09624853  0.07624219  0.07396786  0.07953921  0.06977725  0.08733477  0.08479853  0.13627046  
0.09624853  0.07396786  0.07624219  0.07953921  0.06977725  0.08479853  0.08733477  0.13627046  
0.09123675  0.09624853  0.09624853  0.12980212  0.08609132  0.13627046  0.13627046  0.24862639  
