0.00001577  0.00000978  0.00000978  0.00001034  0.00001187  0.00000915  0.00000915  0.00001368  
0.00000978  0.00000664  0.00000992  0.00000602  0.00000770  0.00000784  0.00000911  0.00000915  
0.00000978  0.00000992  0.00000664  0.00000602  0.00000770  0.00000911  0.00000784  0.00000915  
0.00001034  0.00000602  0.00000602  0.00001076  0.00000969  0.00000770  0.00000770  0.00001187  
0.00001187  0.00000770  0.00000770  0.00000969  0.00001076  0.00000602  0.00000602  0.00001034  
0.00000915  0.00000784  0.00000911  0.00000770  0.00000602  0.00000664  0.00000992  0.00000978  
0.00000915  0.00000911  0.00000784  0.00000770  0.00000602  0.00000992  0.00000664  0.00000978  
0.00001368  0.00000915  0.00000915  0.00001187  0.00001034  0.00000978  0.00000978  0.00001577  
