0.12089410  0.08221600  0.08221600  0.07595896  0.08221600  0.07594444  0.05880023  0.07407931  0.08221600  0.05880023  0.07594444  0.07407931  0.07595896  0.07407931  0.07407931  0.09848851  
0.08221600  0.05898810  0.05696942  0.05553487  0.05696284  0.05553258  0.04151100  0.05524834  0.05638272  0.04252459  0.05305864  0.05465784  0.05305853  0.05465256  0.05278491  0.07407931  
0.08221600  0.05696942  0.05898810  0.05553487  0.05638272  0.05305864  0.04252459  0.05465784  0.05696284  0.04151100  0.05553258  0.05524834  0.05305853  0.05278491  0.05465256  0.07407931  
0.07595896  0.05553487  0.05553487  0.05536044  0.05305853  0.05281355  0.04087433  0.05553487  0.05305853  0.04087433  0.05281355  0.05553487  0.05040293  0.05305853  0.05305853  0.07595896  
0.08221600  0.05696284  0.05638272  0.05305853  0.05898810  0.05553258  0.04252459  0.05465256  0.05696942  0.04151100  0.05305864  0.05278491  0.05553487  0.05524834  0.05465784  0.07407931  
0.07594444  0.05553258  0.05305864  0.05281355  0.05553258  0.05534177  0.04086997  0.05553258  0.05305864  0.04086997  0.05041828  0.05305864  0.05281355  0.05553258  0.05305864  0.07594444  
0.05880023  0.04151100  0.04252459  0.04087433  0.04252459  0.04086997  0.03245129  0.04252459  0.04151100  0.03087824  0.04086997  0.04151100  0.04087433  0.04151100  0.04252459  0.05880023  
0.07407931  0.05524834  0.05465784  0.05553487  0.05465256  0.05553258  0.04252459  0.05898810  0.05278491  0.04151100  0.05305864  0.05696942  0.05305853  0.05696284  0.05638272  0.08221600  
0.08221600  0.05638272  0.05696284  0.05305853  0.05696942  0.05305864  0.04151100  0.05278491  0.05898810  0.04252459  0.05553258  0.05465256  0.05553487  0.05465784  0.05524834  0.07407931  
0.05880023  0.04252459  0.04151100  0.04087433  0.04151100  0.04086997  0.03087824  0.04151100  0.04252459  0.03245129  0.04086997  0.04252459  0.04087433  0.04252459  0.04151100  0.05880023  
0.07594444  0.05305864  0.05553258  0.05281355  0.05305864  0.05041828  0.04086997  0.05305864  0.05553258  0.04086997  0.05534177  0.05553258  0.05281355  0.05305864  0.05553258  0.07594444  
0.07407931  0.05465784  0.05524834  0.05553487  0.05278491  0.05305864  0.04151100  0.05696942  0.05465256  0.04252459  0.05553258  0.05898810  0.05305853  0.05638272  0.05696284  0.08221600  
0.07595896  0.05305853  0.05305853  0.05040293  0.05553487  0.05281355  0.04087433  0.05305853  0.05553487  0.04087433  0.05281355  0.05305853  0.05536044  0.05553487  0.05553487  0.07595896  
0.07407931  0.05465256  0.05278491  0.05305853  0.05524834  0.05553258  0.04151100  0.05696284  0.05465784  0.04252459  0.05305864  0.05638272  0.05553487  0.05898810  0.05696942  0.08221600  
0.07407931  0.05278491  0.05465256  0.05305853  0.05465784  0.05305864  0.04252459  0.05638272  0.05524834  0.04151100  0.05553258  0.05696284  0.05553487  0.05696942  0.05898810  0.08221600  
0.09848851  0.07407931  0.07407931  0.07595896  0.07407931  0.07594444  0.05880023  0.08221600  0.07407931  0.05880023  0.07594444  0.08221600  0.07595896  0.08221600  0.08221600  0.12089410  
