0.00002382  0.00001048  0.00001048  0.00000961  0.00001048  0.00001377  0.00000907  0.00001071  0.00001048  0.00000907  0.00001377  0.00001071  0.00000961  0.00001071  0.00001071  0.00003049  
0.00001048  0.00000631  0.00000747  0.00000626  0.00001004  0.00000601  0.00000554  0.00001244  0.00000948  0.00000584  0.00000668  0.00000902  0.00000695  0.00000820  0.00001269  0.00001071  
0.00001048  0.00000747  0.00000631  0.00000626  0.00000948  0.00000668  0.00000584  0.00000902  0.00001004  0.00000554  0.00000601  0.00001244  0.00000695  0.00001269  0.00000820  0.00001071  
0.00000961  0.00000626  0.00000626  0.00001297  0.00000695  0.00000764  0.00000535  0.00000626  0.00000695  0.00000535  0.00000764  0.00000626  0.00001439  0.00000695  0.00000695  0.00000961  
0.00001048  0.00001004  0.00000948  0.00000695  0.00000631  0.00000601  0.00000584  0.00000820  0.00000747  0.00000554  0.00000668  0.00001269  0.00000626  0.00001244  0.00000902  0.00001071  
0.00001377  0.00000601  0.00000668  0.00000764  0.00000601  0.00001358  0.00000653  0.00000601  0.00000668  0.00000653  0.00001213  0.00000668  0.00000764  0.00000601  0.00000668  0.00001377  
0.00000907  0.00000554  0.00000584  0.00000535  0.00000584  0.00000653  0.00001165  0.00000584  0.00000554  0.00001283  0.00000653  0.00000554  0.00000535  0.00000554  0.00000584  0.00000907  
0.00001071  0.00001244  0.00000902  0.00000626  0.00000820  0.00000601  0.00000584  0.00000631  0.00001269  0.00000554  0.00000668  0.00000747  0.00000695  0.00001004  0.00000948  0.00001048  
0.00001048  0.00000948  0.00001004  0.00000695  0.00000747  0.00000668  0.00000554  0.00001269  0.00000631  0.00000584  0.00000601  0.00000820  0.00000626  0.00000902  0.00001244  0.00001071  
0.00000907  0.00000584  0.00000554  0.00000535  0.00000554  0.00000653  0.00001283  0.00000554  0.00000584  0.00001165  0.00000653  0.00000584  0.00000535  0.00000584  0.00000554  0.00000907  
0.00001377  0.00000668  0.00000601  0.00000764  0.00000668  0.00001213  0.00000653  0.00000668  0.00000601  0.00000653  0.00001358  0.00000601  0.00000764  0.00000668  0.00000601  0.00001377  
0.00001071  0.00000902  0.00001244  0.00000626  0.00001269  0.00000668  0.00000554  0.00000747  0.00000820  0.00000584  0.00000601  0.00000631  0.00000695  0.00000948  0.00001004  0.00001048  
0.00000961  0.00000695  0.00000695  0.00001439  0.00000626  0.00000764  0.00000535  0.00000695  0.00000626  0.00000535  0.00000764  0.00000695  0.00001297  0.00000626  0.00000626  0.00000961  
0.00001071  0.00000820  0.00001269  0.00000695  0.00001244  0.00000601  0.00000554  0.00001004  0.00000902  0.00000584  0.00000668  0.00000948  0.00000626  0.00000631  0.00000747  0.00001048  
0.00001071  0.00001269  0.00000820  0.00000695  0.00000902  0.00000668  0.00000584  0.00000948  0.00001244  0.00000554  0.00000601  0.00001004  0.00000626  0.00000747  0.00000631  0.00001048  
0.00003049  0.00001071  0.00001071  0.00000961  0.00001071  0.00001377  0.00000907  0.00001048  0.00001071  0.00000907  0.00001377  0.00001048  0.00000961  0.00001048  0.00001048  0.00002382  
