0.12702090  0.08324223  0.08324223  0.06952572  0.08324223  0.06953926  0.05787790  0.06252412  0.08324223  0.05787790  0.06953926  0.06252412  0.06952572  0.06252412  0.06252412  0.07333053  
0.08324223  0.05898991  0.05716434  0.05222934  0.05716483  0.05222651  0.04209501  0.05018487  0.05676237  0.04311472  0.05021675  0.04979591  0.05020951  0.04980336  0.04821507  0.06252412  
0.08324223  0.05716434  0.05898991  0.05222934  0.05676237  0.05021675  0.04311472  0.04979591  0.05716483  0.04209501  0.05222651  0.05018487  0.05020951  0.04821507  0.04980336  0.06252412  
0.06952572  0.05222934  0.05222934  0.05111729  0.05020951  0.04908888  0.04083013  0.05222934  0.05020951  0.04083013  0.04908888  0.05222934  0.04717292  0.05020951  0.05020951  0.06952572  
0.08324223  0.05716483  0.05676237  0.05020951  0.05898991  0.05222651  0.04311472  0.04980336  0.05716434  0.04209501  0.05021675  0.04821507  0.05222934  0.05018487  0.04979591  0.06252412  
0.06953926  0.05222651  0.05021675  0.04908888  0.05222651  0.05111588  0.04082644  0.05222651  0.05021675  0.04082644  0.04716158  0.05021675  0.04908888  0.05222651  0.05021675  0.06953926  
0.05787790  0.04209501  0.04311472  0.04083013  0.04311472  0.04082644  0.03478627  0.04311472  0.04209501  0.03317231  0.04082644  0.04209501  0.04083013  0.04209501  0.04311472  0.05787790  
0.06252412  0.05018487  0.04979591  0.05222934  0.04980336  0.05222651  0.04311472  0.05898991  0.04821507  0.04209501  0.05021675  0.05716434  0.05020951  0.05716483  0.05676237  0.08324223  
0.08324223  0.05676237  0.05716483  0.05020951  0.05716434  0.05021675  0.04209501  0.04821507  0.05898991  0.04311472  0.05222651  0.04980336  0.05222934  0.04979591  0.05018487  0.06252412  
0.05787790  0.04311472  0.04209501  0.04083013  0.04209501  0.04082644  0.03317231  0.04209501  0.04311472  0.03478627  0.04082644  0.04311472  0.04083013  0.04311472  0.04209501  0.05787790  
0.06953926  0.05021675  0.05222651  0.04908888  0.05021675  0.04716158  0.04082644  0.05021675  0.05222651  0.04082644  0.05111588  0.05222651  0.04908888  0.05021675  0.05222651  0.06953926  
0.06252412  0.04979591  0.05018487  0.05222934  0.04821507  0.05021675  0.04209501  0.05716434  0.04980336  0.04311472  0.05222651  0.05898991  0.05020951  0.05676237  0.05716483  0.08324223  
0.06952572  0.05020951  0.05020951  0.04717292  0.05222934  0.04908888  0.04083013  0.05020951  0.05222934  0.04083013  0.04908888  0.05020951  0.05111729  0.05222934  0.05222934  0.06952572  
0.06252412  0.04980336  0.04821507  0.05020951  0.05018487  0.05222651  0.04209501  0.05716483  0.04979591  0.04311472  0.05021675  0.05676237  0.05222934  0.05898991  0.05716434  0.08324223  
0.06252412  0.04821507  0.04980336  0.05020951  0.04979591  0.05021675  0.04311472  0.05676237  0.05018487  0.04209501  0.05222651  0.05716483  0.05222934  0.05716434  0.05898991  0.08324223  
0.07333053  0.06252412  0.06252412  0.06952572  0.06252412  0.06953926  0.05787790  0.08324223  0.06252412  0.05787790  0.06953926  0.08324223  0.06952572  0.08324223  0.08324223  0.12702090  
