0.00001630  0.00000723  0.00000723  0.00000860  0.00000723  0.00000789  0.00000752  0.00000660  0.00000723  0.00000752  0.00000789  0.00000660  0.00000860  0.00000660  0.00000660  0.00001396  
0.00000723  0.00000427  0.00000607  0.00000469  0.00000755  0.00000514  0.00000458  0.00000657  0.00000760  0.00000419  0.00000441  0.00000703  0.00000632  0.00000841  0.00000744  0.00000660  
0.00000723  0.00000607  0.00000427  0.00000469  0.00000760  0.00000441  0.00000419  0.00000703  0.00000755  0.00000458  0.00000514  0.00000657  0.00000632  0.00000744  0.00000841  0.00000660  
0.00000860  0.00000469  0.00000469  0.00000963  0.00000632  0.00000668  0.00000479  0.00000469  0.00000632  0.00000479  0.00000668  0.00000469  0.00001271  0.00000632  0.00000632  0.00000860  
0.00000723  0.00000755  0.00000760  0.00000632  0.00000427  0.00000514  0.00000419  0.00000841  0.00000607  0.00000458  0.00000441  0.00000744  0.00000469  0.00000657  0.00000703  0.00000660  
0.00000789  0.00000514  0.00000441  0.00000668  0.00000514  0.00001131  0.00000623  0.00000514  0.00000441  0.00000623  0.00001373  0.00000441  0.00000668  0.00000514  0.00000441  0.00000789  
0.00000752  0.00000458  0.00000419  0.00000479  0.00000419  0.00000623  0.00000807  0.00000419  0.00000458  0.00000760  0.00000623  0.00000458  0.00000479  0.00000458  0.00000419  0.00000752  
0.00000660  0.00000657  0.00000703  0.00000469  0.00000841  0.00000514  0.00000419  0.00000427  0.00000744  0.00000458  0.00000441  0.00000607  0.00000632  0.00000755  0.00000760  0.00000723  
0.00000723  0.00000760  0.00000755  0.00000632  0.00000607  0.00000441  0.00000458  0.00000744  0.00000427  0.00000419  0.00000514  0.00000841  0.00000469  0.00000703  0.00000657  0.00000660  
0.00000752  0.00000419  0.00000458  0.00000479  0.00000458  0.00000623  0.00000760  0.00000458  0.00000419  0.00000807  0.00000623  0.00000419  0.00000479  0.00000419  0.00000458  0.00000752  
0.00000789  0.00000441  0.00000514  0.00000668  0.00000441  0.00001373  0.00000623  0.00000441  0.00000514  0.00000623  0.00001131  0.00000514  0.00000668  0.00000441  0.00000514  0.00000789  
0.00000660  0.00000703  0.00000657  0.00000469  0.00000744  0.00000441  0.00000458  0.00000607  0.00000841  0.00000419  0.00000514  0.00000427  0.00000632  0.00000760  0.00000755  0.00000723  
0.00000860  0.00000632  0.00000632  0.00001271  0.00000469  0.00000668  0.00000479  0.00000632  0.00000469  0.00000479  0.00000668  0.00000632  0.00000963  0.00000469  0.00000469  0.00000860  
0.00000660  0.00000841  0.00000744  0.00000632  0.00000657  0.00000514  0.00000458  0.00000755  0.00000703  0.00000419  0.00000441  0.00000760  0.00000469  0.00000427  0.00000607  0.00000723  
0.00000660  0.00000744  0.00000841  0.00000632  0.00000703  0.00000441  0.00000419  0.00000760  0.00000657  0.00000458  0.00000514  0.00000755  0.00000469  0.00000607  0.00000427  0.00000723  
0.00001396  0.00000660  0.00000660  0.00000860  0.00000660  0.00000789  0.00000752  0.00000723  0.00000660  0.00000752  0.00000789  0.00000723  0.00000860  0.00000723  0.00000723  0.00001630  
