0.19663857  0.10551793  0.08228065  0.09421204  0.08228065  0.05089757  0.07107383  0.09741035  0.10551793  0.06013523  0.05089757  0.06383292  0.09421204  0.06383292  0.09741035  0.14323434  
0.10551793  0.06639391  0.04554060  0.06178549  0.04473733  0.03266740  0.04020879  0.06509316  0.05748129  0.03858035  0.02875586  0.04274367  0.05221355  0.04194897  0.05623185  0.09741035  
0.08228065  0.04554060  0.03471536  0.04106578  0.03460171  0.02211266  0.03015155  0.04274367  0.04473733  0.02634545  0.02175739  0.02827816  0.04019967  0.02820174  0.04194897  0.06383292  
0.09421204  0.06178549  0.04106578  0.05825672  0.04019967  0.03067807  0.03660358  0.06178549  0.05221355  0.03660358  0.02644490  0.04106578  0.04787068  0.04019967  0.05221355  0.09421204  
0.08228065  0.04473733  0.03460171  0.04019967  0.03471536  0.02175739  0.03015155  0.04194897  0.04554060  0.02634545  0.02211266  0.02820174  0.04106578  0.02827816  0.04274367  0.06383292  
0.05089757  0.03266740  0.02211266  0.03067807  0.02175739  0.01629500  0.01974919  0.03266740  0.02875586  0.01974919  0.01452336  0.02211266  0.02644490  0.02175739  0.02875586  0.05089757  
0.07107383  0.04020879  0.03015155  0.03660358  0.03015155  0.01974919  0.02659117  0.03858035  0.04020879  0.02427458  0.01974919  0.02634545  0.03660358  0.02634545  0.03858035  0.06013523  
0.09741035  0.06509316  0.04274367  0.06178549  0.04194897  0.03266740  0.03858035  0.06639391  0.05623185  0.04020879  0.02875586  0.04554060  0.05221355  0.04473733  0.05748129  0.10551793  
0.10551793  0.05748129  0.04473733  0.05221355  0.04554060  0.02875586  0.04020879  0.05623185  0.06639391  0.03858035  0.03266740  0.04194897  0.06178549  0.04274367  0.06509316  0.09741035  
0.06013523  0.03858035  0.02634545  0.03660358  0.02634545  0.01974919  0.02427458  0.04020879  0.03858035  0.02659117  0.01974919  0.03015155  0.03660358  0.03015155  0.04020879  0.07107383  
0.05089757  0.02875586  0.02175739  0.02644490  0.02211266  0.01452336  0.01974919  0.02875586  0.03266740  0.01974919  0.01629500  0.02175739  0.03067807  0.02211266  0.03266740  0.05089757  
0.06383292  0.04274367  0.02827816  0.04106578  0.02820174  0.02211266  0.02634545  0.04554060  0.04194897  0.03015155  0.02175739  0.03471536  0.04019967  0.03460171  0.04473733  0.08228065  
0.09421204  0.05221355  0.04019967  0.04787068  0.04106578  0.02644490  0.03660358  0.05221355  0.06178549  0.03660358  0.03067807  0.04019967  0.05825672  0.04106578  0.06178549  0.09421204  
0.06383292  0.04194897  0.02820174  0.04019967  0.02827816  0.02175739  0.02634545  0.04473733  0.04274367  0.03015155  0.02211266  0.03460171  0.04106578  0.03471536  0.04554060  0.08228065  
0.09741035  0.05623185  0.04194897  0.05221355  0.04274367  0.02875586  0.03858035  0.05748129  0.06509316  0.04020879  0.03266740  0.04473733  0.06178549  0.04554060  0.06639391  0.10551793  
0.14323434  0.09741035  0.06383292  0.09421204  0.06383292  0.05089757  0.06013523  0.10551793  0.09741035  0.07107383  0.05089757  0.08228065  0.09421204  0.08228065  0.10551793  0.19663857  
