0.00001830  0.00001203  0.00000655  0.00001146  0.00000655  0.00000596  0.00000842  0.00001063  0.00001203  0.00000872  0.00000596  0.00000753  0.00001146  0.00000753  0.00001063  0.00002475  
0.00001203  0.00000727  0.00000351  0.00000558  0.00000517  0.00000370  0.00000560  0.00000737  0.00000916  0.00000410  0.00000344  0.00000397  0.00000588  0.00000483  0.00000790  0.00001063  
0.00000655  0.00000351  0.00000550  0.00000395  0.00000578  0.00000243  0.00000353  0.00000397  0.00000517  0.00000396  0.00000366  0.00000415  0.00000501  0.00000467  0.00000483  0.00000753  
0.00001146  0.00000558  0.00000395  0.00000896  0.00000501  0.00000480  0.00000491  0.00000558  0.00000588  0.00000491  0.00000451  0.00000395  0.00000737  0.00000501  0.00000588  0.00001146  
0.00000655  0.00000517  0.00000578  0.00000501  0.00000550  0.00000366  0.00000353  0.00000483  0.00000351  0.00000396  0.00000243  0.00000467  0.00000395  0.00000415  0.00000397  0.00000753  
0.00000596  0.00000370  0.00000243  0.00000480  0.00000366  0.00000416  0.00000288  0.00000370  0.00000344  0.00000288  0.00000403  0.00000243  0.00000451  0.00000366  0.00000344  0.00000596  
0.00000842  0.00000560  0.00000353  0.00000491  0.00000353  0.00000288  0.00000626  0.00000410  0.00000560  0.00000805  0.00000288  0.00000396  0.00000491  0.00000396  0.00000410  0.00000872  
0.00001063  0.00000737  0.00000397  0.00000558  0.00000483  0.00000370  0.00000410  0.00000727  0.00000790  0.00000560  0.00000344  0.00000351  0.00000588  0.00000517  0.00000916  0.00001203  
0.00001203  0.00000916  0.00000517  0.00000588  0.00000351  0.00000344  0.00000560  0.00000790  0.00000727  0.00000410  0.00000370  0.00000483  0.00000558  0.00000397  0.00000737  0.00001063  
0.00000872  0.00000410  0.00000396  0.00000491  0.00000396  0.00000288  0.00000805  0.00000560  0.00000410  0.00000626  0.00000288  0.00000353  0.00000491  0.00000353  0.00000560  0.00000842  
0.00000596  0.00000344  0.00000366  0.00000451  0.00000243  0.00000403  0.00000288  0.00000344  0.00000370  0.00000288  0.00000416  0.00000366  0.00000480  0.00000243  0.00000370  0.00000596  
0.00000753  0.00000397  0.00000415  0.00000395  0.00000467  0.00000243  0.00000396  0.00000351  0.00000483  0.00000353  0.00000366  0.00000550  0.00000501  0.00000578  0.00000517  0.00000655  
0.00001146  0.00000588  0.00000501  0.00000737  0.00000395  0.00000451  0.00000491  0.00000588  0.00000558  0.00000491  0.00000480  0.00000501  0.00000896  0.00000395  0.00000558  0.00001146  
0.00000753  0.00000483  0.00000467  0.00000501  0.00000415  0.00000366  0.00000396  0.00000517  0.00000397  0.00000353  0.00000243  0.00000578  0.00000395  0.00000550  0.00000351  0.00000655  
0.00001063  0.00000790  0.00000483  0.00000588  0.00000397  0.00000344  0.00000410  0.00000916  0.00000737  0.00000560  0.00000370  0.00000517  0.00000558  0.00000351  0.00000727  0.00001203  
0.00002475  0.00001063  0.00000753  0.00001146  0.00000753  0.00000596  0.00000872  0.00001203  0.00001063  0.00000842  0.00000596  0.00000655  0.00001146  0.00000655  0.00001203  0.00001830  
