0.28969831  0.10521496  0.10521496  0.05341569  0.10521496  0.05343497  0.04046728  0.03215818  0.10521496  0.04046728  0.05343497  0.03215818  0.05341569  0.03215818  0.03215818  0.03667908  
0.10521496  0.04059476  0.03966744  0.02330075  0.03966599  0.02330626  0.01718519  0.01892431  0.03952256  0.01751342  0.02261296  0.01880532  0.02260904  0.01880417  0.01832640  0.03215818  
0.10521496  0.03966744  0.04059476  0.02330075  0.03952256  0.02261296  0.01751342  0.01880532  0.03966599  0.01718519  0.02330626  0.01892431  0.02260904  0.01832640  0.01880417  0.03215818  
0.05341569  0.02330075  0.02330075  0.01869853  0.02260904  0.01808230  0.01364637  0.02330075  0.02260904  0.01364637  0.01808230  0.02330075  0.01750242  0.02260904  0.02260904  0.05341569  
0.10521496  0.03966599  0.03952256  0.02260904  0.04059476  0.02330626  0.01751342  0.01880417  0.03966744  0.01718519  0.02261296  0.01832640  0.02330075  0.01892431  0.01880532  0.03215818  
0.05343497  0.02330626  0.02261296  0.01808230  0.02330626  0.01870778  0.01364762  0.02330626  0.02261296  0.01364762  0.01750581  0.02261296  0.01808230  0.02330626  0.02261296  0.05343497  
0.04046728  0.01718519  0.01751342  0.01364637  0.01751342  0.01364762  0.01051634  0.01751342  0.01718519  0.01011437  0.01364762  0.01718519  0.01364637  0.01718519  0.01751342  0.04046728  
0.03215818  0.01892431  0.01880532  0.02330075  0.01880417  0.02330626  0.01751342  0.04059476  0.01832640  0.01718519  0.02261296  0.03966744  0.02260904  0.03966599  0.03952256  0.10521496  
0.10521496  0.03952256  0.03966599  0.02260904  0.03966744  0.02261296  0.01718519  0.01832640  0.04059476  0.01751342  0.02330626  0.01880417  0.02330075  0.01880532  0.01892431  0.03215818  
0.04046728  0.01751342  0.01718519  0.01364637  0.01718519  0.01364762  0.01011437  0.01718519  0.01751342  0.01051634  0.01364762  0.01751342  0.01364637  0.01751342  0.01718519  0.04046728  
0.05343497  0.02261296  0.02330626  0.01808230  0.02261296  0.01750581  0.01364762  0.02261296  0.02330626  0.01364762  0.01870778  0.02330626  0.01808230  0.02261296  0.02330626  0.05343497  
0.03215818  0.01880532  0.01892431  0.02330075  0.01832640  0.02261296  0.01718519  0.03966744  0.01880417  0.01751342  0.02330626  0.04059476  0.02260904  0.03952256  0.03966599  0.10521496  
0.05341569  0.02260904  0.02260904  0.01750242  0.02330075  0.01808230  0.01364637  0.02260904  0.02330075  0.01364637  0.01808230  0.02260904  0.01869853  0.02330075  0.02330075  0.05341569  
0.03215818  0.01880417  0.01832640  0.02260904  0.01892431  0.02330626  0.01718519  0.03966599  0.01880532  0.01751342  0.02261296  0.03952256  0.02330075  0.04059476  0.03966744  0.10521496  
0.03215818  0.01832640  0.01880417  0.02260904  0.01880532  0.02261296  0.01751342  0.03952256  0.01892431  0.01718519  0.02330626  0.03966599  0.02330075  0.03966744  0.04059476  0.10521496  
0.03667908  0.03215818  0.03215818  0.05341569  0.03215818  0.05343497  0.04046728  0.10521496  0.03215818  0.04046728  0.05343497  0.10521496  0.05341569  0.10521496  0.10521496  0.28969831  
