0.00002151  0.00001011  0.00001011  0.00000817  0.00001011  0.00000732  0.00000675  0.00000456  0.00001011  0.00000675  0.00000732  0.00000456  0.00000817  0.00000456  0.00000456  0.00001099  
0.00001011  0.00000442  0.00000711  0.00000361  0.00000561  0.00000316  0.00000339  0.00000478  0.00000520  0.00000309  0.00000359  0.00000397  0.00000406  0.00000495  0.00000374  0.00000456  
0.00001011  0.00000711  0.00000442  0.00000361  0.00000520  0.00000359  0.00000309  0.00000397  0.00000561  0.00000339  0.00000316  0.00000478  0.00000406  0.00000374  0.00000495  0.00000456  
0.00000817  0.00000361  0.00000361  0.00000550  0.00000406  0.00000314  0.00000317  0.00000361  0.00000406  0.00000317  0.00000314  0.00000361  0.00000642  0.00000406  0.00000406  0.00000817  
0.00001011  0.00000561  0.00000520  0.00000406  0.00000442  0.00000316  0.00000309  0.00000495  0.00000711  0.00000339  0.00000359  0.00000374  0.00000361  0.00000478  0.00000397  0.00000456  
0.00000732  0.00000316  0.00000359  0.00000314  0.00000316  0.00000648  0.00000284  0.00000316  0.00000359  0.00000284  0.00000599  0.00000359  0.00000314  0.00000316  0.00000359  0.00000732  
0.00000675  0.00000339  0.00000309  0.00000317  0.00000309  0.00000284  0.00000444  0.00000309  0.00000339  0.00000359  0.00000284  0.00000339  0.00000317  0.00000339  0.00000309  0.00000675  
0.00000456  0.00000478  0.00000397  0.00000361  0.00000495  0.00000316  0.00000309  0.00000442  0.00000374  0.00000339  0.00000359  0.00000711  0.00000406  0.00000561  0.00000520  0.00001011  
0.00001011  0.00000520  0.00000561  0.00000406  0.00000711  0.00000359  0.00000339  0.00000374  0.00000442  0.00000309  0.00000316  0.00000495  0.00000361  0.00000397  0.00000478  0.00000456  
0.00000675  0.00000309  0.00000339  0.00000317  0.00000339  0.00000284  0.00000359  0.00000339  0.00000309  0.00000444  0.00000284  0.00000309  0.00000317  0.00000309  0.00000339  0.00000675  
0.00000732  0.00000359  0.00000316  0.00000314  0.00000359  0.00000599  0.00000284  0.00000359  0.00000316  0.00000284  0.00000648  0.00000316  0.00000314  0.00000359  0.00000316  0.00000732  
0.00000456  0.00000397  0.00000478  0.00000361  0.00000374  0.00000359  0.00000339  0.00000711  0.00000495  0.00000309  0.00000316  0.00000442  0.00000406  0.00000520  0.00000561  0.00001011  
0.00000817  0.00000406  0.00000406  0.00000642  0.00000361  0.00000314  0.00000317  0.00000406  0.00000361  0.00000317  0.00000314  0.00000406  0.00000550  0.00000361  0.00000361  0.00000817  
0.00000456  0.00000495  0.00000374  0.00000406  0.00000478  0.00000316  0.00000339  0.00000561  0.00000397  0.00000309  0.00000359  0.00000520  0.00000361  0.00000442  0.00000711  0.00001011  
0.00000456  0.00000374  0.00000495  0.00000406  0.00000397  0.00000359  0.00000309  0.00000520  0.00000478  0.00000339  0.00000316  0.00000561  0.00000361  0.00000711  0.00000442  0.00001011  
0.00001099  0.00000456  0.00000456  0.00000817  0.00000456  0.00000732  0.00000675  0.00001011  0.00000456  0.00000675  0.00000732  0.00001011  0.00000817  0.00001011  0.00001011  0.00002151  
