0.45745034  0.07910305  0.07910305  0.01427018  0.07861811  0.01687126  0.01687126  0.00684858  
0.07910305  0.01429923  0.01423733  0.00518681  0.01404806  0.00565422  0.00562948  0.01687126  
0.07910305  0.01423733  0.01429923  0.00518681  0.01404806  0.00562948  0.00565422  0.01687126  
0.01427018  0.00518681  0.00518681  0.01395120  0.00469829  0.01404806  0.01404806  0.07861811  
0.07861811  0.01404806  0.01404806  0.00469829  0.01395120  0.00518681  0.00518681  0.01427018  
0.01687126  0.00565422  0.00562948  0.01404806  0.00518681  0.01429923  0.01423733  0.07910305  
0.01687126  0.00562948  0.00565422  0.01404806  0.00518681  0.01423733  0.01429923  0.07910305  
0.00684858  0.01687126  0.01687126  0.07861811  0.01427018  0.07910305  0.07910305  0.45745034  
