0.00000483  0.00000578  0.00000578  0.00000255  0.00000558  0.00000201  0.00000201  0.00000219  
0.00000578  0.00000200  0.00000270  0.00000079  0.00000146  0.00000133  0.00000125  0.00000201  
0.00000578  0.00000270  0.00000200  0.00000079  0.00000146  0.00000125  0.00000133  0.00000201  
0.00000255  0.00000079  0.00000079  0.00000314  0.00000142  0.00000146  0.00000146  0.00000558  
0.00000558  0.00000146  0.00000146  0.00000142  0.00000314  0.00000079  0.00000079  0.00000255  
0.00000201  0.00000133  0.00000125  0.00000146  0.00000079  0.00000200  0.00000270  0.00000578  
0.00000201  0.00000125  0.00000133  0.00000146  0.00000079  0.00000270  0.00000200  0.00000578  
0.00000219  0.00000201  0.00000201  0.00000558  0.00000255  0.00000578  0.00000578  0.00000483  
