0.31724866  0.13107554  0.13107554  0.06224405  0.12703535  0.07072284  0.07072284  0.05795963  
0.13107554  0.06285044  0.06157466  0.04421993  0.05862015  0.04825511  0.04721517  0.07072284  
0.13107554  0.06157466  0.06285044  0.04421993  0.05862015  0.04721517  0.04825511  0.07072284  
0.06224405  0.04421993  0.04421993  0.05705046  0.03955872  0.05862015  0.05862015  0.12703535  
0.12703535  0.05862015  0.05862015  0.03955872  0.05705046  0.04421993  0.04421993  0.06224405  
0.07072284  0.04825511  0.04721517  0.05862015  0.04421993  0.06285044  0.06157466  0.13107554  
0.07072284  0.04721517  0.04825511  0.05862015  0.04421993  0.06157466  0.06285044  0.13107554  
0.05795963  0.07072284  0.07072284  0.12703535  0.06224405  0.13107554  0.13107554  0.31724866  
