0.00001550  0.00000875  0.00000875  0.00000766  0.00001474  0.00000737  0.00000737  0.00001141  
0.00000875  0.00000644  0.00000785  0.00000498  0.00000665  0.00000797  0.00000751  0.00000737  
0.00000875  0.00000785  0.00000644  0.00000498  0.00000665  0.00000751  0.00000797  0.00000737  
0.00000766  0.00000498  0.00000498  0.00000937  0.00000693  0.00000665  0.00000665  0.00001474  
0.00001474  0.00000665  0.00000665  0.00000693  0.00000937  0.00000498  0.00000498  0.00000766  
0.00000737  0.00000797  0.00000751  0.00000665  0.00000498  0.00000644  0.00000785  0.00000875  
0.00000737  0.00000751  0.00000797  0.00000665  0.00000498  0.00000785  0.00000644  0.00000875  
0.00001141  0.00000737  0.00000737  0.00001474  0.00000766  0.00000875  0.00000875  0.00001550  
