0.47607844  0.06083043  0.06083043  0.00803682  0.06051641  0.01054141  0.01054141  0.00364926  
0.06083043  0.00803781  0.00800668  0.00231663  0.00789648  0.00264613  0.00264150  0.01054141  
0.06083043  0.00800668  0.00803781  0.00231663  0.00789648  0.00264150  0.00264613  0.01054141  
0.00803682  0.00231663  0.00231663  0.00784594  0.00198278  0.00789648  0.00789648  0.06051641  
0.06051641  0.00789648  0.00789648  0.00198278  0.00784594  0.00231663  0.00231663  0.00803682  
0.01054141  0.00264613  0.00264150  0.00789648  0.00231663  0.00803781  0.00800668  0.06083043  
0.01054141  0.00264150  0.00264613  0.00789648  0.00231663  0.00800668  0.00803781  0.06083043  
0.00364926  0.01054141  0.01054141  0.06051641  0.00803682  0.06083043  0.06083043  0.47607844  
