0.00000906  0.00001029  0.00001029  0.00000376  0.00001283  0.00000359  0.00000359  0.00000455  
0.00001029  0.00000349  0.00000409  0.00000170  0.00000226  0.00000242  0.00000220  0.00000359  
0.00001029  0.00000409  0.00000349  0.00000170  0.00000226  0.00000220  0.00000242  0.00000359  
0.00000376  0.00000170  0.00000170  0.00000398  0.00000262  0.00000226  0.00000226  0.00001283  
0.00001283  0.00000226  0.00000226  0.00000262  0.00000398  0.00000170  0.00000170  0.00000376  
0.00000359  0.00000242  0.00000220  0.00000226  0.00000170  0.00000349  0.00000409  0.00001029  
0.00000359  0.00000220  0.00000242  0.00000226  0.00000170  0.00000409  0.00000349  0.00001029  
0.00000455  0.00000359  0.00000359  0.00001283  0.00000376  0.00001029  0.00001029  0.00000906  
