0.09038974  0.07835781  0.06978623  0.07772618  0.06978623  0.06147966  0.06916039  0.07826349  0.07835781  0.06808443  0.06147966  0.06861899  0.07772618  0.06861899  0.07826349  0.08873661  
0.07835781  0.06906274  0.06058519  0.06854238  0.06052834  0.05416977  0.06004341  0.06903072  0.06796309  0.05998104  0.05336773  0.06051317  0.06742044  0.06046058  0.06795375  0.07826349  
0.06978623  0.06058519  0.05393340  0.06009861  0.05390906  0.04753245  0.05342283  0.06051317  0.06052834  0.05264631  0.04749342  0.05306521  0.06004751  0.05306029  0.06046058  0.06861899  
0.07772618  0.06854238  0.06009861  0.06809291  0.06004751  0.05378957  0.05956859  0.06854238  0.06742044  0.05956859  0.05294939  0.06009861  0.06688642  0.06004751  0.06742044  0.07772618  
0.06978623  0.06052834  0.05390906  0.06004751  0.05393340  0.04749342  0.05342283  0.06046058  0.06058519  0.05264631  0.04753245  0.05306029  0.06009861  0.05306521  0.06051317  0.06861899  
0.06147966  0.05416977  0.04753245  0.05378957  0.04749342  0.04254163  0.04711498  0.05416977  0.05336773  0.04711498  0.04192105  0.04753245  0.05294939  0.04749342  0.05336773  0.06147966  
0.06916039  0.06004341  0.05342283  0.05956859  0.05342283  0.04711498  0.05298343  0.05998104  0.06004341  0.05223956  0.04711498  0.05264631  0.05956859  0.05264631  0.05998104  0.06808443  
0.07826349  0.06903072  0.06051317  0.06854238  0.06046058  0.05416977  0.05998104  0.06906274  0.06795375  0.06004341  0.05336773  0.06058519  0.06742044  0.06052834  0.06796309  0.07835781  
0.07835781  0.06796309  0.06052834  0.06742044  0.06058519  0.05336773  0.06004341  0.06795375  0.06906274  0.05998104  0.05416977  0.06046058  0.06854238  0.06051317  0.06903072  0.07826349  
0.06808443  0.05998104  0.05264631  0.05956859  0.05264631  0.04711498  0.05223956  0.06004341  0.05998104  0.05298343  0.04711498  0.05342283  0.05956859  0.05342283  0.06004341  0.06916039  
0.06147966  0.05336773  0.04749342  0.05294939  0.04753245  0.04192105  0.04711498  0.05336773  0.05416977  0.04711498  0.04254163  0.04749342  0.05378957  0.04753245  0.05416977  0.06147966  
0.06861899  0.06051317  0.05306521  0.06009861  0.05306029  0.04753245  0.05264631  0.06058519  0.06046058  0.05342283  0.04749342  0.05393340  0.06004751  0.05390906  0.06052834  0.06978623  
0.07772618  0.06742044  0.06004751  0.06688642  0.06009861  0.05294939  0.05956859  0.06742044  0.06854238  0.05956859  0.05378957  0.06004751  0.06809291  0.06009861  0.06854238  0.07772618  
0.06861899  0.06046058  0.05306029  0.06004751  0.05306521  0.04749342  0.05264631  0.06052834  0.06051317  0.05342283  0.04753245  0.05390906  0.06009861  0.05393340  0.06058519  0.06978623  
0.07826349  0.06795375  0.06046058  0.06742044  0.06051317  0.05336773  0.05998104  0.06796309  0.06903072  0.06004341  0.05416977  0.06052834  0.06854238  0.06058519  0.06906274  0.07835781  
0.08873661  0.07826349  0.06861899  0.07772618  0.06861899  0.06147966  0.06808443  0.07835781  0.07826349  0.06916039  0.06147966  0.06978623  0.07772618  0.06978623  0.07835781  0.09038974  
