0.00000519  0.00000331  0.00000313  0.00000281  0.00000313  0.00000251  0.00000300  0.00000277  0.00000331  0.00000400  0.00000251  0.00000293  0.00000281  0.00000293  0.00000277  0.00000789  
0.00000331  0.00000267  0.00000293  0.00000214  0.00000294  0.00000259  0.00000341  0.00000295  0.00000396  0.00000303  0.00000280  0.00000357  0.00000328  0.00000267  0.00000390  0.00000277  
0.00000313  0.00000293  0.00000277  0.00000303  0.00000289  0.00000288  0.00000263  0.00000357  0.00000294  0.00000341  0.00000268  0.00000312  0.00000287  0.00000289  0.00000267  0.00000293  
0.00000281  0.00000214  0.00000303  0.00000390  0.00000287  0.00000273  0.00000330  0.00000214  0.00000328  0.00000330  0.00000353  0.00000303  0.00000535  0.00000287  0.00000328  0.00000281  
0.00000313  0.00000294  0.00000289  0.00000287  0.00000277  0.00000268  0.00000263  0.00000267  0.00000293  0.00000341  0.00000288  0.00000289  0.00000303  0.00000312  0.00000357  0.00000293  
0.00000251  0.00000259  0.00000288  0.00000273  0.00000268  0.00000346  0.00000191  0.00000259  0.00000280  0.00000191  0.00000490  0.00000288  0.00000353  0.00000268  0.00000280  0.00000251  
0.00000300  0.00000341  0.00000263  0.00000330  0.00000263  0.00000191  0.00000437  0.00000303  0.00000341  0.00000375  0.00000191  0.00000341  0.00000330  0.00000341  0.00000303  0.00000400  
0.00000277  0.00000295  0.00000357  0.00000214  0.00000267  0.00000259  0.00000303  0.00000267  0.00000390  0.00000341  0.00000280  0.00000293  0.00000328  0.00000294  0.00000396  0.00000331  
0.00000331  0.00000396  0.00000294  0.00000328  0.00000293  0.00000280  0.00000341  0.00000390  0.00000267  0.00000303  0.00000259  0.00000267  0.00000214  0.00000357  0.00000295  0.00000277  
0.00000400  0.00000303  0.00000341  0.00000330  0.00000341  0.00000191  0.00000375  0.00000341  0.00000303  0.00000437  0.00000191  0.00000263  0.00000330  0.00000263  0.00000341  0.00000300  
0.00000251  0.00000280  0.00000268  0.00000353  0.00000288  0.00000490  0.00000191  0.00000280  0.00000259  0.00000191  0.00000346  0.00000268  0.00000273  0.00000288  0.00000259  0.00000251  
0.00000293  0.00000357  0.00000312  0.00000303  0.00000289  0.00000288  0.00000341  0.00000293  0.00000267  0.00000263  0.00000268  0.00000277  0.00000287  0.00000289  0.00000294  0.00000313  
0.00000281  0.00000328  0.00000287  0.00000535  0.00000303  0.00000353  0.00000330  0.00000328  0.00000214  0.00000330  0.00000273  0.00000287  0.00000390  0.00000303  0.00000214  0.00000281  
0.00000293  0.00000267  0.00000289  0.00000287  0.00000312  0.00000268  0.00000341  0.00000294  0.00000357  0.00000263  0.00000288  0.00000289  0.00000303  0.00000277  0.00000293  0.00000313  
0.00000277  0.00000390  0.00000267  0.00000328  0.00000357  0.00000280  0.00000303  0.00000396  0.00000295  0.00000341  0.00000259  0.00000294  0.00000214  0.00000293  0.00000267  0.00000331  
0.00000789  0.00000277  0.00000293  0.00000281  0.00000293  0.00000251  0.00000400  0.00000331  0.00000277  0.00000300  0.00000251  0.00000313  0.00000281  0.00000313  0.00000331  0.00000519  
