0.00000498  0.00000422  0.00000499  0.00000260  0.00000422  0.00000230  0.00000260  0.00000418  
0.00000422  0.00000247  0.00000162  0.00000178  0.00000285  0.00000126  0.00000167  0.00000260  
0.00000499  0.00000162  0.00000191  0.00000126  0.00000162  0.00000130  0.00000126  0.00000230  
0.00000260  0.00000178  0.00000126  0.00000247  0.00000167  0.00000162  0.00000285  0.00000422  
0.00000422  0.00000285  0.00000162  0.00000167  0.00000247  0.00000126  0.00000178  0.00000260  
0.00000230  0.00000126  0.00000130  0.00000162  0.00000126  0.00000191  0.00000162  0.00000499  
0.00000260  0.00000167  0.00000126  0.00000285  0.00000178  0.00000162  0.00000247  0.00000422  
0.00000418  0.00000260  0.00000230  0.00000422  0.00000260  0.00000499  0.00000422  0.00000498  
