0.27317423  0.10691254  0.10691254  0.05203065  0.10691254  0.05203127  0.04349739  0.02897111  0.10691254  0.04349739  0.05203127  0.02897111  0.05203065  0.02897111  0.02897111  0.02751286  
0.10691254  0.04400976  0.04321434  0.02411264  0.04321499  0.02411346  0.01977544  0.01874044  0.04314064  0.02008384  0.02361272  0.01866998  0.02360262  0.01867819  0.01833017  0.02897111  
0.10691254  0.04321434  0.04400976  0.02411264  0.04314064  0.02361272  0.02008384  0.01866998  0.04321499  0.01977544  0.02411346  0.01874044  0.02360262  0.01833017  0.01867819  0.02897111  
0.05203065  0.02411264  0.02411264  0.01886591  0.02360262  0.01842964  0.01538029  0.02411264  0.02360262  0.01538029  0.01842964  0.02411264  0.01801908  0.02360262  0.02360262  0.05203065  
0.10691254  0.04321499  0.04314064  0.02360262  0.04400976  0.02411346  0.02008384  0.01867819  0.04321434  0.01977544  0.02361272  0.01833017  0.02411264  0.01874044  0.01866998  0.02897111  
0.05203127  0.02411346  0.02361272  0.01842964  0.02411346  0.01886454  0.01538242  0.02411346  0.02361272  0.01538242  0.01803099  0.02361272  0.01842964  0.02411346  0.02361272  0.05203127  
0.04349739  0.01977544  0.02008384  0.01538029  0.02008384  0.01538242  0.01305629  0.02008384  0.01977544  0.01265502  0.01538242  0.01977544  0.01538029  0.01977544  0.02008384  0.04349739  
0.02897111  0.01874044  0.01866998  0.02411264  0.01867819  0.02411346  0.02008384  0.04400976  0.01833017  0.01977544  0.02361272  0.04321434  0.02360262  0.04321499  0.04314064  0.10691254  
0.10691254  0.04314064  0.04321499  0.02360262  0.04321434  0.02361272  0.01977544  0.01833017  0.04400976  0.02008384  0.02411346  0.01867819  0.02411264  0.01866998  0.01874044  0.02897111  
0.04349739  0.02008384  0.01977544  0.01538029  0.01977544  0.01538242  0.01265502  0.01977544  0.02008384  0.01305629  0.01538242  0.02008384  0.01538029  0.02008384  0.01977544  0.04349739  
0.05203127  0.02361272  0.02411346  0.01842964  0.02361272  0.01803099  0.01538242  0.02361272  0.02411346  0.01538242  0.01886454  0.02411346  0.01842964  0.02361272  0.02411346  0.05203127  
0.02897111  0.01866998  0.01874044  0.02411264  0.01833017  0.02361272  0.01977544  0.04321434  0.01867819  0.02008384  0.02411346  0.04400976  0.02360262  0.04314064  0.04321499  0.10691254  
0.05203065  0.02360262  0.02360262  0.01801908  0.02411264  0.01842964  0.01538029  0.02360262  0.02411264  0.01538029  0.01842964  0.02360262  0.01886591  0.02411264  0.02411264  0.05203065  
0.02897111  0.01867819  0.01833017  0.02360262  0.01874044  0.02411346  0.01977544  0.04321499  0.01866998  0.02008384  0.02361272  0.04314064  0.02411264  0.04400976  0.04321434  0.10691254  
0.02897111  0.01833017  0.01867819  0.02360262  0.01866998  0.02361272  0.02008384  0.04314064  0.01874044  0.01977544  0.02411346  0.04321499  0.02411264  0.04321434  0.04400976  0.10691254  
0.02751286  0.02897111  0.02897111  0.05203065  0.02897111  0.05203127  0.04349739  0.10691254  0.02897111  0.04349739  0.05203127  0.10691254  0.05203065  0.10691254  0.10691254  0.27317423  
