0.00002471  0.00000887  0.00000887  0.00000900  0.00000887  0.00000769  0.00000877  0.00000591  0.00000887  0.00000877  0.00000769  0.00000591  0.00000900  0.00000591  0.00000591  0.00001089  
0.00000887  0.00000527  0.00000643  0.00000397  0.00000754  0.00000305  0.00000339  0.00000465  0.00000678  0.00000277  0.00000448  0.00000509  0.00000519  0.00000413  0.00000455  0.00000591  
0.00000887  0.00000643  0.00000527  0.00000397  0.00000678  0.00000448  0.00000277  0.00000509  0.00000754  0.00000339  0.00000305  0.00000465  0.00000519  0.00000455  0.00000413  0.00000591  
0.00000900  0.00000397  0.00000397  0.00000663  0.00000519  0.00000352  0.00000365  0.00000397  0.00000519  0.00000365  0.00000352  0.00000397  0.00000888  0.00000519  0.00000519  0.00000900  
0.00000887  0.00000754  0.00000678  0.00000519  0.00000527  0.00000305  0.00000277  0.00000413  0.00000643  0.00000339  0.00000448  0.00000455  0.00000397  0.00000465  0.00000509  0.00000591  
0.00000769  0.00000305  0.00000448  0.00000352  0.00000305  0.00000580  0.00000259  0.00000305  0.00000448  0.00000259  0.00000836  0.00000448  0.00000352  0.00000305  0.00000448  0.00000769  
0.00000877  0.00000339  0.00000277  0.00000365  0.00000277  0.00000259  0.00000569  0.00000277  0.00000339  0.00000486  0.00000259  0.00000339  0.00000365  0.00000339  0.00000277  0.00000877  
0.00000591  0.00000465  0.00000509  0.00000397  0.00000413  0.00000305  0.00000277  0.00000527  0.00000455  0.00000339  0.00000448  0.00000643  0.00000519  0.00000754  0.00000678  0.00000887  
0.00000887  0.00000678  0.00000754  0.00000519  0.00000643  0.00000448  0.00000339  0.00000455  0.00000527  0.00000277  0.00000305  0.00000413  0.00000397  0.00000509  0.00000465  0.00000591  
0.00000877  0.00000277  0.00000339  0.00000365  0.00000339  0.00000259  0.00000486  0.00000339  0.00000277  0.00000569  0.00000259  0.00000277  0.00000365  0.00000277  0.00000339  0.00000877  
0.00000769  0.00000448  0.00000305  0.00000352  0.00000448  0.00000836  0.00000259  0.00000448  0.00000305  0.00000259  0.00000580  0.00000305  0.00000352  0.00000448  0.00000305  0.00000769  
0.00000591  0.00000509  0.00000465  0.00000397  0.00000455  0.00000448  0.00000339  0.00000643  0.00000413  0.00000277  0.00000305  0.00000527  0.00000519  0.00000678  0.00000754  0.00000887  
0.00000900  0.00000519  0.00000519  0.00000888  0.00000397  0.00000352  0.00000365  0.00000519  0.00000397  0.00000365  0.00000352  0.00000519  0.00000663  0.00000397  0.00000397  0.00000900  
0.00000591  0.00000413  0.00000455  0.00000519  0.00000465  0.00000305  0.00000339  0.00000754  0.00000509  0.00000277  0.00000448  0.00000678  0.00000397  0.00000527  0.00000643  0.00000887  
0.00000591  0.00000455  0.00000413  0.00000519  0.00000509  0.00000448  0.00000277  0.00000678  0.00000465  0.00000339  0.00000305  0.00000754  0.00000397  0.00000643  0.00000527  0.00000887  
0.00001089  0.00000591  0.00000591  0.00000900  0.00000591  0.00000769  0.00000877  0.00000887  0.00000591  0.00000877  0.00000769  0.00000887  0.00000900  0.00000887  0.00000887  0.00002471  
