0.25109649  0.13672966  0.13672966  0.08837626  0.12656692  0.10456996  0.10456996  0.11013411  
0.13672966  0.08846048  0.08446164  0.06957541  0.07624341  0.07965940  0.07593980  0.10456996  
0.13672966  0.08446164  0.08846048  0.06957541  0.07624341  0.07593980  0.07965940  0.10456996  
0.08837626  0.06957541  0.06957541  0.07198255  0.05791764  0.07624341  0.07624341  0.12656692  
0.12656692  0.07624341  0.07624341  0.05791764  0.07198255  0.06957541  0.06957541  0.08837626  
0.10456996  0.07965940  0.07593980  0.07624341  0.06957541  0.08846048  0.08446164  0.13672966  
0.10456996  0.07593980  0.07965940  0.07624341  0.06957541  0.08446164  0.08846048  0.13672966  
0.11013411  0.10456996  0.10456996  0.12656692  0.08837626  0.13672966  0.13672966  0.25109649  
