0.00005652  0.00003340  0.00003340  0.00003468  0.00004101  0.00002239  0.00002239  0.00004744  
0.00003340  0.00002253  0.00003285  0.00002198  0.00002260  0.00002892  0.00002282  0.00002239  
0.00003340  0.00003285  0.00002253  0.00002198  0.00002260  0.00002282  0.00002892  0.00002239  
0.00003468  0.00002198  0.00002198  0.00003665  0.00003278  0.00002260  0.00002260  0.00004101  
0.00004101  0.00002260  0.00002260  0.00003278  0.00003665  0.00002198  0.00002198  0.00003468  
0.00002239  0.00002892  0.00002282  0.00002260  0.00002198  0.00002253  0.00003285  0.00003340  
0.00002239  0.00002282  0.00002892  0.00002260  0.00002198  0.00003285  0.00002253  0.00003340  
0.00004744  0.00002239  0.00002239  0.00004101  0.00003468  0.00003340  0.00003340  0.00005652  
