0.16500328  0.09222166  0.09222166  0.06600527  0.09222166  0.06600765  0.05509337  0.05282219  0.09222166  0.05509337  0.06600765  0.05282219  0.06600527  0.05282219  0.05282219  0.05917256  
0.09222166  0.05604683  0.05454363  0.04416807  0.05454393  0.04416890  0.03582648  0.04060297  0.05424495  0.03661260  0.04270806  0.04035051  0.04270093  0.04035275  0.03922730  0.05282219  
0.09222166  0.05454363  0.05604683  0.04416807  0.05424495  0.04270806  0.03661260  0.04035051  0.05454393  0.03582648  0.04416890  0.04060297  0.04270093  0.03922730  0.04035275  0.05282219  
0.06600527  0.04416807  0.04416807  0.04124572  0.04270093  0.03982456  0.03319103  0.04416807  0.04270093  0.03319103  0.03982456  0.04416807  0.03845325  0.04270093  0.04270093  0.06600527  
0.09222166  0.05454393  0.05424495  0.04270093  0.05604683  0.04416890  0.03661260  0.04035275  0.05454363  0.03582648  0.04270806  0.03922730  0.04416807  0.04060297  0.04035051  0.05282219  
0.06600765  0.04416890  0.04270806  0.03982456  0.04416890  0.04125790  0.03318889  0.04416890  0.04270806  0.03318889  0.03847025  0.04270806  0.03982456  0.04416890  0.04270806  0.06600765  
0.05509337  0.03582648  0.03661260  0.03319103  0.03661260  0.03318889  0.02830581  0.03661260  0.03582648  0.02707318  0.03318889  0.03582648  0.03319103  0.03582648  0.03661260  0.05509337  
0.05282219  0.04060297  0.04035051  0.04416807  0.04035275  0.04416890  0.03661260  0.05604683  0.03922730  0.03582648  0.04270806  0.05454363  0.04270093  0.05454393  0.05424495  0.09222166  
0.09222166  0.05424495  0.05454393  0.04270093  0.05454363  0.04270806  0.03582648  0.03922730  0.05604683  0.03661260  0.04416890  0.04035275  0.04416807  0.04035051  0.04060297  0.05282219  
0.05509337  0.03661260  0.03582648  0.03319103  0.03582648  0.03318889  0.02707318  0.03582648  0.03661260  0.02830581  0.03318889  0.03661260  0.03319103  0.03661260  0.03582648  0.05509337  
0.06600765  0.04270806  0.04416890  0.03982456  0.04270806  0.03847025  0.03318889  0.04270806  0.04416890  0.03318889  0.04125790  0.04416890  0.03982456  0.04270806  0.04416890  0.06600765  
0.05282219  0.04035051  0.04060297  0.04416807  0.03922730  0.04270806  0.03582648  0.05454363  0.04035275  0.03661260  0.04416890  0.05604683  0.04270093  0.05424495  0.05454393  0.09222166  
0.06600527  0.04270093  0.04270093  0.03845325  0.04416807  0.03982456  0.03319103  0.04270093  0.04416807  0.03319103  0.03982456  0.04270093  0.04124572  0.04416807  0.04416807  0.06600527  
0.05282219  0.04035275  0.03922730  0.04270093  0.04060297  0.04416890  0.03582648  0.05454393  0.04035051  0.03661260  0.04270806  0.05424495  0.04416807  0.05604683  0.05454363  0.09222166  
0.05282219  0.03922730  0.04035275  0.04270093  0.04035051  0.04270806  0.03661260  0.05424495  0.04060297  0.03582648  0.04416890  0.05454393  0.04416807  0.05454363  0.05604683  0.09222166  
0.05917256  0.05282219  0.05282219  0.06600527  0.05282219  0.06600765  0.05509337  0.09222166  0.05282219  0.05509337  0.06600765  0.09222166  0.06600527  0.09222166  0.09222166  0.16500328  
