0.00001623  0.00000627  0.00000627  0.00000709  0.00000627  0.00000833  0.00000697  0.00000422  0.00000627  0.00000697  0.00000833  0.00000422  0.00000709  0.00000422  0.00000422  0.00001324  
0.00000627  0.00000367  0.00000559  0.00000371  0.00000606  0.00000378  0.00000339  0.00000524  0.00000644  0.00000283  0.00000440  0.00000604  0.00000366  0.00000544  0.00000503  0.00000422  
0.00000627  0.00000559  0.00000367  0.00000371  0.00000644  0.00000440  0.00000283  0.00000604  0.00000606  0.00000339  0.00000378  0.00000524  0.00000366  0.00000503  0.00000544  0.00000422  
0.00000709  0.00000371  0.00000371  0.00000695  0.00000366  0.00000476  0.00000429  0.00000371  0.00000366  0.00000429  0.00000476  0.00000371  0.00000651  0.00000366  0.00000366  0.00000709  
0.00000627  0.00000606  0.00000644  0.00000366  0.00000367  0.00000378  0.00000283  0.00000544  0.00000559  0.00000339  0.00000440  0.00000503  0.00000371  0.00000524  0.00000604  0.00000422  
0.00000833  0.00000378  0.00000440  0.00000476  0.00000378  0.00000888  0.00000368  0.00000378  0.00000440  0.00000368  0.00000638  0.00000440  0.00000476  0.00000378  0.00000440  0.00000833  
0.00000697  0.00000339  0.00000283  0.00000429  0.00000283  0.00000368  0.00000651  0.00000283  0.00000339  0.00000639  0.00000368  0.00000339  0.00000429  0.00000339  0.00000283  0.00000697  
0.00000422  0.00000524  0.00000604  0.00000371  0.00000544  0.00000378  0.00000283  0.00000367  0.00000503  0.00000339  0.00000440  0.00000559  0.00000366  0.00000606  0.00000644  0.00000627  
0.00000627  0.00000644  0.00000606  0.00000366  0.00000559  0.00000440  0.00000339  0.00000503  0.00000367  0.00000283  0.00000378  0.00000544  0.00000371  0.00000604  0.00000524  0.00000422  
0.00000697  0.00000283  0.00000339  0.00000429  0.00000339  0.00000368  0.00000639  0.00000339  0.00000283  0.00000651  0.00000368  0.00000283  0.00000429  0.00000283  0.00000339  0.00000697  
0.00000833  0.00000440  0.00000378  0.00000476  0.00000440  0.00000638  0.00000368  0.00000440  0.00000378  0.00000368  0.00000888  0.00000378  0.00000476  0.00000440  0.00000378  0.00000833  
0.00000422  0.00000604  0.00000524  0.00000371  0.00000503  0.00000440  0.00000339  0.00000559  0.00000544  0.00000283  0.00000378  0.00000367  0.00000366  0.00000644  0.00000606  0.00000627  
0.00000709  0.00000366  0.00000366  0.00000651  0.00000371  0.00000476  0.00000429  0.00000366  0.00000371  0.00000429  0.00000476  0.00000366  0.00000695  0.00000371  0.00000371  0.00000709  
0.00000422  0.00000544  0.00000503  0.00000366  0.00000524  0.00000378  0.00000339  0.00000606  0.00000604  0.00000283  0.00000440  0.00000644  0.00000371  0.00000367  0.00000559  0.00000627  
0.00000422  0.00000503  0.00000544  0.00000366  0.00000604  0.00000440  0.00000283  0.00000644  0.00000524  0.00000339  0.00000378  0.00000606  0.00000371  0.00000559  0.00000367  0.00000627  
0.00001324  0.00000422  0.00000422  0.00000709  0.00000422  0.00000833  0.00000697  0.00000627  0.00000422  0.00000697  0.00000833  0.00000627  0.00000709  0.00000627  0.00000627  0.00001623  
