0.10204129  0.08360535  0.07200387  0.08238914  0.07200387  0.06067974  0.07078791  0.08334972  0.08360535  0.06882964  0.06067974  0.06979121  0.08238914  0.06979121  0.08334972  0.09857875  
0.08360535  0.07051509  0.05915711  0.06962368  0.05903988  0.05117316  0.05817769  0.07046029  0.06853649  0.05803452  0.04985716  0.05899108  0.06756099  0.05887623  0.06851636  0.08334972  
0.07200387  0.05915711  0.05085999  0.05830796  0.05082737  0.04293371  0.04997935  0.05899108  0.05903988  0.04871491  0.04285813  0.04941153  0.05818177  0.04940275  0.05887623  0.06979121  
0.08238914  0.06962368  0.05830796  0.06882815  0.05818177  0.05055602  0.05734932  0.06962368  0.06756099  0.05734932  0.04915767  0.05830796  0.06661251  0.05818177  0.06756099  0.08238914  
0.07200387  0.05903988  0.05082737  0.05818177  0.05085999  0.04285813  0.04997935  0.05887623  0.05915711  0.04871491  0.04293371  0.04940275  0.05830796  0.04941153  0.05899108  0.06979121  
0.06067974  0.05117316  0.04293371  0.05055602  0.04285813  0.03719754  0.04223791  0.05117316  0.04985716  0.04223791  0.03627089  0.04293371  0.04915767  0.04285813  0.04985716  0.06067974  
0.07078791  0.05817769  0.04997935  0.05734932  0.04997935  0.04223791  0.04918284  0.05803452  0.05817769  0.04804039  0.04223791  0.04871491  0.05734932  0.04871491  0.05803452  0.06882964  
0.08334972  0.07046029  0.05899108  0.06962368  0.05887623  0.05117316  0.05803452  0.07051509  0.06851636  0.05817769  0.04985716  0.05915711  0.06756099  0.05903988  0.06853649  0.08360535  
0.08360535  0.06853649  0.05903988  0.06756099  0.05915711  0.04985716  0.05817769  0.06851636  0.07051509  0.05803452  0.05117316  0.05887623  0.06962368  0.05899108  0.07046029  0.08334972  
0.06882964  0.05803452  0.04871491  0.05734932  0.04871491  0.04223791  0.04804039  0.05817769  0.05803452  0.04918284  0.04223791  0.04997935  0.05734932  0.04997935  0.05817769  0.07078791  
0.06067974  0.04985716  0.04285813  0.04915767  0.04293371  0.03627089  0.04223791  0.04985716  0.05117316  0.04223791  0.03719754  0.04285813  0.05055602  0.04293371  0.05117316  0.06067974  
0.06979121  0.05899108  0.04941153  0.05830796  0.04940275  0.04293371  0.04871491  0.05915711  0.05887623  0.04997935  0.04285813  0.05085999  0.05818177  0.05082737  0.05903988  0.07200387  
0.08238914  0.06756099  0.05818177  0.06661251  0.05830796  0.04915767  0.05734932  0.06756099  0.06962368  0.05734932  0.05055602  0.05818177  0.06882815  0.05830796  0.06962368  0.08238914  
0.06979121  0.05887623  0.04940275  0.05818177  0.04941153  0.04285813  0.04871491  0.05903988  0.05899108  0.04997935  0.04293371  0.05082737  0.05830796  0.05085999  0.05915711  0.07200387  
0.08334972  0.06851636  0.05887623  0.06756099  0.05899108  0.04985716  0.05803452  0.06853649  0.07046029  0.05817769  0.05117316  0.05903988  0.06962368  0.05915711  0.07051509  0.08360535  
0.09857875  0.08334972  0.06979121  0.08238914  0.06979121  0.06067974  0.06882964  0.08360535  0.08334972  0.07078791  0.06067974  0.07200387  0.08238914  0.07200387  0.08360535  0.10204129  
