0.00000536  0.00000362  0.00000250  0.00000279  0.00000250  0.00000274  0.00000361  0.00000330  0.00000362  0.00000407  0.00000274  0.00000287  0.00000279  0.00000287  0.00000330  0.00000834  
0.00000362  0.00000294  0.00000293  0.00000283  0.00000274  0.00000320  0.00000273  0.00000338  0.00000403  0.00000299  0.00000301  0.00000267  0.00000287  0.00000237  0.00000445  0.00000330  
0.00000250  0.00000293  0.00000278  0.00000226  0.00000254  0.00000212  0.00000244  0.00000267  0.00000274  0.00000295  0.00000252  0.00000241  0.00000266  0.00000271  0.00000237  0.00000287  
0.00000279  0.00000283  0.00000226  0.00000554  0.00000266  0.00000302  0.00000241  0.00000283  0.00000287  0.00000241  0.00000318  0.00000226  0.00000533  0.00000266  0.00000287  0.00000279  
0.00000250  0.00000274  0.00000254  0.00000266  0.00000278  0.00000252  0.00000244  0.00000237  0.00000293  0.00000295  0.00000212  0.00000271  0.00000226  0.00000241  0.00000267  0.00000287  
0.00000274  0.00000320  0.00000212  0.00000302  0.00000252  0.00000377  0.00000200  0.00000320  0.00000301  0.00000200  0.00000316  0.00000212  0.00000318  0.00000252  0.00000301  0.00000274  
0.00000361  0.00000273  0.00000244  0.00000241  0.00000244  0.00000200  0.00000445  0.00000299  0.00000273  0.00000414  0.00000200  0.00000295  0.00000241  0.00000295  0.00000299  0.00000407  
0.00000330  0.00000338  0.00000267  0.00000283  0.00000237  0.00000320  0.00000299  0.00000294  0.00000445  0.00000273  0.00000301  0.00000293  0.00000287  0.00000274  0.00000403  0.00000362  
0.00000362  0.00000403  0.00000274  0.00000287  0.00000293  0.00000301  0.00000273  0.00000445  0.00000294  0.00000299  0.00000320  0.00000237  0.00000283  0.00000267  0.00000338  0.00000330  
0.00000407  0.00000299  0.00000295  0.00000241  0.00000295  0.00000200  0.00000414  0.00000273  0.00000299  0.00000445  0.00000200  0.00000244  0.00000241  0.00000244  0.00000273  0.00000361  
0.00000274  0.00000301  0.00000252  0.00000318  0.00000212  0.00000316  0.00000200  0.00000301  0.00000320  0.00000200  0.00000377  0.00000252  0.00000302  0.00000212  0.00000320  0.00000274  
0.00000287  0.00000267  0.00000241  0.00000226  0.00000271  0.00000212  0.00000295  0.00000293  0.00000237  0.00000244  0.00000252  0.00000278  0.00000266  0.00000254  0.00000274  0.00000250  
0.00000279  0.00000287  0.00000266  0.00000533  0.00000226  0.00000318  0.00000241  0.00000287  0.00000283  0.00000241  0.00000302  0.00000266  0.00000554  0.00000226  0.00000283  0.00000279  
0.00000287  0.00000237  0.00000271  0.00000266  0.00000241  0.00000252  0.00000295  0.00000274  0.00000267  0.00000244  0.00000212  0.00000254  0.00000226  0.00000278  0.00000293  0.00000250  
0.00000330  0.00000445  0.00000237  0.00000287  0.00000267  0.00000301  0.00000299  0.00000403  0.00000338  0.00000273  0.00000320  0.00000274  0.00000283  0.00000293  0.00000294  0.00000362  
0.00000834  0.00000330  0.00000287  0.00000279  0.00000287  0.00000274  0.00000407  0.00000362  0.00000330  0.00000361  0.00000274  0.00000250  0.00000279  0.00000250  0.00000362  0.00000536  
