0.14338151  0.13152029  0.13152029  0.12228098  0.12449304  0.12996692  0.12996692  0.13751604  
0.13152029  0.12329821  0.12127950  0.11518947  0.11461067  0.12222773  0.12024816  0.12996692  
0.13152029  0.12127950  0.12329821  0.11518947  0.11461067  0.12024816  0.12222773  0.12996692  
0.12228098  0.11518947  0.11518947  0.11002206  0.10688690  0.11461067  0.11461067  0.12449304  
0.12449304  0.11461067  0.11461067  0.10688690  0.11002206  0.11518947  0.11518947  0.12228098  
0.12996692  0.12222773  0.12024816  0.11461067  0.11518947  0.12329821  0.12127950  0.13152029  
0.12996692  0.12024816  0.12222773  0.11461067  0.11518947  0.12127950  0.12329821  0.13152029  
0.13751604  0.12996692  0.12996692  0.12449304  0.12228098  0.13152029  0.13152029  0.14338151  
