0.00001395  0.00000836  0.00000836  0.00001040  0.00000921  0.00000822  0.00000822  0.00001358  
0.00000836  0.00000825  0.00001073  0.00000685  0.00000671  0.00000759  0.00001016  0.00000822  
0.00000836  0.00001073  0.00000825  0.00000685  0.00000671  0.00001016  0.00000759  0.00000822  
0.00001040  0.00000685  0.00000685  0.00000971  0.00001084  0.00000671  0.00000671  0.00000921  
0.00000921  0.00000671  0.00000671  0.00001084  0.00000971  0.00000685  0.00000685  0.00001040  
0.00000822  0.00000759  0.00001016  0.00000671  0.00000685  0.00000825  0.00001073  0.00000836  
0.00000822  0.00001016  0.00000759  0.00000671  0.00000685  0.00001073  0.00000825  0.00000836  
0.00001358  0.00000822  0.00000822  0.00000921  0.00001040  0.00000836  0.00000836  0.00001395  
