0.14115796  0.09649716  0.07734793  0.09216877  0.07734793  0.05710675  0.07303055  0.09466673  0.09649716  0.06737440  0.05710675  0.06993302  0.09216877  0.06993302  0.09466673  0.12537184  
0.09649716  0.07158911  0.05350453  0.06919040  0.05306487  0.04250209  0.05072708  0.07131500  0.06612806  0.05006428  0.03959521  0.05264321  0.06337991  0.05220004  0.06591758  0.09466673  
0.07734793  0.05350453  0.04253873  0.05121390  0.04244551  0.03170285  0.04014751  0.05264321  0.05306487  0.03746891  0.03145815  0.03898405  0.05073003  0.03894154  0.05220004  0.06993302  
0.09216877  0.06919040  0.05121390  0.06715694  0.05073003  0.04115498  0.04859962  0.06919040  0.06337991  0.04859962  0.03802549  0.05121390  0.06080748  0.05073003  0.06337991  0.09216877  
0.07734793  0.05306487  0.04244551  0.05073003  0.04253873  0.03145815  0.04014751  0.05220004  0.05350453  0.03746891  0.03170285  0.03894154  0.05121390  0.03898405  0.05264321  0.06993302  
0.05710675  0.04250209  0.03170285  0.04115498  0.03145815  0.02535196  0.03010825  0.04250209  0.03959521  0.03010825  0.02375169  0.03170285  0.03802549  0.03145815  0.03959521  0.05710675  
0.07303055  0.05072708  0.04014751  0.04859962  0.04014751  0.03010825  0.03807746  0.05006428  0.05072708  0.03597904  0.03010825  0.03746891  0.04859962  0.03746891  0.05006428  0.06737440  
0.09466673  0.07131500  0.05264321  0.06919040  0.05220004  0.04250209  0.05006428  0.07158911  0.06591758  0.05072708  0.03959521  0.05350453  0.06337991  0.05306487  0.06612806  0.09649716  
0.09649716  0.06612806  0.05306487  0.06337991  0.05350453  0.03959521  0.05072708  0.06591758  0.07158911  0.05006428  0.04250209  0.05220004  0.06919040  0.05264321  0.07131500  0.09466673  
0.06737440  0.05006428  0.03746891  0.04859962  0.03746891  0.03010825  0.03597904  0.05072708  0.05006428  0.03807746  0.03010825  0.04014751  0.04859962  0.04014751  0.05072708  0.07303055  
0.05710675  0.03959521  0.03145815  0.03802549  0.03170285  0.02375169  0.03010825  0.03959521  0.04250209  0.03010825  0.02535196  0.03145815  0.04115498  0.03170285  0.04250209  0.05710675  
0.06993302  0.05264321  0.03898405  0.05121390  0.03894154  0.03170285  0.03746891  0.05350453  0.05220004  0.04014751  0.03145815  0.04253873  0.05073003  0.04244551  0.05306487  0.07734793  
0.09216877  0.06337991  0.05073003  0.06080748  0.05121390  0.03802549  0.04859962  0.06337991  0.06919040  0.04859962  0.04115498  0.05073003  0.06715694  0.05121390  0.06919040  0.09216877  
0.06993302  0.05220004  0.03894154  0.05073003  0.03898405  0.03145815  0.03746891  0.05306487  0.05264321  0.04014751  0.03170285  0.04244551  0.05121390  0.04253873  0.05350453  0.07734793  
0.09466673  0.06591758  0.05220004  0.06337991  0.05264321  0.03959521  0.05006428  0.06612806  0.07131500  0.05072708  0.04250209  0.05306487  0.06919040  0.05350453  0.07158911  0.09649716  
0.12537184  0.09466673  0.06993302  0.09216877  0.06993302  0.05710675  0.06737440  0.09649716  0.09466673  0.07303055  0.05710675  0.07734793  0.09216877  0.07734793  0.09649716  0.14115796  
