0.00001383  0.00000864  0.00000656  0.00000733  0.00000656  0.00000766  0.00000972  0.00000900  0.00000864  0.00000911  0.00000766  0.00000618  0.00000733  0.00000618  0.00000900  0.00002031  
0.00000864  0.00000665  0.00000552  0.00000583  0.00000475  0.00000377  0.00000511  0.00000681  0.00001033  0.00000581  0.00000465  0.00000506  0.00000580  0.00000513  0.00000886  0.00000900  
0.00000656  0.00000552  0.00000461  0.00000620  0.00000721  0.00000476  0.00000514  0.00000506  0.00000475  0.00000431  0.00000437  0.00000682  0.00000567  0.00000508  0.00000513  0.00000618  
0.00000733  0.00000583  0.00000620  0.00001043  0.00000567  0.00000566  0.00000528  0.00000583  0.00000580  0.00000528  0.00000508  0.00000620  0.00001353  0.00000567  0.00000580  0.00000733  
0.00000656  0.00000475  0.00000721  0.00000567  0.00000461  0.00000437  0.00000514  0.00000513  0.00000552  0.00000431  0.00000476  0.00000508  0.00000620  0.00000682  0.00000506  0.00000618  
0.00000766  0.00000377  0.00000476  0.00000566  0.00000437  0.00000571  0.00000427  0.00000377  0.00000465  0.00000427  0.00000674  0.00000476  0.00000508  0.00000437  0.00000465  0.00000766  
0.00000972  0.00000511  0.00000514  0.00000528  0.00000514  0.00000427  0.00000625  0.00000581  0.00000511  0.00000814  0.00000427  0.00000431  0.00000528  0.00000431  0.00000581  0.00000911  
0.00000900  0.00000681  0.00000506  0.00000583  0.00000513  0.00000377  0.00000581  0.00000665  0.00000886  0.00000511  0.00000465  0.00000552  0.00000580  0.00000475  0.00001033  0.00000864  
0.00000864  0.00001033  0.00000475  0.00000580  0.00000552  0.00000465  0.00000511  0.00000886  0.00000665  0.00000581  0.00000377  0.00000513  0.00000583  0.00000506  0.00000681  0.00000900  
0.00000911  0.00000581  0.00000431  0.00000528  0.00000431  0.00000427  0.00000814  0.00000511  0.00000581  0.00000625  0.00000427  0.00000514  0.00000528  0.00000514  0.00000511  0.00000972  
0.00000766  0.00000465  0.00000437  0.00000508  0.00000476  0.00000674  0.00000427  0.00000465  0.00000377  0.00000427  0.00000571  0.00000437  0.00000566  0.00000476  0.00000377  0.00000766  
0.00000618  0.00000506  0.00000682  0.00000620  0.00000508  0.00000476  0.00000431  0.00000552  0.00000513  0.00000514  0.00000437  0.00000461  0.00000567  0.00000721  0.00000475  0.00000656  
0.00000733  0.00000580  0.00000567  0.00001353  0.00000620  0.00000508  0.00000528  0.00000580  0.00000583  0.00000528  0.00000566  0.00000567  0.00001043  0.00000620  0.00000583  0.00000733  
0.00000618  0.00000513  0.00000508  0.00000567  0.00000682  0.00000437  0.00000431  0.00000475  0.00000506  0.00000514  0.00000476  0.00000721  0.00000620  0.00000461  0.00000552  0.00000656  
0.00000900  0.00000886  0.00000513  0.00000580  0.00000506  0.00000465  0.00000581  0.00001033  0.00000681  0.00000511  0.00000377  0.00000475  0.00000583  0.00000552  0.00000665  0.00000864  
0.00002031  0.00000900  0.00000618  0.00000733  0.00000618  0.00000766  0.00000911  0.00000864  0.00000900  0.00000972  0.00000766  0.00000656  0.00000733  0.00000656  0.00000864  0.00001383  
