0.00001642  0.00000744  0.00000873  0.00000899  0.00000873  0.00000573  0.00001014  0.00000953  0.00000744  0.00000808  0.00000573  0.00000676  0.00000899  0.00000676  0.00000953  0.00001972  
0.00000744  0.00000721  0.00000447  0.00000592  0.00000520  0.00000472  0.00000427  0.00000842  0.00000988  0.00000507  0.00000409  0.00000559  0.00000625  0.00000497  0.00000785  0.00000953  
0.00000873  0.00000447  0.00000525  0.00000452  0.00000576  0.00000392  0.00000355  0.00000559  0.00000520  0.00000379  0.00000279  0.00000404  0.00000655  0.00000493  0.00000497  0.00000676  
0.00000899  0.00000592  0.00000452  0.00001004  0.00000655  0.00000541  0.00000491  0.00000592  0.00000625  0.00000491  0.00000579  0.00000452  0.00001000  0.00000655  0.00000625  0.00000899  
0.00000873  0.00000520  0.00000576  0.00000655  0.00000525  0.00000279  0.00000355  0.00000497  0.00000447  0.00000379  0.00000392  0.00000493  0.00000452  0.00000404  0.00000559  0.00000676  
0.00000573  0.00000472  0.00000392  0.00000541  0.00000279  0.00000438  0.00000371  0.00000472  0.00000409  0.00000371  0.00000501  0.00000392  0.00000579  0.00000279  0.00000409  0.00000573  
0.00001014  0.00000427  0.00000355  0.00000491  0.00000355  0.00000371  0.00000759  0.00000507  0.00000427  0.00000583  0.00000371  0.00000379  0.00000491  0.00000379  0.00000507  0.00000808  
0.00000953  0.00000842  0.00000559  0.00000592  0.00000497  0.00000472  0.00000507  0.00000721  0.00000785  0.00000427  0.00000409  0.00000447  0.00000625  0.00000520  0.00000988  0.00000744  
0.00000744  0.00000988  0.00000520  0.00000625  0.00000447  0.00000409  0.00000427  0.00000785  0.00000721  0.00000507  0.00000472  0.00000497  0.00000592  0.00000559  0.00000842  0.00000953  
0.00000808  0.00000507  0.00000379  0.00000491  0.00000379  0.00000371  0.00000583  0.00000427  0.00000507  0.00000759  0.00000371  0.00000355  0.00000491  0.00000355  0.00000427  0.00001014  
0.00000573  0.00000409  0.00000279  0.00000579  0.00000392  0.00000501  0.00000371  0.00000409  0.00000472  0.00000371  0.00000438  0.00000279  0.00000541  0.00000392  0.00000472  0.00000573  
0.00000676  0.00000559  0.00000404  0.00000452  0.00000493  0.00000392  0.00000379  0.00000447  0.00000497  0.00000355  0.00000279  0.00000525  0.00000655  0.00000576  0.00000520  0.00000873  
0.00000899  0.00000625  0.00000655  0.00001000  0.00000452  0.00000579  0.00000491  0.00000625  0.00000592  0.00000491  0.00000541  0.00000655  0.00001004  0.00000452  0.00000592  0.00000899  
0.00000676  0.00000497  0.00000493  0.00000655  0.00000404  0.00000279  0.00000379  0.00000520  0.00000559  0.00000355  0.00000392  0.00000576  0.00000452  0.00000525  0.00000447  0.00000873  
0.00000953  0.00000785  0.00000497  0.00000625  0.00000559  0.00000409  0.00000507  0.00000988  0.00000842  0.00000427  0.00000472  0.00000520  0.00000592  0.00000447  0.00000721  0.00000744  
0.00001972  0.00000953  0.00000676  0.00000899  0.00000676  0.00000573  0.00000808  0.00000744  0.00000953  0.00001014  0.00000573  0.00000873  0.00000899  0.00000873  0.00000744  0.00001642  
