0.00002066  0.00001476  0.00001476  0.00001065  0.00001848  0.00001566  0.00001566  0.00002114  
0.00001476  0.00001103  0.00001786  0.00000933  0.00001268  0.00001209  0.00001495  0.00001566  
0.00001476  0.00001786  0.00001103  0.00000933  0.00001268  0.00001495  0.00001209  0.00001566  
0.00001065  0.00000933  0.00000933  0.00001266  0.00001794  0.00001268  0.00001268  0.00001848  
0.00001848  0.00001268  0.00001268  0.00001794  0.00001266  0.00000933  0.00000933  0.00001065  
0.00001566  0.00001209  0.00001495  0.00001268  0.00000933  0.00001103  0.00001786  0.00001476  
0.00001566  0.00001495  0.00001209  0.00001268  0.00000933  0.00001786  0.00001103  0.00001476  
0.00002114  0.00001566  0.00001566  0.00001848  0.00001065  0.00001476  0.00001476  0.00002066  
