0.13353357  0.12859064  0.12859064  0.12429789  0.12481648  0.12828710  0.12828710  0.13227569  
0.12859064  0.12460173  0.12404650  0.12048905  0.12033080  0.12430162  0.12380132  0.12828710  
0.12859064  0.12404650  0.12460173  0.12048905  0.12033080  0.12380132  0.12430162  0.12828710  
0.12429789  0.12048905  0.12048905  0.11726297  0.11634647  0.12033080  0.12033080  0.12481648  
0.12481648  0.12033080  0.12033080  0.11634647  0.11726297  0.12048905  0.12048905  0.12429789  
0.12828710  0.12430162  0.12380132  0.12033080  0.12048905  0.12460173  0.12404650  0.12859064  
0.12828710  0.12380132  0.12430162  0.12033080  0.12048905  0.12404650  0.12460173  0.12859064  
0.13227569  0.12828710  0.12828710  0.12481648  0.12429789  0.12859064  0.12859064  0.13353357  
