0.00001359  0.00000969  0.00000969  0.00001869  0.00001302  0.00001394  0.00001394  0.00002701  
0.00000969  0.00000771  0.00001420  0.00001247  0.00001366  0.00001441  0.00001826  0.00001394  
0.00000969  0.00001420  0.00000771  0.00001247  0.00001366  0.00001826  0.00001441  0.00001394  
0.00001869  0.00001247  0.00001247  0.00001652  0.00002222  0.00001366  0.00001366  0.00001302  
0.00001302  0.00001366  0.00001366  0.00002222  0.00001652  0.00001247  0.00001247  0.00001869  
0.00001394  0.00001441  0.00001826  0.00001366  0.00001247  0.00000771  0.00001420  0.00000969  
0.00001394  0.00001826  0.00001441  0.00001366  0.00001247  0.00001420  0.00000771  0.00000969  
0.00002701  0.00001394  0.00001394  0.00001302  0.00001869  0.00000969  0.00000969  0.00001359  
