0.06984449  0.06586948  0.06586948  0.06570039  0.06586948  0.06570122  0.06226826  0.06565092  0.06586948  0.06226826  0.06570122  0.06565092  0.06570039  0.06565092  0.06565092  0.06932972  
0.06586948  0.06240332  0.06220100  0.06220756  0.06217764  0.06220448  0.05879860  0.06217320  0.06217298  0.05894293  0.06203578  0.06216409  0.06202700  0.06215320  0.06199413  0.06565092  
0.06586948  0.06220100  0.06240332  0.06220756  0.06217298  0.06203578  0.05894293  0.06216409  0.06217764  0.05879860  0.06220448  0.06217320  0.06202700  0.06199413  0.06215320  0.06565092  
0.06570039  0.06220756  0.06220756  0.06229076  0.06202700  0.06205997  0.05882326  0.06220756  0.06202700  0.05882326  0.06205997  0.06220756  0.06189462  0.06202700  0.06202700  0.06570039  
0.06586948  0.06217764  0.06217298  0.06202700  0.06240332  0.06220448  0.05894293  0.06215320  0.06220100  0.05879860  0.06203578  0.06199413  0.06220756  0.06217320  0.06216409  0.06565092  
0.06570122  0.06220448  0.06203578  0.06205997  0.06220448  0.06230316  0.05881458  0.06220448  0.06203578  0.05881458  0.06190909  0.06203578  0.06205997  0.06220448  0.06203578  0.06570122  
0.06226826  0.05879860  0.05894293  0.05882326  0.05894293  0.05881458  0.05594831  0.05894293  0.05879860  0.05562261  0.05881458  0.05879860  0.05882326  0.05879860  0.05894293  0.06226826  
0.06565092  0.06217320  0.06216409  0.06220756  0.06215320  0.06220448  0.05894293  0.06240332  0.06199413  0.05879860  0.06203578  0.06220100  0.06202700  0.06217764  0.06217298  0.06586948  
0.06586948  0.06217298  0.06217764  0.06202700  0.06220100  0.06203578  0.05879860  0.06199413  0.06240332  0.05894293  0.06220448  0.06215320  0.06220756  0.06216409  0.06217320  0.06565092  
0.06226826  0.05894293  0.05879860  0.05882326  0.05879860  0.05881458  0.05562261  0.05879860  0.05894293  0.05594831  0.05881458  0.05894293  0.05882326  0.05894293  0.05879860  0.06226826  
0.06570122  0.06203578  0.06220448  0.06205997  0.06203578  0.06190909  0.05881458  0.06203578  0.06220448  0.05881458  0.06230316  0.06220448  0.06205997  0.06203578  0.06220448  0.06570122  
0.06565092  0.06216409  0.06217320  0.06220756  0.06199413  0.06203578  0.05879860  0.06220100  0.06215320  0.05894293  0.06220448  0.06240332  0.06202700  0.06217298  0.06217764  0.06586948  
0.06570039  0.06202700  0.06202700  0.06189462  0.06220756  0.06205997  0.05882326  0.06202700  0.06220756  0.05882326  0.06205997  0.06202700  0.06229076  0.06220756  0.06220756  0.06570039  
0.06565092  0.06215320  0.06199413  0.06202700  0.06217320  0.06220448  0.05879860  0.06217764  0.06216409  0.05894293  0.06203578  0.06217298  0.06220756  0.06240332  0.06220100  0.06586948  
0.06565092  0.06199413  0.06215320  0.06202700  0.06216409  0.06203578  0.05894293  0.06217298  0.06217320  0.05879860  0.06220448  0.06217764  0.06220756  0.06220100  0.06240332  0.06586948  
0.06932972  0.06565092  0.06565092  0.06570039  0.06565092  0.06570122  0.06226826  0.06586948  0.06565092  0.06226826  0.06570122  0.06586948  0.06570039  0.06586948  0.06586948  0.06984449  
