0.00001221  0.00000434  0.00000434  0.00000605  0.00000434  0.00000544  0.00000648  0.00000584  0.00000434  0.00000648  0.00000544  0.00000584  0.00000605  0.00000584  0.00000584  0.00001090  
0.00000434  0.00000447  0.00000718  0.00000509  0.00000502  0.00000391  0.00000542  0.00000655  0.00000632  0.00000457  0.00000684  0.00000736  0.00000572  0.00000721  0.00000779  0.00000584  
0.00000434  0.00000718  0.00000447  0.00000509  0.00000632  0.00000684  0.00000457  0.00000736  0.00000502  0.00000542  0.00000391  0.00000655  0.00000572  0.00000779  0.00000721  0.00000584  
0.00000605  0.00000509  0.00000509  0.00001248  0.00000572  0.00000547  0.00000603  0.00000509  0.00000572  0.00000603  0.00000547  0.00000509  0.00001156  0.00000572  0.00000572  0.00000605  
0.00000434  0.00000502  0.00000632  0.00000572  0.00000447  0.00000391  0.00000457  0.00000721  0.00000718  0.00000542  0.00000684  0.00000779  0.00000509  0.00000655  0.00000736  0.00000584  
0.00000544  0.00000391  0.00000684  0.00000547  0.00000391  0.00001387  0.00000627  0.00000391  0.00000684  0.00000627  0.00001312  0.00000684  0.00000547  0.00000391  0.00000684  0.00000544  
0.00000648  0.00000542  0.00000457  0.00000603  0.00000457  0.00000627  0.00001072  0.00000457  0.00000542  0.00000944  0.00000627  0.00000542  0.00000603  0.00000542  0.00000457  0.00000648  
0.00000584  0.00000655  0.00000736  0.00000509  0.00000721  0.00000391  0.00000457  0.00000447  0.00000779  0.00000542  0.00000684  0.00000718  0.00000572  0.00000502  0.00000632  0.00000434  
0.00000434  0.00000632  0.00000502  0.00000572  0.00000718  0.00000684  0.00000542  0.00000779  0.00000447  0.00000457  0.00000391  0.00000721  0.00000509  0.00000736  0.00000655  0.00000584  
0.00000648  0.00000457  0.00000542  0.00000603  0.00000542  0.00000627  0.00000944  0.00000542  0.00000457  0.00001072  0.00000627  0.00000457  0.00000603  0.00000457  0.00000542  0.00000648  
0.00000544  0.00000684  0.00000391  0.00000547  0.00000684  0.00001312  0.00000627  0.00000684  0.00000391  0.00000627  0.00001387  0.00000391  0.00000547  0.00000684  0.00000391  0.00000544  
0.00000584  0.00000736  0.00000655  0.00000509  0.00000779  0.00000684  0.00000542  0.00000718  0.00000721  0.00000457  0.00000391  0.00000447  0.00000572  0.00000632  0.00000502  0.00000434  
0.00000605  0.00000572  0.00000572  0.00001156  0.00000509  0.00000547  0.00000603  0.00000572  0.00000509  0.00000603  0.00000547  0.00000572  0.00001248  0.00000509  0.00000509  0.00000605  
0.00000584  0.00000721  0.00000779  0.00000572  0.00000655  0.00000391  0.00000542  0.00000502  0.00000736  0.00000457  0.00000684  0.00000632  0.00000509  0.00000447  0.00000718  0.00000434  
0.00000584  0.00000779  0.00000721  0.00000572  0.00000736  0.00000684  0.00000457  0.00000632  0.00000655  0.00000542  0.00000391  0.00000502  0.00000509  0.00000718  0.00000447  0.00000434  
0.00001090  0.00000584  0.00000584  0.00000605  0.00000584  0.00000544  0.00000648  0.00000434  0.00000584  0.00000648  0.00000544  0.00000434  0.00000605  0.00000434  0.00000434  0.00001221  
