0.49620830  0.02493825  0.02487273  0.00251827  0.02493825  0.00127264  0.00251827  0.00063076  
0.02493825  0.00126977  0.00125612  0.00025238  0.00126654  0.00018880  0.00025151  0.00251827  
0.02487273  0.00125612  0.00125216  0.00018880  0.00125612  0.00012600  0.00018880  0.00127264  
0.00251827  0.00025238  0.00018880  0.00126977  0.00025151  0.00125612  0.00126654  0.02493825  
0.02493825  0.00126654  0.00125612  0.00025151  0.00126977  0.00018880  0.00025238  0.00251827  
0.00127264  0.00018880  0.00012600  0.00125612  0.00018880  0.00125216  0.00125612  0.02487273  
0.00251827  0.00025151  0.00018880  0.00126654  0.00025238  0.00125612  0.00126977  0.02493825  
0.00063076  0.00251827  0.00127264  0.02493825  0.00251827  0.02487273  0.02493825  0.49620830  
