0.10003946  0.07622174  0.07622174  0.07106682  0.07622174  0.07106878  0.05999229  0.06857382  0.07622174  0.05999229  0.07106878  0.06857382  0.07106682  0.06857382  0.06857382  0.08115302  
0.07622174  0.06085139  0.05926014  0.05792596  0.05925422  0.05793113  0.04762431  0.05710389  0.05888221  0.04856584  0.05605614  0.05672842  0.05604873  0.05673173  0.05525167  0.06857382  
0.07622174  0.05926014  0.06085139  0.05792596  0.05888221  0.05605614  0.04856584  0.05672842  0.05925422  0.04762431  0.05793113  0.05710389  0.05604873  0.05525167  0.05673173  0.06857382  
0.07106682  0.05792596  0.05792596  0.05793153  0.05604873  0.05600438  0.04725708  0.05792596  0.05604873  0.04725708  0.05600438  0.05792596  0.05417466  0.05604873  0.05604873  0.07106682  
0.07622174  0.05925422  0.05888221  0.05604873  0.06085139  0.05793113  0.04856584  0.05673173  0.05926014  0.04762431  0.05605614  0.05525167  0.05792596  0.05710389  0.05672842  0.06857382  
0.07106878  0.05793113  0.05605614  0.05600438  0.05793113  0.05792081  0.04726323  0.05793113  0.05605614  0.04726323  0.05418468  0.05605614  0.05600438  0.05793113  0.05605614  0.07106878  
0.05999229  0.04762431  0.04856584  0.04725708  0.04856584  0.04726323  0.04070264  0.04856584  0.04762431  0.03911570  0.04726323  0.04762431  0.04725708  0.04762431  0.04856584  0.05999229  
0.06857382  0.05710389  0.05672842  0.05792596  0.05673173  0.05793113  0.04856584  0.06085139  0.05525167  0.04762431  0.05605614  0.05926014  0.05604873  0.05925422  0.05888221  0.07622174  
0.07622174  0.05888221  0.05925422  0.05604873  0.05926014  0.05605614  0.04762431  0.05525167  0.06085139  0.04856584  0.05793113  0.05673173  0.05792596  0.05672842  0.05710389  0.06857382  
0.05999229  0.04856584  0.04762431  0.04725708  0.04762431  0.04726323  0.03911570  0.04762431  0.04856584  0.04070264  0.04726323  0.04856584  0.04725708  0.04856584  0.04762431  0.05999229  
0.07106878  0.05605614  0.05793113  0.05600438  0.05605614  0.05418468  0.04726323  0.05605614  0.05793113  0.04726323  0.05792081  0.05793113  0.05600438  0.05605614  0.05793113  0.07106878  
0.06857382  0.05672842  0.05710389  0.05792596  0.05525167  0.05605614  0.04762431  0.05926014  0.05673173  0.04856584  0.05793113  0.06085139  0.05604873  0.05888221  0.05925422  0.07622174  
0.07106682  0.05604873  0.05604873  0.05417466  0.05792596  0.05600438  0.04725708  0.05604873  0.05792596  0.04725708  0.05600438  0.05604873  0.05793153  0.05792596  0.05792596  0.07106682  
0.06857382  0.05673173  0.05525167  0.05604873  0.05710389  0.05793113  0.04762431  0.05925422  0.05672842  0.04856584  0.05605614  0.05888221  0.05792596  0.06085139  0.05926014  0.07622174  
0.06857382  0.05525167  0.05673173  0.05604873  0.05672842  0.05605614  0.04856584  0.05888221  0.05710389  0.04762431  0.05793113  0.05925422  0.05792596  0.05926014  0.06085139  0.07622174  
0.08115302  0.06857382  0.06857382  0.07106682  0.06857382  0.07106878  0.05999229  0.07622174  0.06857382  0.05999229  0.07106878  0.07622174  0.07106682  0.07622174  0.07622174  0.10003946  
