0.00001035  0.00000347  0.00000347  0.00000741  0.00000347  0.00000642  0.00000530  0.00000465  0.00000347  0.00000530  0.00000642  0.00000465  0.00000741  0.00000465  0.00000465  0.00000858  
0.00000347  0.00000315  0.00000546  0.00000388  0.00000578  0.00000340  0.00000314  0.00000553  0.00000539  0.00000294  0.00000460  0.00000526  0.00000339  0.00000438  0.00000564  0.00000465  
0.00000347  0.00000546  0.00000315  0.00000388  0.00000539  0.00000460  0.00000294  0.00000526  0.00000578  0.00000314  0.00000340  0.00000553  0.00000339  0.00000564  0.00000438  0.00000465  
0.00000741  0.00000388  0.00000388  0.00000834  0.00000339  0.00000509  0.00000390  0.00000388  0.00000339  0.00000390  0.00000509  0.00000388  0.00001003  0.00000339  0.00000339  0.00000741  
0.00000347  0.00000578  0.00000539  0.00000339  0.00000315  0.00000340  0.00000294  0.00000438  0.00000546  0.00000314  0.00000460  0.00000564  0.00000388  0.00000553  0.00000526  0.00000465  
0.00000642  0.00000340  0.00000460  0.00000509  0.00000340  0.00000760  0.00000469  0.00000340  0.00000460  0.00000469  0.00000816  0.00000460  0.00000509  0.00000340  0.00000460  0.00000642  
0.00000530  0.00000314  0.00000294  0.00000390  0.00000294  0.00000469  0.00000627  0.00000294  0.00000314  0.00000440  0.00000469  0.00000314  0.00000390  0.00000314  0.00000294  0.00000530  
0.00000465  0.00000553  0.00000526  0.00000388  0.00000438  0.00000340  0.00000294  0.00000315  0.00000564  0.00000314  0.00000460  0.00000546  0.00000339  0.00000578  0.00000539  0.00000347  
0.00000347  0.00000539  0.00000578  0.00000339  0.00000546  0.00000460  0.00000314  0.00000564  0.00000315  0.00000294  0.00000340  0.00000438  0.00000388  0.00000526  0.00000553  0.00000465  
0.00000530  0.00000294  0.00000314  0.00000390  0.00000314  0.00000469  0.00000440  0.00000314  0.00000294  0.00000627  0.00000469  0.00000294  0.00000390  0.00000294  0.00000314  0.00000530  
0.00000642  0.00000460  0.00000340  0.00000509  0.00000460  0.00000816  0.00000469  0.00000460  0.00000340  0.00000469  0.00000760  0.00000340  0.00000509  0.00000460  0.00000340  0.00000642  
0.00000465  0.00000526  0.00000553  0.00000388  0.00000564  0.00000460  0.00000314  0.00000546  0.00000438  0.00000294  0.00000340  0.00000315  0.00000339  0.00000539  0.00000578  0.00000347  
0.00000741  0.00000339  0.00000339  0.00001003  0.00000388  0.00000509  0.00000390  0.00000339  0.00000388  0.00000390  0.00000509  0.00000339  0.00000834  0.00000388  0.00000388  0.00000741  
0.00000465  0.00000438  0.00000564  0.00000339  0.00000553  0.00000340  0.00000314  0.00000578  0.00000526  0.00000294  0.00000460  0.00000539  0.00000388  0.00000315  0.00000546  0.00000347  
0.00000465  0.00000564  0.00000438  0.00000339  0.00000526  0.00000460  0.00000294  0.00000539  0.00000553  0.00000314  0.00000340  0.00000578  0.00000388  0.00000546  0.00000315  0.00000347  
0.00000858  0.00000465  0.00000465  0.00000741  0.00000465  0.00000642  0.00000530  0.00000347  0.00000465  0.00000530  0.00000642  0.00000347  0.00000741  0.00000347  0.00000347  0.00001035  
