0.08178052  0.07076970  0.07076970  0.07006618  0.07076970  0.07003013  0.06184994  0.06996329  0.07076970  0.06184994  0.07003013  0.06996329  0.07006618  0.06996329  0.06996329  0.07988439  
0.07076970  0.06191518  0.06137714  0.06128407  0.06139520  0.06128256  0.05371683  0.06129149  0.06132993  0.05406709  0.06075568  0.06121848  0.06076544  0.06121754  0.06076547  0.06996329  
0.07076970  0.06137714  0.06191518  0.06128407  0.06132993  0.06075568  0.05406709  0.06121848  0.06139520  0.05371683  0.06128256  0.06129149  0.06076544  0.06076547  0.06121754  0.06996329  
0.07006618  0.06128407  0.06128407  0.06137505  0.06076544  0.06075426  0.05364740  0.06128407  0.06076544  0.05364740  0.06075426  0.06128407  0.06025890  0.06076544  0.06076544  0.07006618  
0.07076970  0.06139520  0.06132993  0.06076544  0.06191518  0.06128256  0.05406709  0.06121754  0.06137714  0.05371683  0.06075568  0.06076547  0.06128407  0.06129149  0.06121848  0.06996329  
0.07003013  0.06128256  0.06075568  0.06075426  0.06128256  0.06137877  0.05364350  0.06128256  0.06075568  0.05364350  0.06023767  0.06075568  0.06075426  0.06128256  0.06075568  0.07003013  
0.06184994  0.05371683  0.05406709  0.05364740  0.05406709  0.05364350  0.04780496  0.05406709  0.05371683  0.04708534  0.05364350  0.05371683  0.05364740  0.05371683  0.05406709  0.06184994  
0.06996329  0.06129149  0.06121848  0.06128407  0.06121754  0.06128256  0.05406709  0.06191518  0.06076547  0.05371683  0.06075568  0.06137714  0.06076544  0.06139520  0.06132993  0.07076970  
0.07076970  0.06132993  0.06139520  0.06076544  0.06137714  0.06075568  0.05371683  0.06076547  0.06191518  0.05406709  0.06128256  0.06121754  0.06128407  0.06121848  0.06129149  0.06996329  
0.06184994  0.05406709  0.05371683  0.05364740  0.05371683  0.05364350  0.04708534  0.05371683  0.05406709  0.04780496  0.05364350  0.05406709  0.05364740  0.05406709  0.05371683  0.06184994  
0.07003013  0.06075568  0.06128256  0.06075426  0.06075568  0.06023767  0.05364350  0.06075568  0.06128256  0.05364350  0.06137877  0.06128256  0.06075426  0.06075568  0.06128256  0.07003013  
0.06996329  0.06121848  0.06129149  0.06128407  0.06076547  0.06075568  0.05371683  0.06137714  0.06121754  0.05406709  0.06128256  0.06191518  0.06076544  0.06132993  0.06139520  0.07076970  
0.07006618  0.06076544  0.06076544  0.06025890  0.06128407  0.06075426  0.05364740  0.06076544  0.06128407  0.05364740  0.06075426  0.06076544  0.06137505  0.06128407  0.06128407  0.07006618  
0.06996329  0.06121754  0.06076547  0.06076544  0.06129149  0.06128256  0.05371683  0.06139520  0.06121848  0.05406709  0.06075568  0.06132993  0.06128407  0.06191518  0.06137714  0.07076970  
0.06996329  0.06076547  0.06121754  0.06076544  0.06121848  0.06075568  0.05406709  0.06132993  0.06129149  0.05371683  0.06128256  0.06139520  0.06128407  0.06137714  0.06191518  0.07076970  
0.07988439  0.06996329  0.06996329  0.07006618  0.06996329  0.07003013  0.06184994  0.07076970  0.06996329  0.06184994  0.07003013  0.07076970  0.07006618  0.07076970  0.07076970  0.08178052  
