0.00002232  0.00000912  0.00000912  0.00001037  0.00000912  0.00001072  0.00001128  0.00001047  0.00000912  0.00001128  0.00001072  0.00001047  0.00001037  0.00001047  0.00001047  0.00001980  
0.00000912  0.00000649  0.00001181  0.00000780  0.00001024  0.00000898  0.00000908  0.00001111  0.00001043  0.00000706  0.00000752  0.00000928  0.00000886  0.00001228  0.00001157  0.00001047  
0.00000912  0.00001181  0.00000649  0.00000780  0.00001043  0.00000752  0.00000706  0.00000928  0.00001024  0.00000908  0.00000898  0.00001111  0.00000886  0.00001157  0.00001228  0.00001047  
0.00001037  0.00000780  0.00000780  0.00001963  0.00000886  0.00001039  0.00000899  0.00000780  0.00000886  0.00000899  0.00001039  0.00000780  0.00001386  0.00000886  0.00000886  0.00001037  
0.00000912  0.00001024  0.00001043  0.00000886  0.00000649  0.00000898  0.00000706  0.00001228  0.00001181  0.00000908  0.00000752  0.00001157  0.00000780  0.00001111  0.00000928  0.00001047  
0.00001072  0.00000898  0.00000752  0.00001039  0.00000898  0.00001941  0.00000991  0.00000898  0.00000752  0.00000991  0.00001924  0.00000752  0.00001039  0.00000898  0.00000752  0.00001072  
0.00001128  0.00000908  0.00000706  0.00000899  0.00000706  0.00000991  0.00001454  0.00000706  0.00000908  0.00002105  0.00000991  0.00000908  0.00000899  0.00000908  0.00000706  0.00001128  
0.00001047  0.00001111  0.00000928  0.00000780  0.00001228  0.00000898  0.00000706  0.00000649  0.00001157  0.00000908  0.00000752  0.00001181  0.00000886  0.00001024  0.00001043  0.00000912  
0.00000912  0.00001043  0.00001024  0.00000886  0.00001181  0.00000752  0.00000908  0.00001157  0.00000649  0.00000706  0.00000898  0.00001228  0.00000780  0.00000928  0.00001111  0.00001047  
0.00001128  0.00000706  0.00000908  0.00000899  0.00000908  0.00000991  0.00002105  0.00000908  0.00000706  0.00001454  0.00000991  0.00000706  0.00000899  0.00000706  0.00000908  0.00001128  
0.00001072  0.00000752  0.00000898  0.00001039  0.00000752  0.00001924  0.00000991  0.00000752  0.00000898  0.00000991  0.00001941  0.00000898  0.00001039  0.00000752  0.00000898  0.00001072  
0.00001047  0.00000928  0.00001111  0.00000780  0.00001157  0.00000752  0.00000908  0.00001181  0.00001228  0.00000706  0.00000898  0.00000649  0.00000886  0.00001043  0.00001024  0.00000912  
0.00001037  0.00000886  0.00000886  0.00001386  0.00000780  0.00001039  0.00000899  0.00000886  0.00000780  0.00000899  0.00001039  0.00000886  0.00001963  0.00000780  0.00000780  0.00001037  
0.00001047  0.00001228  0.00001157  0.00000886  0.00001111  0.00000898  0.00000908  0.00001024  0.00000928  0.00000706  0.00000752  0.00001043  0.00000780  0.00000649  0.00001181  0.00000912  
0.00001047  0.00001157  0.00001228  0.00000886  0.00000928  0.00000752  0.00000706  0.00001043  0.00001111  0.00000908  0.00000898  0.00001024  0.00000780  0.00001181  0.00000649  0.00000912  
0.00001980  0.00001047  0.00001047  0.00001037  0.00001047  0.00001072  0.00001128  0.00000912  0.00001047  0.00001128  0.00001072  0.00000912  0.00001037  0.00000912  0.00000912  0.00002232  
