0.13012297  0.09354387  0.07612339  0.09025554  0.07612339  0.05823891  0.07284051  0.09234802  0.09354387  0.06827097  0.05823891  0.07039196  0.09025554  0.07039196  0.09234802  0.11888248  
0.09354387  0.07179085  0.05518359  0.06986117  0.05484308  0.04479266  0.05293710  0.07163592  0.06733519  0.05245338  0.04227653  0.05457106  0.06510868  0.05423235  0.06720855  0.09234802  
0.07612339  0.05518359  0.04461100  0.05330806  0.04456622  0.03437596  0.04269137  0.05457106  0.05484308  0.04035347  0.03418267  0.04166105  0.05294298  0.04163298  0.05423235  0.07039196  
0.09025554  0.06986117  0.05330806  0.06811928  0.05294298  0.04363178  0.05117062  0.06986117  0.06510868  0.05117062  0.04093081  0.05330806  0.06299383  0.05294298  0.06510868  0.09025554  
0.07612339  0.05484308  0.04456622  0.05294298  0.04461100  0.03418267  0.04269137  0.05423235  0.05518359  0.04035347  0.03437596  0.04163298  0.05330806  0.04166105  0.05457106  0.07039196  
0.05823891  0.04479266  0.03437596  0.04363178  0.03418267  0.02801033  0.03301865  0.04479266  0.04227653  0.03301865  0.02656408  0.03437596  0.04093081  0.03418267  0.04227653  0.05823891  
0.07284051  0.05293710  0.04269137  0.05117062  0.04269137  0.03301865  0.04094373  0.05245338  0.05293710  0.03905958  0.03301865  0.04035347  0.05117062  0.04035347  0.05245338  0.06827097  
0.09234802  0.07163592  0.05457106  0.06986117  0.05423235  0.04479266  0.05245338  0.07179085  0.06720855  0.05293710  0.04227653  0.05518359  0.06510868  0.05484308  0.06733519  0.09354387  
0.09354387  0.06733519  0.05484308  0.06510868  0.05518359  0.04227653  0.05293710  0.06720855  0.07179085  0.05245338  0.04479266  0.05423235  0.06986117  0.05457106  0.07163592  0.09234802  
0.06827097  0.05245338  0.04035347  0.05117062  0.04035347  0.03301865  0.03905958  0.05293710  0.05245338  0.04094373  0.03301865  0.04269137  0.05117062  0.04269137  0.05293710  0.07284051  
0.05823891  0.04227653  0.03418267  0.04093081  0.03437596  0.02656408  0.03301865  0.04227653  0.04479266  0.03301865  0.02801033  0.03418267  0.04363178  0.03437596  0.04479266  0.05823891  
0.07039196  0.05457106  0.04166105  0.05330806  0.04163298  0.03437596  0.04035347  0.05518359  0.05423235  0.04269137  0.03418267  0.04461100  0.05294298  0.04456622  0.05484308  0.07612339  
0.09025554  0.06510868  0.05294298  0.06299383  0.05330806  0.04093081  0.05117062  0.06510868  0.06986117  0.05117062  0.04363178  0.05294298  0.06811928  0.05330806  0.06986117  0.09025554  
0.07039196  0.05423235  0.04163298  0.05294298  0.04166105  0.03418267  0.04035347  0.05484308  0.05457106  0.04269137  0.03437596  0.04456622  0.05330806  0.04461100  0.05518359  0.07612339  
0.09234802  0.06720855  0.05423235  0.06510868  0.05457106  0.04227653  0.05245338  0.06733519  0.07163592  0.05293710  0.04479266  0.05484308  0.06986117  0.05518359  0.07179085  0.09354387  
0.11888248  0.09234802  0.07039196  0.09025554  0.07039196  0.05823891  0.06827097  0.09354387  0.09234802  0.07284051  0.05823891  0.07612339  0.09025554  0.07612339  0.09354387  0.13012297  
