0.08520667  0.07165847  0.07165847  0.06999564  0.07165847  0.06998892  0.06105702  0.06921894  0.07165847  0.06105702  0.06998892  0.06921894  0.06999564  0.06921894  0.06921894  0.07948501  
0.07165847  0.06173727  0.06059494  0.06055924  0.06059930  0.06056632  0.05187679  0.06018939  0.06041049  0.05266166  0.05926991  0.06000520  0.05927619  0.06000293  0.05891194  0.06921894  
0.07165847  0.06059494  0.06173727  0.06055924  0.06041049  0.05926991  0.05266166  0.06000520  0.06059930  0.05187679  0.06056632  0.06018939  0.05927619  0.05891194  0.06000293  0.06921894  
0.06999564  0.06055924  0.06055924  0.06089283  0.05927619  0.05953533  0.05193090  0.06055924  0.05927619  0.05193090  0.05953533  0.06055924  0.05826473  0.05927619  0.05927619  0.06999564  
0.07165847  0.06059930  0.06041049  0.05927619  0.06173727  0.06056632  0.05266166  0.06000293  0.06059494  0.05187679  0.05926991  0.05891194  0.06055924  0.06018939  0.06000520  0.06921894  
0.06998892  0.06056632  0.05926991  0.05953533  0.06056632  0.06091113  0.05193533  0.06056632  0.05926991  0.05193533  0.05824724  0.05926991  0.05953533  0.06056632  0.05926991  0.06998892  
0.06105702  0.05187679  0.05266166  0.05193090  0.05266166  0.05193533  0.04604028  0.05266166  0.05187679  0.04464623  0.05193533  0.05187679  0.05193090  0.05187679  0.05266166  0.06105702  
0.06921894  0.06018939  0.06000520  0.06055924  0.06000293  0.06056632  0.05266166  0.06173727  0.05891194  0.05187679  0.05926991  0.06059494  0.05927619  0.06059930  0.06041049  0.07165847  
0.07165847  0.06041049  0.06059930  0.05927619  0.06059494  0.05926991  0.05187679  0.05891194  0.06173727  0.05266166  0.06056632  0.06000293  0.06055924  0.06000520  0.06018939  0.06921894  
0.06105702  0.05266166  0.05187679  0.05193090  0.05187679  0.05193533  0.04464623  0.05187679  0.05266166  0.04604028  0.05193533  0.05266166  0.05193090  0.05266166  0.05187679  0.06105702  
0.06998892  0.05926991  0.06056632  0.05953533  0.05926991  0.05824724  0.05193533  0.05926991  0.06056632  0.05193533  0.06091113  0.06056632  0.05953533  0.05926991  0.06056632  0.06998892  
0.06921894  0.06000520  0.06018939  0.06055924  0.05891194  0.05926991  0.05187679  0.06059494  0.06000293  0.05266166  0.06056632  0.06173727  0.05927619  0.06041049  0.06059930  0.07165847  
0.06999564  0.05927619  0.05927619  0.05826473  0.06055924  0.05953533  0.05193090  0.05927619  0.06055924  0.05193090  0.05953533  0.05927619  0.06089283  0.06055924  0.06055924  0.06999564  
0.06921894  0.06000293  0.05891194  0.05927619  0.06018939  0.06056632  0.05187679  0.06059930  0.06000520  0.05266166  0.05926991  0.06041049  0.06055924  0.06173727  0.06059494  0.07165847  
0.06921894  0.05891194  0.06000293  0.05927619  0.06000520  0.05926991  0.05266166  0.06041049  0.06018939  0.05187679  0.06056632  0.06059930  0.06055924  0.06059494  0.06173727  0.07165847  
0.07948501  0.06921894  0.06921894  0.06999564  0.06921894  0.06998892  0.06105702  0.07165847  0.06921894  0.06105702  0.06998892  0.07165847  0.06999564  0.07165847  0.07165847  0.08520667  
