0.00001177  0.00000538  0.00000538  0.00000784  0.00000538  0.00000653  0.00000588  0.00000658  0.00000538  0.00000588  0.00000653  0.00000658  0.00000784  0.00000658  0.00000658  0.00001751  
0.00000538  0.00000351  0.00000574  0.00000457  0.00000697  0.00000515  0.00000547  0.00000607  0.00000682  0.00000461  0.00000642  0.00000616  0.00000543  0.00000603  0.00000530  0.00000658  
0.00000538  0.00000574  0.00000351  0.00000457  0.00000682  0.00000642  0.00000461  0.00000616  0.00000697  0.00000547  0.00000515  0.00000607  0.00000543  0.00000530  0.00000603  0.00000658  
0.00000784  0.00000457  0.00000457  0.00001003  0.00000543  0.00000639  0.00000456  0.00000457  0.00000543  0.00000456  0.00000639  0.00000457  0.00001098  0.00000543  0.00000543  0.00000784  
0.00000538  0.00000697  0.00000682  0.00000543  0.00000351  0.00000515  0.00000461  0.00000603  0.00000574  0.00000547  0.00000642  0.00000530  0.00000457  0.00000607  0.00000616  0.00000658  
0.00000653  0.00000515  0.00000642  0.00000639  0.00000515  0.00001122  0.00000656  0.00000515  0.00000642  0.00000656  0.00001331  0.00000642  0.00000639  0.00000515  0.00000642  0.00000653  
0.00000588  0.00000547  0.00000461  0.00000456  0.00000461  0.00000656  0.00000919  0.00000461  0.00000547  0.00001203  0.00000656  0.00000547  0.00000456  0.00000547  0.00000461  0.00000588  
0.00000658  0.00000607  0.00000616  0.00000457  0.00000603  0.00000515  0.00000461  0.00000351  0.00000530  0.00000547  0.00000642  0.00000574  0.00000543  0.00000697  0.00000682  0.00000538  
0.00000538  0.00000682  0.00000697  0.00000543  0.00000574  0.00000642  0.00000547  0.00000530  0.00000351  0.00000461  0.00000515  0.00000603  0.00000457  0.00000616  0.00000607  0.00000658  
0.00000588  0.00000461  0.00000547  0.00000456  0.00000547  0.00000656  0.00001203  0.00000547  0.00000461  0.00000919  0.00000656  0.00000461  0.00000456  0.00000461  0.00000547  0.00000588  
0.00000653  0.00000642  0.00000515  0.00000639  0.00000642  0.00001331  0.00000656  0.00000642  0.00000515  0.00000656  0.00001122  0.00000515  0.00000639  0.00000642  0.00000515  0.00000653  
0.00000658  0.00000616  0.00000607  0.00000457  0.00000530  0.00000642  0.00000547  0.00000574  0.00000603  0.00000461  0.00000515  0.00000351  0.00000543  0.00000682  0.00000697  0.00000538  
0.00000784  0.00000543  0.00000543  0.00001098  0.00000457  0.00000639  0.00000456  0.00000543  0.00000457  0.00000456  0.00000639  0.00000543  0.00001003  0.00000457  0.00000457  0.00000784  
0.00000658  0.00000603  0.00000530  0.00000543  0.00000607  0.00000515  0.00000547  0.00000697  0.00000616  0.00000461  0.00000642  0.00000682  0.00000457  0.00000351  0.00000574  0.00000538  
0.00000658  0.00000530  0.00000603  0.00000543  0.00000616  0.00000642  0.00000461  0.00000682  0.00000607  0.00000547  0.00000515  0.00000697  0.00000457  0.00000574  0.00000351  0.00000538  
0.00001751  0.00000658  0.00000658  0.00000784  0.00000658  0.00000653  0.00000588  0.00000538  0.00000658  0.00000588  0.00000653  0.00000538  0.00000784  0.00000538  0.00000538  0.00001177  
