0.13770409  0.13008257  0.13008257  0.12401300  0.12484975  0.12982430  0.12982430  0.13584910  
0.13008257  0.12412120  0.12352328  0.11832656  0.11827891  0.12370278  0.12328869  0.12982430  
0.13008257  0.12352328  0.12412120  0.11832656  0.11827891  0.12328869  0.12370278  0.12982430  
0.12401300  0.11832656  0.11832656  0.11405351  0.11276161  0.11827891  0.11827891  0.12484975  
0.12484975  0.11827891  0.11827891  0.11276161  0.11405351  0.11832656  0.11832656  0.12401300  
0.12982430  0.12370278  0.12328869  0.11827891  0.11832656  0.12412120  0.12352328  0.13008257  
0.12982430  0.12328869  0.12370278  0.11827891  0.11832656  0.12352328  0.12412120  0.13008257  
0.13584910  0.12982430  0.12982430  0.12484975  0.12401300  0.13008257  0.13008257  0.13770409  
