0.24854034  0.13627454  0.13627454  0.08612801  0.12979446  0.09628539  0.09628539  0.09133017  
0.13627454  0.08736702  0.08482680  0.06981457  0.07955988  0.07628497  0.07401936  0.09628539  
0.13627454  0.08482680  0.08736702  0.06981457  0.07955988  0.07401936  0.07628497  0.09628539  
0.08612801  0.06981457  0.06981457  0.07672562  0.06208234  0.07955988  0.07955988  0.12979446  
0.12979446  0.07955988  0.07955988  0.06208234  0.07672562  0.06981457  0.06981457  0.08612801  
0.09628539  0.07628497  0.07401936  0.07955988  0.06981457  0.08736702  0.08482680  0.13627454  
0.09628539  0.07401936  0.07628497  0.07955988  0.06981457  0.08482680  0.08736702  0.13627454  
0.09133017  0.09628539  0.09628539  0.12979446  0.08612801  0.13627454  0.13627454  0.24854034  
