0.00000455  0.00000397  0.00000397  0.00000324  0.00000392  0.00000295  0.00000295  0.00000444  
0.00000397  0.00000225  0.00000371  0.00000196  0.00000236  0.00000289  0.00000245  0.00000295  
0.00000397  0.00000371  0.00000225  0.00000196  0.00000236  0.00000245  0.00000289  0.00000295  
0.00000324  0.00000196  0.00000196  0.00000362  0.00000376  0.00000236  0.00000236  0.00000392  
0.00000392  0.00000236  0.00000236  0.00000376  0.00000362  0.00000196  0.00000196  0.00000324  
0.00000295  0.00000289  0.00000245  0.00000236  0.00000196  0.00000225  0.00000371  0.00000397  
0.00000295  0.00000245  0.00000289  0.00000236  0.00000196  0.00000371  0.00000225  0.00000397  
0.00000444  0.00000295  0.00000295  0.00000392  0.00000324  0.00000397  0.00000397  0.00000455  
