0.27285278  0.10685211  0.10685211  0.05211656  0.10685211  0.05212094  0.04354216  0.02913847  0.10685211  0.04354216  0.05212094  0.02913847  0.05211656  0.02913847  0.02913847  0.02774889  
0.10685211  0.04402314  0.04326214  0.02421557  0.04326114  0.02421787  0.01984495  0.01886227  0.04315734  0.02014017  0.02370375  0.01879286  0.02370410  0.01879337  0.01843686  0.02913847  
0.10685211  0.04326214  0.04402314  0.02421557  0.04315734  0.02370375  0.02014017  0.01879286  0.04326114  0.01984495  0.02421787  0.01886227  0.02370410  0.01843686  0.01879337  0.02913847  
0.05211656  0.02421557  0.02421557  0.01897549  0.02370410  0.01854077  0.01545996  0.02421557  0.02370410  0.01545996  0.01854077  0.02421557  0.01813642  0.02370410  0.02370410  0.05211656  
0.10685211  0.04326114  0.04315734  0.02370410  0.04402314  0.02421787  0.02014017  0.01879337  0.04326214  0.01984495  0.02370375  0.01843686  0.02421557  0.01886227  0.01879286  0.02913847  
0.05212094  0.02421787  0.02370375  0.01854077  0.02421787  0.01897883  0.01546330  0.02421787  0.02370375  0.01546330  0.01812985  0.02370375  0.01854077  0.02421787  0.02370375  0.05212094  
0.04354216  0.01984495  0.02014017  0.01545996  0.02014017  0.01546330  0.01310034  0.02014017  0.01984495  0.01270997  0.01546330  0.01984495  0.01545996  0.01984495  0.02014017  0.04354216  
0.02913847  0.01886227  0.01879286  0.02421557  0.01879337  0.02421787  0.02014017  0.04402314  0.01843686  0.01984495  0.02370375  0.04326214  0.02370410  0.04326114  0.04315734  0.10685211  
0.10685211  0.04315734  0.04326114  0.02370410  0.04326214  0.02370375  0.01984495  0.01843686  0.04402314  0.02014017  0.02421787  0.01879337  0.02421557  0.01879286  0.01886227  0.02913847  
0.04354216  0.02014017  0.01984495  0.01545996  0.01984495  0.01546330  0.01270997  0.01984495  0.02014017  0.01310034  0.01546330  0.02014017  0.01545996  0.02014017  0.01984495  0.04354216  
0.05212094  0.02370375  0.02421787  0.01854077  0.02370375  0.01812985  0.01546330  0.02370375  0.02421787  0.01546330  0.01897883  0.02421787  0.01854077  0.02370375  0.02421787  0.05212094  
0.02913847  0.01879286  0.01886227  0.02421557  0.01843686  0.02370375  0.01984495  0.04326214  0.01879337  0.02014017  0.02421787  0.04402314  0.02370410  0.04315734  0.04326114  0.10685211  
0.05211656  0.02370410  0.02370410  0.01813642  0.02421557  0.01854077  0.01545996  0.02370410  0.02421557  0.01545996  0.01854077  0.02370410  0.01897549  0.02421557  0.02421557  0.05211656  
0.02913847  0.01879337  0.01843686  0.02370410  0.01886227  0.02421787  0.01984495  0.04326114  0.01879286  0.02014017  0.02370375  0.04315734  0.02421557  0.04402314  0.04326214  0.10685211  
0.02913847  0.01843686  0.01879337  0.02370410  0.01879286  0.02370375  0.02014017  0.04315734  0.01886227  0.01984495  0.02421787  0.04326114  0.02421557  0.04326214  0.04402314  0.10685211  
0.02774889  0.02913847  0.02913847  0.05211656  0.02913847  0.05212094  0.04354216  0.10685211  0.02913847  0.04354216  0.05212094  0.10685211  0.05211656  0.10685211  0.10685211  0.27285278  
