0.00001147  0.00000631  0.00000631  0.00000410  0.00000631  0.00000333  0.00000373  0.00000223  0.00000631  0.00000373  0.00000333  0.00000223  0.00000410  0.00000223  0.00000223  0.00000515  
0.00000631  0.00000252  0.00000405  0.00000177  0.00000359  0.00000159  0.00000152  0.00000229  0.00000321  0.00000170  0.00000215  0.00000218  0.00000174  0.00000277  0.00000205  0.00000223  
0.00000631  0.00000405  0.00000252  0.00000177  0.00000321  0.00000215  0.00000170  0.00000218  0.00000359  0.00000152  0.00000159  0.00000229  0.00000174  0.00000205  0.00000277  0.00000223  
0.00000410  0.00000177  0.00000177  0.00000358  0.00000174  0.00000190  0.00000166  0.00000177  0.00000174  0.00000166  0.00000190  0.00000177  0.00000433  0.00000174  0.00000174  0.00000410  
0.00000631  0.00000359  0.00000321  0.00000174  0.00000252  0.00000159  0.00000170  0.00000277  0.00000405  0.00000152  0.00000215  0.00000205  0.00000177  0.00000229  0.00000218  0.00000223  
0.00000333  0.00000159  0.00000215  0.00000190  0.00000159  0.00000410  0.00000201  0.00000159  0.00000215  0.00000201  0.00000425  0.00000215  0.00000190  0.00000159  0.00000215  0.00000333  
0.00000373  0.00000152  0.00000170  0.00000166  0.00000170  0.00000201  0.00000279  0.00000170  0.00000152  0.00000270  0.00000201  0.00000152  0.00000166  0.00000152  0.00000170  0.00000373  
0.00000223  0.00000229  0.00000218  0.00000177  0.00000277  0.00000159  0.00000170  0.00000252  0.00000205  0.00000152  0.00000215  0.00000405  0.00000174  0.00000359  0.00000321  0.00000631  
0.00000631  0.00000321  0.00000359  0.00000174  0.00000405  0.00000215  0.00000152  0.00000205  0.00000252  0.00000170  0.00000159  0.00000277  0.00000177  0.00000218  0.00000229  0.00000223  
0.00000373  0.00000170  0.00000152  0.00000166  0.00000152  0.00000201  0.00000270  0.00000152  0.00000170  0.00000279  0.00000201  0.00000170  0.00000166  0.00000170  0.00000152  0.00000373  
0.00000333  0.00000215  0.00000159  0.00000190  0.00000215  0.00000425  0.00000201  0.00000215  0.00000159  0.00000201  0.00000410  0.00000159  0.00000190  0.00000215  0.00000159  0.00000333  
0.00000223  0.00000218  0.00000229  0.00000177  0.00000205  0.00000215  0.00000152  0.00000405  0.00000277  0.00000170  0.00000159  0.00000252  0.00000174  0.00000321  0.00000359  0.00000631  
0.00000410  0.00000174  0.00000174  0.00000433  0.00000177  0.00000190  0.00000166  0.00000174  0.00000177  0.00000166  0.00000190  0.00000174  0.00000358  0.00000177  0.00000177  0.00000410  
0.00000223  0.00000277  0.00000205  0.00000174  0.00000229  0.00000159  0.00000152  0.00000359  0.00000218  0.00000170  0.00000215  0.00000321  0.00000177  0.00000252  0.00000405  0.00000631  
0.00000223  0.00000205  0.00000277  0.00000174  0.00000218  0.00000215  0.00000170  0.00000321  0.00000229  0.00000152  0.00000159  0.00000359  0.00000177  0.00000405  0.00000252  0.00000631  
0.00000515  0.00000223  0.00000223  0.00000410  0.00000223  0.00000333  0.00000373  0.00000631  0.00000223  0.00000373  0.00000333  0.00000631  0.00000410  0.00000631  0.00000631  0.00001147  
