0.21280453  0.14666980  0.11994380  0.14447336  0.14666980  0.10981238  0.14447336  0.18946767  
0.14666980  0.10966782  0.08367360  0.10942452  0.10173934  0.08271360  0.10152211  0.14447336  
0.11994380  0.08367360  0.06785983  0.08271360  0.08367360  0.06342906  0.08271360  0.10981238  
0.14447336  0.10942452  0.08271360  0.10966782  0.10152211  0.08367360  0.10173934  0.14666980  
0.14666980  0.10173934  0.08367360  0.10152211  0.10966782  0.08271360  0.10942452  0.14447336  
0.10981238  0.08271360  0.06342906  0.08367360  0.08271360  0.06785983  0.08367360  0.11994380  
0.14447336  0.10152211  0.08271360  0.10173934  0.10942452  0.08367360  0.10966782  0.14666980  
0.18946767  0.14447336  0.10981238  0.14666980  0.14447336  0.11994380  0.14666980  0.21280453  
