0.00000807  0.00000651  0.00000661  0.00000611  0.00000651  0.00000559  0.00000611  0.00001212  
0.00000651  0.00000331  0.00000425  0.00000497  0.00000511  0.00000424  0.00000530  0.00000611  
0.00000661  0.00000425  0.00000504  0.00000424  0.00000425  0.00000563  0.00000424  0.00000559  
0.00000611  0.00000497  0.00000424  0.00000331  0.00000530  0.00000425  0.00000511  0.00000651  
0.00000651  0.00000511  0.00000425  0.00000530  0.00000331  0.00000424  0.00000497  0.00000611  
0.00000559  0.00000424  0.00000563  0.00000425  0.00000424  0.00000504  0.00000425  0.00000661  
0.00000611  0.00000530  0.00000424  0.00000511  0.00000497  0.00000425  0.00000331  0.00000651  
0.00001212  0.00000611  0.00000559  0.00000651  0.00000611  0.00000661  0.00000651  0.00000807  
