0.00000331  0.00000397  0.00000398  0.00000181  0.00000398  0.00000097  0.00000192  0.00000067  0.00000397  0.00000138  0.00000097  0.00000032  0.00000181  0.00000032  0.00000067  0.00000094  
0.00000397  0.00000151  0.00000073  0.00000030  0.00000073  0.00000023  0.00000038  0.00000038  0.00000157  0.00000032  0.00000025  0.00000022  0.00000036  0.00000023  0.00000040  0.00000067  
0.00000398  0.00000073  0.00000088  0.00000030  0.00000093  0.00000017  0.00000027  0.00000022  0.00000073  0.00000016  0.00000016  0.00000015  0.00000026  0.00000015  0.00000023  0.00000032  
0.00000181  0.00000030  0.00000030  0.00000040  0.00000026  0.00000014  0.00000017  0.00000030  0.00000036  0.00000017  0.00000017  0.00000030  0.00000033  0.00000026  0.00000036  0.00000181  
0.00000398  0.00000073  0.00000093  0.00000026  0.00000088  0.00000016  0.00000027  0.00000023  0.00000073  0.00000016  0.00000017  0.00000015  0.00000030  0.00000015  0.00000022  0.00000032  
0.00000097  0.00000023  0.00000017  0.00000014  0.00000016  0.00000013  0.00000008  0.00000023  0.00000025  0.00000008  0.00000019  0.00000017  0.00000017  0.00000016  0.00000025  0.00000097  
0.00000192  0.00000038  0.00000027  0.00000017  0.00000027  0.00000008  0.00000027  0.00000032  0.00000038  0.00000023  0.00000008  0.00000016  0.00000017  0.00000016  0.00000032  0.00000138  
0.00000067  0.00000038  0.00000022  0.00000030  0.00000023  0.00000023  0.00000032  0.00000151  0.00000040  0.00000038  0.00000025  0.00000073  0.00000036  0.00000073  0.00000157  0.00000397  
0.00000397  0.00000157  0.00000073  0.00000036  0.00000073  0.00000025  0.00000038  0.00000040  0.00000151  0.00000032  0.00000023  0.00000023  0.00000030  0.00000022  0.00000038  0.00000067  
0.00000138  0.00000032  0.00000016  0.00000017  0.00000016  0.00000008  0.00000023  0.00000038  0.00000032  0.00000027  0.00000008  0.00000027  0.00000017  0.00000027  0.00000038  0.00000192  
0.00000097  0.00000025  0.00000016  0.00000017  0.00000017  0.00000019  0.00000008  0.00000025  0.00000023  0.00000008  0.00000013  0.00000016  0.00000014  0.00000017  0.00000023  0.00000097  
0.00000032  0.00000022  0.00000015  0.00000030  0.00000015  0.00000017  0.00000016  0.00000073  0.00000023  0.00000027  0.00000016  0.00000088  0.00000026  0.00000093  0.00000073  0.00000398  
0.00000181  0.00000036  0.00000026  0.00000033  0.00000030  0.00000017  0.00000017  0.00000036  0.00000030  0.00000017  0.00000014  0.00000026  0.00000040  0.00000030  0.00000030  0.00000181  
0.00000032  0.00000023  0.00000015  0.00000026  0.00000015  0.00000016  0.00000016  0.00000073  0.00000022  0.00000027  0.00000017  0.00000093  0.00000030  0.00000088  0.00000073  0.00000398  
0.00000067  0.00000040  0.00000023  0.00000036  0.00000022  0.00000025  0.00000032  0.00000157  0.00000038  0.00000038  0.00000023  0.00000073  0.00000030  0.00000073  0.00000151  0.00000397  
0.00000094  0.00000067  0.00000032  0.00000181  0.00000032  0.00000097  0.00000138  0.00000397  0.00000067  0.00000192  0.00000097  0.00000398  0.00000181  0.00000398  0.00000397  0.00000331  
