0.07371034  0.06744105  0.06744105  0.06720473  0.06744105  0.06718462  0.06208845  0.06720194  0.06744105  0.06208845  0.06718462  0.06720194  0.06720473  0.06720194  0.06720194  0.07307301  
0.06744105  0.06224855  0.06189657  0.06185592  0.06188266  0.06182265  0.05702103  0.06187575  0.06190777  0.05717639  0.06166233  0.06186500  0.06170548  0.06188343  0.06169557  0.06720194  
0.06744105  0.06189657  0.06224855  0.06185592  0.06190777  0.06166233  0.05717639  0.06186500  0.06188266  0.05702103  0.06182265  0.06187575  0.06170548  0.06169557  0.06188343  0.06720194  
0.06720473  0.06185592  0.06185592  0.06214825  0.06170548  0.06166011  0.05700232  0.06185592  0.06170548  0.05700232  0.06166011  0.06185592  0.06156352  0.06170548  0.06170548  0.06720473  
0.06744105  0.06188266  0.06190777  0.06170548  0.06224855  0.06182265  0.05717639  0.06188343  0.06189657  0.05702103  0.06166233  0.06169557  0.06185592  0.06187575  0.06186500  0.06720194  
0.06718462  0.06182265  0.06166233  0.06166011  0.06182265  0.06203733  0.05695799  0.06182265  0.06166233  0.05695799  0.06147173  0.06166233  0.06166011  0.06182265  0.06166233  0.06718462  
0.06208845  0.05702103  0.05717639  0.05700232  0.05717639  0.05695799  0.05310987  0.05717639  0.05702103  0.05262638  0.05695799  0.05702103  0.05700232  0.05702103  0.05717639  0.06208845  
0.06720194  0.06187575  0.06186500  0.06185592  0.06188343  0.06182265  0.05717639  0.06224855  0.06169557  0.05702103  0.06166233  0.06189657  0.06170548  0.06188266  0.06190777  0.06744105  
0.06744105  0.06190777  0.06188266  0.06170548  0.06189657  0.06166233  0.05702103  0.06169557  0.06224855  0.05717639  0.06182265  0.06188343  0.06185592  0.06186500  0.06187575  0.06720194  
0.06208845  0.05717639  0.05702103  0.05700232  0.05702103  0.05695799  0.05262638  0.05702103  0.05717639  0.05310987  0.05695799  0.05717639  0.05700232  0.05717639  0.05702103  0.06208845  
0.06718462  0.06166233  0.06182265  0.06166011  0.06166233  0.06147173  0.05695799  0.06166233  0.06182265  0.05695799  0.06203733  0.06182265  0.06166011  0.06166233  0.06182265  0.06718462  
0.06720194  0.06186500  0.06187575  0.06185592  0.06169557  0.06166233  0.05702103  0.06189657  0.06188343  0.05717639  0.06182265  0.06224855  0.06170548  0.06190777  0.06188266  0.06744105  
0.06720473  0.06170548  0.06170548  0.06156352  0.06185592  0.06166011  0.05700232  0.06170548  0.06185592  0.05700232  0.06166011  0.06170548  0.06214825  0.06185592  0.06185592  0.06720473  
0.06720194  0.06188343  0.06169557  0.06170548  0.06187575  0.06182265  0.05702103  0.06188266  0.06186500  0.05717639  0.06166233  0.06190777  0.06185592  0.06224855  0.06189657  0.06744105  
0.06720194  0.06169557  0.06188343  0.06170548  0.06186500  0.06166233  0.05717639  0.06190777  0.06187575  0.05702103  0.06182265  0.06188266  0.06185592  0.06189657  0.06224855  0.06744105  
0.07307301  0.06720194  0.06720194  0.06720473  0.06720194  0.06718462  0.06208845  0.06744105  0.06720194  0.06208845  0.06718462  0.06744105  0.06720473  0.06744105  0.06744105  0.07371034  
