0.24812023  0.14578251  0.11640587  0.14008312  0.14578251  0.09878865  0.14008312  0.19655903  
0.14578251  0.09836778  0.07027865  0.09770360  0.08731604  0.06834121  0.08667188  0.14008312  
0.11640587  0.07027865  0.05514421  0.06834121  0.07027865  0.04908672  0.06834121  0.09878865  
0.14008312  0.09770360  0.06834121  0.09836778  0.08667188  0.07027865  0.08731604  0.14578251  
0.14578251  0.08731604  0.07027865  0.08667188  0.09836778  0.06834121  0.09770360  0.14008312  
0.09878865  0.06834121  0.04908672  0.07027865  0.06834121  0.05514421  0.07027865  0.11640587  
0.14008312  0.08667188  0.06834121  0.08731604  0.09770360  0.07027865  0.09836778  0.14578251  
0.19655903  0.14008312  0.09878865  0.14578251  0.14008312  0.11640587  0.14578251  0.24812023  
