0.00000952  0.00000515  0.00000579  0.00000521  0.00000515  0.00000485  0.00000521  0.00001027  
0.00000515  0.00000406  0.00000428  0.00000422  0.00000620  0.00000466  0.00000520  0.00000521  
0.00000579  0.00000428  0.00000464  0.00000466  0.00000428  0.00000402  0.00000466  0.00000485  
0.00000521  0.00000422  0.00000466  0.00000406  0.00000520  0.00000428  0.00000620  0.00000515  
0.00000515  0.00000620  0.00000428  0.00000520  0.00000406  0.00000466  0.00000422  0.00000521  
0.00000485  0.00000466  0.00000402  0.00000428  0.00000466  0.00000464  0.00000428  0.00000579  
0.00000521  0.00000520  0.00000466  0.00000620  0.00000422  0.00000428  0.00000406  0.00000515  
0.00001027  0.00000521  0.00000485  0.00000515  0.00000521  0.00000579  0.00000515  0.00000952  
