0.31431490  0.10460655  0.09025001  0.06999455  0.09025001  0.03528083  0.05674632  0.06221250  0.10460655  0.03914116  0.03528083  0.03587510  0.06999455  0.03587510  0.06221250  0.09204638  
0.10460655  0.04262577  0.03154841  0.03302230  0.03109954  0.01606014  0.02180344  0.03408289  0.03718055  0.01867386  0.01408321  0.02127500  0.02749357  0.02082174  0.02895241  0.06221250  
0.09025001  0.03154841  0.02635419  0.02227153  0.02629558  0.01115367  0.01719381  0.02127500  0.03109954  0.01279903  0.01098540  0.01298622  0.02179738  0.01294782  0.02082174  0.03587510  
0.06999455  0.03302230  0.02227153  0.02862623  0.02179738  0.01380453  0.01709757  0.03302230  0.02749357  0.01709757  0.01173548  0.02227153  0.02280856  0.02179738  0.02749357  0.06999455  
0.09025001  0.03109954  0.02629558  0.02179738  0.02635419  0.01098540  0.01719381  0.02082174  0.03154841  0.01279903  0.01115367  0.01294782  0.02227153  0.01298622  0.02127500  0.03587510  
0.03528083  0.01606014  0.01115367  0.01380453  0.01098540  0.00675556  0.00854999  0.01606014  0.01408321  0.00854999  0.00599620  0.01115367  0.01173548  0.01098540  0.01408321  0.03528083  
0.05674632  0.02180344  0.01719381  0.01709757  0.01719381  0.00854999  0.01234340  0.01867386  0.02180344  0.01073453  0.00854999  0.01279903  0.01709757  0.01279903  0.01867386  0.03914116  
0.06221250  0.03408289  0.02127500  0.03302230  0.02082174  0.01606014  0.01867386  0.04262577  0.02895241  0.02180344  0.01408321  0.03154841  0.02749357  0.03109954  0.03718055  0.10460655  
0.10460655  0.03718055  0.03109954  0.02749357  0.03154841  0.01408321  0.02180344  0.02895241  0.04262577  0.01867386  0.01606014  0.02082174  0.03302230  0.02127500  0.03408289  0.06221250  
0.03914116  0.01867386  0.01279903  0.01709757  0.01279903  0.00854999  0.01073453  0.02180344  0.01867386  0.01234340  0.00854999  0.01719381  0.01709757  0.01719381  0.02180344  0.05674632  
0.03528083  0.01408321  0.01098540  0.01173548  0.01115367  0.00599620  0.00854999  0.01408321  0.01606014  0.00854999  0.00675556  0.01098540  0.01380453  0.01115367  0.01606014  0.03528083  
0.03587510  0.02127500  0.01298622  0.02227153  0.01294782  0.01115367  0.01279903  0.03154841  0.02082174  0.01719381  0.01098540  0.02635419  0.02179738  0.02629558  0.03109954  0.09025001  
0.06999455  0.02749357  0.02179738  0.02280856  0.02227153  0.01173548  0.01709757  0.02749357  0.03302230  0.01709757  0.01380453  0.02179738  0.02862623  0.02227153  0.03302230  0.06999455  
0.03587510  0.02082174  0.01294782  0.02179738  0.01298622  0.01098540  0.01279903  0.03109954  0.02127500  0.01719381  0.01115367  0.02629558  0.02227153  0.02635419  0.03154841  0.09025001  
0.06221250  0.02895241  0.02082174  0.02749357  0.02127500  0.01408321  0.01867386  0.03718055  0.03408289  0.02180344  0.01606014  0.03109954  0.03302230  0.03154841  0.04262577  0.10460655  
0.09204638  0.06221250  0.03587510  0.06999455  0.03587510  0.03528083  0.03914116  0.10460655  0.06221250  0.05674632  0.03528083  0.09025001  0.06999455  0.09025001  0.10460655  0.31431490  
