0.00001583  0.00000813  0.00000860  0.00000851  0.00000860  0.00000436  0.00000610  0.00000563  0.00000813  0.00000590  0.00000436  0.00000539  0.00000851  0.00000539  0.00000563  0.00001495  
0.00000813  0.00000547  0.00000419  0.00000378  0.00000302  0.00000290  0.00000347  0.00000650  0.00000647  0.00000284  0.00000231  0.00000329  0.00000424  0.00000297  0.00000630  0.00000563  
0.00000860  0.00000419  0.00000362  0.00000347  0.00000366  0.00000169  0.00000237  0.00000329  0.00000302  0.00000236  0.00000172  0.00000248  0.00000302  0.00000273  0.00000297  0.00000539  
0.00000851  0.00000378  0.00000347  0.00000653  0.00000302  0.00000347  0.00000225  0.00000378  0.00000424  0.00000225  0.00000211  0.00000347  0.00000595  0.00000302  0.00000424  0.00000851  
0.00000860  0.00000302  0.00000366  0.00000302  0.00000362  0.00000172  0.00000237  0.00000297  0.00000419  0.00000236  0.00000169  0.00000273  0.00000347  0.00000248  0.00000329  0.00000539  
0.00000436  0.00000290  0.00000169  0.00000347  0.00000172  0.00000263  0.00000121  0.00000290  0.00000231  0.00000121  0.00000229  0.00000169  0.00000211  0.00000172  0.00000231  0.00000436  
0.00000610  0.00000347  0.00000237  0.00000225  0.00000237  0.00000121  0.00000305  0.00000284  0.00000347  0.00000354  0.00000121  0.00000236  0.00000225  0.00000236  0.00000284  0.00000590  
0.00000563  0.00000650  0.00000329  0.00000378  0.00000297  0.00000290  0.00000284  0.00000547  0.00000630  0.00000347  0.00000231  0.00000419  0.00000424  0.00000302  0.00000647  0.00000813  
0.00000813  0.00000647  0.00000302  0.00000424  0.00000419  0.00000231  0.00000347  0.00000630  0.00000547  0.00000284  0.00000290  0.00000297  0.00000378  0.00000329  0.00000650  0.00000563  
0.00000590  0.00000284  0.00000236  0.00000225  0.00000236  0.00000121  0.00000354  0.00000347  0.00000284  0.00000305  0.00000121  0.00000237  0.00000225  0.00000237  0.00000347  0.00000610  
0.00000436  0.00000231  0.00000172  0.00000211  0.00000169  0.00000229  0.00000121  0.00000231  0.00000290  0.00000121  0.00000263  0.00000172  0.00000347  0.00000169  0.00000290  0.00000436  
0.00000539  0.00000329  0.00000248  0.00000347  0.00000273  0.00000169  0.00000236  0.00000419  0.00000297  0.00000237  0.00000172  0.00000362  0.00000302  0.00000366  0.00000302  0.00000860  
0.00000851  0.00000424  0.00000302  0.00000595  0.00000347  0.00000211  0.00000225  0.00000424  0.00000378  0.00000225  0.00000347  0.00000302  0.00000653  0.00000347  0.00000378  0.00000851  
0.00000539  0.00000297  0.00000273  0.00000302  0.00000248  0.00000172  0.00000236  0.00000302  0.00000329  0.00000237  0.00000169  0.00000366  0.00000347  0.00000362  0.00000419  0.00000860  
0.00000563  0.00000630  0.00000297  0.00000424  0.00000329  0.00000231  0.00000284  0.00000647  0.00000650  0.00000347  0.00000290  0.00000302  0.00000378  0.00000419  0.00000547  0.00000813  
0.00001495  0.00000563  0.00000539  0.00000851  0.00000539  0.00000436  0.00000590  0.00000813  0.00000563  0.00000610  0.00000436  0.00000860  0.00000851  0.00000860  0.00000813  0.00001583  
