0.14373583  0.13205877  0.13205877  0.12321212  0.12485962  0.13130235  0.13130235  0.13998199  
0.13205877  0.12326909  0.12210282  0.11537333  0.11507526  0.12256784  0.12158360  0.13130235  
0.13205877  0.12210282  0.12326909  0.11537333  0.11507526  0.12158360  0.12256784  0.13130235  
0.12321212  0.11537333  0.11537333  0.10972599  0.10751199  0.11507526  0.11507526  0.12485962  
0.12485962  0.11507526  0.11507526  0.10751199  0.10972599  0.11537333  0.11537333  0.12321212  
0.13130235  0.12256784  0.12158360  0.11507526  0.11537333  0.12326909  0.12210282  0.13205877  
0.13130235  0.12158360  0.12256784  0.11507526  0.11537333  0.12210282  0.12326909  0.13205877  
0.13998199  0.13130235  0.13130235  0.12485962  0.12321212  0.13205877  0.13205877  0.14373583  
