0.00003916  0.00002756  0.00002756  0.00004548  0.00003495  0.00003578  0.00003578  0.00007670  
0.00002756  0.00002571  0.00003729  0.00002767  0.00003469  0.00003873  0.00004880  0.00003578  
0.00002756  0.00003729  0.00002571  0.00002767  0.00003469  0.00004880  0.00003873  0.00003578  
0.00004548  0.00002767  0.00002767  0.00005014  0.00006484  0.00003469  0.00003469  0.00003495  
0.00003495  0.00003469  0.00003469  0.00006484  0.00005014  0.00002767  0.00002767  0.00004548  
0.00003578  0.00003873  0.00004880  0.00003469  0.00002767  0.00002571  0.00003729  0.00002756  
0.00003578  0.00004880  0.00003873  0.00003469  0.00002767  0.00003729  0.00002571  0.00002756  
0.00007670  0.00003578  0.00003578  0.00003495  0.00004548  0.00002756  0.00002756  0.00003916  
