0.19553976  0.10547512  0.08198467  0.09439938  0.08198467  0.05093820  0.07098153  0.09768729  0.10547512  0.06025448  0.05093820  0.06400302  0.09439938  0.06400302  0.09768729  0.14367374  
0.10547512  0.06672496  0.04560383  0.06218591  0.04477477  0.03284258  0.04031354  0.06547463  0.05760219  0.03872437  0.02882860  0.04291729  0.05236367  0.04208221  0.05641726  0.09768729  
0.08198467  0.04560383  0.03465153  0.04120902  0.03453677  0.02216213  0.03015878  0.04291729  0.04477477  0.02640927  0.02179934  0.02835913  0.04030715  0.02828102  0.04208221  0.06400302  
0.09439938  0.06218591  0.04120902  0.05869773  0.04030715  0.03087081  0.03674959  0.06218591  0.05236367  0.03674959  0.02652646  0.04120902  0.04800284  0.04030715  0.05236367  0.09439938  
0.08198467  0.04477477  0.03453677  0.04030715  0.03465153  0.02179934  0.03015878  0.04208221  0.04560383  0.02640927  0.02216213  0.02828102  0.04120902  0.02835913  0.04291729  0.06400302  
0.05093820  0.03284258  0.02216213  0.03087081  0.02179934  0.01637463  0.01980525  0.03284258  0.02882860  0.01980525  0.01456252  0.02216213  0.02652646  0.02179934  0.02882860  0.05093820  
0.07098153  0.04031354  0.03015878  0.03674959  0.03015878  0.01980525  0.02663490  0.03872437  0.04031354  0.02433265  0.01980525  0.02640927  0.03674959  0.02640927  0.03872437  0.06025448  
0.09768729  0.06547463  0.04291729  0.06218591  0.04208221  0.03284258  0.03872437  0.06672496  0.05641726  0.04031354  0.02882860  0.04560383  0.05236367  0.04477477  0.05760219  0.10547512  
0.10547512  0.05760219  0.04477477  0.05236367  0.04560383  0.02882860  0.04031354  0.05641726  0.06672496  0.03872437  0.03284258  0.04208221  0.06218591  0.04291729  0.06547463  0.09768729  
0.06025448  0.03872437  0.02640927  0.03674959  0.02640927  0.01980525  0.02433265  0.04031354  0.03872437  0.02663490  0.01980525  0.03015878  0.03674959  0.03015878  0.04031354  0.07098153  
0.05093820  0.02882860  0.02179934  0.02652646  0.02216213  0.01456252  0.01980525  0.02882860  0.03284258  0.01980525  0.01637463  0.02179934  0.03087081  0.02216213  0.03284258  0.05093820  
0.06400302  0.04291729  0.02835913  0.04120902  0.02828102  0.02216213  0.02640927  0.04560383  0.04208221  0.03015878  0.02179934  0.03465153  0.04030715  0.03453677  0.04477477  0.08198467  
0.09439938  0.05236367  0.04030715  0.04800284  0.04120902  0.02652646  0.03674959  0.05236367  0.06218591  0.03674959  0.03087081  0.04030715  0.05869773  0.04120902  0.06218591  0.09439938  
0.06400302  0.04208221  0.02828102  0.04030715  0.02835913  0.02179934  0.02640927  0.04477477  0.04291729  0.03015878  0.02216213  0.03453677  0.04120902  0.03465153  0.04560383  0.08198467  
0.09768729  0.05641726  0.04208221  0.05236367  0.04291729  0.02882860  0.03872437  0.05760219  0.06547463  0.04031354  0.03284258  0.04477477  0.06218591  0.04560383  0.06672496  0.10547512  
0.14367374  0.09768729  0.06400302  0.09439938  0.06400302  0.05093820  0.06025448  0.10547512  0.09768729  0.07098153  0.05093820  0.08198467  0.09439938  0.08198467  0.10547512  0.19553976  
