0.22140431  0.13785924  0.13785924  0.09938756  0.12579834  0.11666683  0.11666683  0.12899703  
0.13785924  0.09963738  0.09436799  0.08103306  0.08444587  0.09309554  0.08806746  0.11666683  
0.13785924  0.09436799  0.09963738  0.08103306  0.08444587  0.08806746  0.09309554  0.11666683  
0.09938756  0.08103306  0.08103306  0.07932094  0.06713028  0.08444587  0.08444587  0.12579834  
0.12579834  0.08444587  0.08444587  0.06713028  0.07932094  0.08103306  0.08103306  0.09938756  
0.11666683  0.09309554  0.08806746  0.08444587  0.08103306  0.09963738  0.09436799  0.13785924  
0.11666683  0.08806746  0.09309554  0.08444587  0.08103306  0.09436799  0.09963738  0.13785924  
0.12899703  0.11666683  0.11666683  0.12579834  0.09938756  0.13785924  0.13785924  0.22140431  
