0.00002682  0.00001223  0.00001223  0.00001301  0.00001843  0.00001819  0.00001819  0.00002073  
0.00001223  0.00001265  0.00001598  0.00001057  0.00000959  0.00001636  0.00001795  0.00001819  
0.00001223  0.00001598  0.00001265  0.00001057  0.00000959  0.00001795  0.00001636  0.00001819  
0.00001301  0.00001057  0.00001057  0.00001487  0.00001405  0.00000959  0.00000959  0.00001843  
0.00001843  0.00000959  0.00000959  0.00001405  0.00001487  0.00001057  0.00001057  0.00001301  
0.00001819  0.00001636  0.00001795  0.00000959  0.00001057  0.00001265  0.00001598  0.00001223  
0.00001819  0.00001795  0.00001636  0.00000959  0.00001057  0.00001598  0.00001265  0.00001223  
0.00002073  0.00001819  0.00001819  0.00001843  0.00001301  0.00001223  0.00001223  0.00002682  
