0.14937911  0.13363804  0.13363804  0.12224505  0.12492755  0.13227415  0.13227415  0.14304947  
0.13363804  0.12226466  0.12055560  0.11261008  0.11219977  0.12133779  0.11968817  0.13227415  
0.13363804  0.12055560  0.12226466  0.11261008  0.11219977  0.11968817  0.12133779  0.13227415  
0.12224505  0.11261008  0.11261008  0.10609157  0.10294234  0.11219977  0.11219977  0.12492755  
0.12492755  0.11219977  0.11219977  0.10294234  0.10609157  0.11261008  0.11261008  0.12224505  
0.13227415  0.12133779  0.11968817  0.11219977  0.11261008  0.12226466  0.12055560  0.13363804  
0.13227415  0.11968817  0.12133779  0.11219977  0.11261008  0.12055560  0.12226466  0.13363804  
0.14304947  0.13227415  0.13227415  0.12492755  0.12224505  0.13363804  0.13363804  0.14937911  
