0.00002043  0.00001431  0.00001431  0.00001639  0.00001395  0.00001409  0.00001409  0.00003256  
0.00001431  0.00000873  0.00001916  0.00001374  0.00001088  0.00001622  0.00002096  0.00001409  
0.00001431  0.00001916  0.00000873  0.00001374  0.00001088  0.00002096  0.00001622  0.00001409  
0.00001639  0.00001374  0.00001374  0.00001311  0.00001806  0.00001088  0.00001088  0.00001395  
0.00001395  0.00001088  0.00001088  0.00001806  0.00001311  0.00001374  0.00001374  0.00001639  
0.00001409  0.00001622  0.00002096  0.00001088  0.00001374  0.00000873  0.00001916  0.00001431  
0.00001409  0.00002096  0.00001622  0.00001088  0.00001374  0.00001916  0.00000873  0.00001431  
0.00003256  0.00001409  0.00001409  0.00001395  0.00001639  0.00001431  0.00001431  0.00002043  
