0.07548323  0.06826511  0.06826511  0.06795059  0.06826511  0.06794976  0.06214368  0.06792598  0.06826511  0.06214368  0.06794976  0.06792598  0.06795059  0.06792598  0.06792598  0.07464274  
0.06826511  0.06220129  0.06188773  0.06182405  0.06188252  0.06182729  0.05635237  0.06187099  0.06185357  0.05651899  0.06159712  0.06183137  0.06159217  0.06183418  0.06160448  0.06792598  
0.06826511  0.06188773  0.06220129  0.06182405  0.06185357  0.06159712  0.05651899  0.06183137  0.06188252  0.05635237  0.06182729  0.06187099  0.06159217  0.06160448  0.06183418  0.06792598  
0.06795059  0.06182405  0.06182405  0.06196787  0.06159217  0.06157458  0.05632496  0.06182405  0.06159217  0.05632496  0.06157458  0.06182405  0.06135145  0.06159217  0.06159217  0.06795059  
0.06826511  0.06188252  0.06185357  0.06159217  0.06220129  0.06182729  0.05651899  0.06183418  0.06188773  0.05635237  0.06159712  0.06160448  0.06182405  0.06187099  0.06183137  0.06792598  
0.06794976  0.06182729  0.06159712  0.06157458  0.06182729  0.06196995  0.05633111  0.06182729  0.06159712  0.05633111  0.06139077  0.06159712  0.06157458  0.06182729  0.06159712  0.06794976  
0.06214368  0.05635237  0.05651899  0.05632496  0.05651899  0.05633111  0.05177379  0.05651899  0.05635237  0.05137131  0.05633111  0.05635237  0.05632496  0.05635237  0.05651899  0.06214368  
0.06792598  0.06187099  0.06183137  0.06182405  0.06183418  0.06182729  0.05651899  0.06220129  0.06160448  0.05635237  0.06159712  0.06188773  0.06159217  0.06188252  0.06185357  0.06826511  
0.06826511  0.06185357  0.06188252  0.06159217  0.06188773  0.06159712  0.05635237  0.06160448  0.06220129  0.05651899  0.06182729  0.06183418  0.06182405  0.06183137  0.06187099  0.06792598  
0.06214368  0.05651899  0.05635237  0.05632496  0.05635237  0.05633111  0.05137131  0.05635237  0.05651899  0.05177379  0.05633111  0.05651899  0.05632496  0.05651899  0.05635237  0.06214368  
0.06794976  0.06159712  0.06182729  0.06157458  0.06159712  0.06139077  0.05633111  0.06159712  0.06182729  0.05633111  0.06196995  0.06182729  0.06157458  0.06159712  0.06182729  0.06794976  
0.06792598  0.06183137  0.06187099  0.06182405  0.06160448  0.06159712  0.05635237  0.06188773  0.06183418  0.05651899  0.06182729  0.06220129  0.06159217  0.06185357  0.06188252  0.06826511  
0.06795059  0.06159217  0.06159217  0.06135145  0.06182405  0.06157458  0.05632496  0.06159217  0.06182405  0.05632496  0.06157458  0.06159217  0.06196787  0.06182405  0.06182405  0.06795059  
0.06792598  0.06183418  0.06160448  0.06159217  0.06187099  0.06182729  0.05635237  0.06188252  0.06183137  0.05651899  0.06159712  0.06185357  0.06182405  0.06220129  0.06188773  0.06826511  
0.06792598  0.06160448  0.06183418  0.06159217  0.06183137  0.06159712  0.05651899  0.06185357  0.06187099  0.05635237  0.06182729  0.06188252  0.06182405  0.06188773  0.06220129  0.06826511  
0.07464274  0.06792598  0.06792598  0.06795059  0.06792598  0.06794976  0.06214368  0.06826511  0.06792598  0.06214368  0.06794976  0.06826511  0.06795059  0.06826511  0.06826511  0.07548323  
