0.00002347  0.00000918  0.00000918  0.00001302  0.00000918  0.00001589  0.00001305  0.00001318  0.00000918  0.00001305  0.00001589  0.00001318  0.00001302  0.00001318  0.00001318  0.00003207  
0.00000918  0.00000729  0.00001407  0.00001060  0.00001599  0.00001062  0.00001306  0.00001418  0.00001570  0.00001188  0.00001180  0.00001468  0.00001434  0.00001318  0.00001408  0.00001318  
0.00000918  0.00001407  0.00000729  0.00001060  0.00001570  0.00001180  0.00001188  0.00001468  0.00001599  0.00001306  0.00001062  0.00001418  0.00001434  0.00001408  0.00001318  0.00001318  
0.00001302  0.00001060  0.00001060  0.00002152  0.00001434  0.00001374  0.00001286  0.00001060  0.00001434  0.00001286  0.00001374  0.00001060  0.00002362  0.00001434  0.00001434  0.00001302  
0.00000918  0.00001599  0.00001570  0.00001434  0.00000729  0.00001062  0.00001188  0.00001318  0.00001407  0.00001306  0.00001180  0.00001408  0.00001060  0.00001418  0.00001468  0.00001318  
0.00001589  0.00001062  0.00001180  0.00001374  0.00001062  0.00002379  0.00001186  0.00001062  0.00001180  0.00001186  0.00002871  0.00001180  0.00001374  0.00001062  0.00001180  0.00001589  
0.00001305  0.00001306  0.00001188  0.00001286  0.00001188  0.00001186  0.00001689  0.00001188  0.00001306  0.00002045  0.00001186  0.00001306  0.00001286  0.00001306  0.00001188  0.00001305  
0.00001318  0.00001418  0.00001468  0.00001060  0.00001318  0.00001062  0.00001188  0.00000729  0.00001408  0.00001306  0.00001180  0.00001407  0.00001434  0.00001599  0.00001570  0.00000918  
0.00000918  0.00001570  0.00001599  0.00001434  0.00001407  0.00001180  0.00001306  0.00001408  0.00000729  0.00001188  0.00001062  0.00001318  0.00001060  0.00001468  0.00001418  0.00001318  
0.00001305  0.00001188  0.00001306  0.00001286  0.00001306  0.00001186  0.00002045  0.00001306  0.00001188  0.00001689  0.00001186  0.00001188  0.00001286  0.00001188  0.00001306  0.00001305  
0.00001589  0.00001180  0.00001062  0.00001374  0.00001180  0.00002871  0.00001186  0.00001180  0.00001062  0.00001186  0.00002379  0.00001062  0.00001374  0.00001180  0.00001062  0.00001589  
0.00001318  0.00001468  0.00001418  0.00001060  0.00001408  0.00001180  0.00001306  0.00001407  0.00001318  0.00001188  0.00001062  0.00000729  0.00001434  0.00001570  0.00001599  0.00000918  
0.00001302  0.00001434  0.00001434  0.00002362  0.00001060  0.00001374  0.00001286  0.00001434  0.00001060  0.00001286  0.00001374  0.00001434  0.00002152  0.00001060  0.00001060  0.00001302  
0.00001318  0.00001318  0.00001408  0.00001434  0.00001418  0.00001062  0.00001306  0.00001599  0.00001468  0.00001188  0.00001180  0.00001570  0.00001060  0.00000729  0.00001407  0.00000918  
0.00001318  0.00001408  0.00001318  0.00001434  0.00001468  0.00001180  0.00001188  0.00001570  0.00001418  0.00001306  0.00001062  0.00001599  0.00001060  0.00001407  0.00000729  0.00000918  
0.00003207  0.00001318  0.00001318  0.00001302  0.00001318  0.00001589  0.00001305  0.00000918  0.00001318  0.00001305  0.00001589  0.00000918  0.00001302  0.00000918  0.00000918  0.00002347  
