0.40156877  0.11041294  0.11041294  0.03323662  0.10879004  0.03863465  0.03863465  0.02361408  
0.11041294  0.03339724  0.03304210  0.01793879  0.03211584  0.01955945  0.01933922  0.03863465  
0.11041294  0.03304210  0.03339724  0.01793879  0.03211584  0.01933922  0.01955945  0.03863465  
0.03323662  0.01793879  0.01793879  0.03163676  0.01616586  0.03211584  0.03211584  0.10879004  
0.10879004  0.03211584  0.03211584  0.01616586  0.03163676  0.01793879  0.01793879  0.03323662  
0.03863465  0.01955945  0.01933922  0.03211584  0.01793879  0.03339724  0.03304210  0.11041294  
0.03863465  0.01933922  0.01955945  0.03211584  0.01793879  0.03304210  0.03339724  0.11041294  
0.02361408  0.03863465  0.03863465  0.10879004  0.03323662  0.11041294  0.11041294  0.40156877  
