0.43050098  0.08136363  0.07822778  0.03063915  0.07822778  0.01551638  0.02877676  0.01530608  0.08136363  0.01584445  0.01551638  0.00743930  0.03063915  0.00743930  0.01530608  0.01507748  
0.08136363  0.01636890  0.01495342  0.00705273  0.01493041  0.00351058  0.00590690  0.00555523  0.01572530  0.00391683  0.00336629  0.00371755  0.00663257  0.00369376  0.00520935  0.01530608  
0.07822778  0.01495342  0.01428798  0.00592623  0.01427389  0.00299722  0.00540680  0.00371755  0.01493041  0.00319280  0.00298932  0.00220926  0.00590625  0.00220652  0.00369376  0.00743930  
0.03063915  0.00705273  0.00592623  0.00457249  0.00590625  0.00225804  0.00313012  0.00705273  0.00663257  0.00313012  0.00213364  0.00592623  0.00420073  0.00590625  0.00663257  0.03063915  
0.07822778  0.01493041  0.01427389  0.00590625  0.01428798  0.00298932  0.00540680  0.00369376  0.01495342  0.00319280  0.00299722  0.00220652  0.00592623  0.00220926  0.00371755  0.00743930  
0.01551638  0.00351058  0.00299722  0.00225804  0.00298932  0.00113142  0.00157684  0.00351058  0.00336629  0.00157684  0.00108246  0.00299722  0.00213364  0.00298932  0.00336629  0.01551638  
0.02877676  0.00590690  0.00540680  0.00313012  0.00540680  0.00157684  0.00248134  0.00391683  0.00590690  0.00204033  0.00157684  0.00319280  0.00313012  0.00319280  0.00391683  0.01584445  
0.01530608  0.00555523  0.00371755  0.00705273  0.00369376  0.00351058  0.00391683  0.01636890  0.00520935  0.00590690  0.00336629  0.01495342  0.00663257  0.01493041  0.01572530  0.08136363  
0.08136363  0.01572530  0.01493041  0.00663257  0.01495342  0.00336629  0.00590690  0.00520935  0.01636890  0.00391683  0.00351058  0.00369376  0.00705273  0.00371755  0.00555523  0.01530608  
0.01584445  0.00391683  0.00319280  0.00313012  0.00319280  0.00157684  0.00204033  0.00590690  0.00391683  0.00248134  0.00157684  0.00540680  0.00313012  0.00540680  0.00590690  0.02877676  
0.01551638  0.00336629  0.00298932  0.00213364  0.00299722  0.00108246  0.00157684  0.00336629  0.00351058  0.00157684  0.00113142  0.00298932  0.00225804  0.00299722  0.00351058  0.01551638  
0.00743930  0.00371755  0.00220926  0.00592623  0.00220652  0.00299722  0.00319280  0.01495342  0.00369376  0.00540680  0.00298932  0.01428798  0.00590625  0.01427389  0.01493041  0.07822778  
0.03063915  0.00663257  0.00590625  0.00420073  0.00592623  0.00213364  0.00313012  0.00663257  0.00705273  0.00313012  0.00225804  0.00590625  0.00457249  0.00592623  0.00705273  0.03063915  
0.00743930  0.00369376  0.00220652  0.00590625  0.00220926  0.00298932  0.00319280  0.01493041  0.00371755  0.00540680  0.00299722  0.01427389  0.00592623  0.01428798  0.01495342  0.07822778  
0.01530608  0.00520935  0.00369376  0.00663257  0.00371755  0.00336629  0.00391683  0.01572530  0.00555523  0.00590690  0.00351058  0.01493041  0.00705273  0.01495342  0.01636890  0.08136363  
0.01507748  0.01530608  0.00743930  0.03063915  0.00743930  0.01551638  0.01584445  0.08136363  0.01530608  0.02877676  0.01551638  0.07822778  0.03063915  0.07822778  0.08136363  0.43050098  
