0.00000720  0.00000634  0.00000564  0.00000339  0.00000564  0.00000211  0.00000348  0.00000218  0.00000634  0.00000262  0.00000211  0.00000155  0.00000339  0.00000155  0.00000218  0.00000450  
0.00000634  0.00000288  0.00000194  0.00000094  0.00000196  0.00000085  0.00000126  0.00000161  0.00000306  0.00000077  0.00000057  0.00000080  0.00000094  0.00000093  0.00000175  0.00000218  
0.00000564  0.00000194  0.00000219  0.00000099  0.00000197  0.00000061  0.00000088  0.00000080  0.00000196  0.00000076  0.00000068  0.00000068  0.00000099  0.00000082  0.00000093  0.00000155  
0.00000339  0.00000094  0.00000099  0.00000150  0.00000099  0.00000081  0.00000060  0.00000094  0.00000094  0.00000060  0.00000058  0.00000099  0.00000164  0.00000099  0.00000094  0.00000339  
0.00000564  0.00000196  0.00000197  0.00000099  0.00000219  0.00000068  0.00000088  0.00000093  0.00000194  0.00000076  0.00000061  0.00000082  0.00000099  0.00000068  0.00000080  0.00000155  
0.00000211  0.00000085  0.00000061  0.00000081  0.00000068  0.00000073  0.00000036  0.00000085  0.00000057  0.00000036  0.00000072  0.00000061  0.00000058  0.00000068  0.00000057  0.00000211  
0.00000348  0.00000126  0.00000088  0.00000060  0.00000088  0.00000036  0.00000108  0.00000077  0.00000126  0.00000093  0.00000036  0.00000076  0.00000060  0.00000076  0.00000077  0.00000262  
0.00000218  0.00000161  0.00000080  0.00000094  0.00000093  0.00000085  0.00000077  0.00000288  0.00000175  0.00000126  0.00000057  0.00000194  0.00000094  0.00000196  0.00000306  0.00000634  
0.00000634  0.00000306  0.00000196  0.00000094  0.00000194  0.00000057  0.00000126  0.00000175  0.00000288  0.00000077  0.00000085  0.00000093  0.00000094  0.00000080  0.00000161  0.00000218  
0.00000262  0.00000077  0.00000076  0.00000060  0.00000076  0.00000036  0.00000093  0.00000126  0.00000077  0.00000108  0.00000036  0.00000088  0.00000060  0.00000088  0.00000126  0.00000348  
0.00000211  0.00000057  0.00000068  0.00000058  0.00000061  0.00000072  0.00000036  0.00000057  0.00000085  0.00000036  0.00000073  0.00000068  0.00000081  0.00000061  0.00000085  0.00000211  
0.00000155  0.00000080  0.00000068  0.00000099  0.00000082  0.00000061  0.00000076  0.00000194  0.00000093  0.00000088  0.00000068  0.00000219  0.00000099  0.00000197  0.00000196  0.00000564  
0.00000339  0.00000094  0.00000099  0.00000164  0.00000099  0.00000058  0.00000060  0.00000094  0.00000094  0.00000060  0.00000081  0.00000099  0.00000150  0.00000099  0.00000094  0.00000339  
0.00000155  0.00000093  0.00000082  0.00000099  0.00000068  0.00000068  0.00000076  0.00000196  0.00000080  0.00000088  0.00000061  0.00000197  0.00000099  0.00000219  0.00000194  0.00000564  
0.00000218  0.00000175  0.00000093  0.00000094  0.00000080  0.00000057  0.00000077  0.00000306  0.00000161  0.00000126  0.00000085  0.00000196  0.00000094  0.00000194  0.00000288  0.00000634  
0.00000450  0.00000218  0.00000155  0.00000339  0.00000155  0.00000211  0.00000262  0.00000634  0.00000218  0.00000348  0.00000211  0.00000564  0.00000339  0.00000564  0.00000634  0.00000720  
