0.16090604  0.13419870  0.13419870  0.11713586  0.12483512  0.12783717  0.12783717  0.13719474  
0.13419870  0.11877184  0.11491847  0.10653354  0.10655840  0.11591172  0.11213552  0.12783717  
0.13419870  0.11491847  0.11877184  0.10653354  0.10655840  0.11213552  0.11591172  0.12783717  
0.11713586  0.10653354  0.10653354  0.10155028  0.09527387  0.10655840  0.10655840  0.12483512  
0.12483512  0.10655840  0.10655840  0.09527387  0.10155028  0.10653354  0.10653354  0.11713586  
0.12783717  0.11591172  0.11213552  0.10655840  0.10653354  0.11877184  0.11491847  0.13419870  
0.12783717  0.11213552  0.11591172  0.10655840  0.10653354  0.11491847  0.11877184  0.13419870  
0.13719474  0.12783717  0.12783717  0.12483512  0.11713586  0.13419870  0.13419870  0.16090604  
