0.00000336  0.00000253  0.00000253  0.00000333  0.00000329  0.00000284  0.00000284  0.00000417  
0.00000253  0.00000179  0.00000268  0.00000166  0.00000254  0.00000327  0.00000310  0.00000284  
0.00000253  0.00000268  0.00000179  0.00000166  0.00000254  0.00000310  0.00000327  0.00000284  
0.00000333  0.00000166  0.00000166  0.00000303  0.00000403  0.00000254  0.00000254  0.00000329  
0.00000329  0.00000254  0.00000254  0.00000403  0.00000303  0.00000166  0.00000166  0.00000333  
0.00000284  0.00000327  0.00000310  0.00000254  0.00000166  0.00000179  0.00000268  0.00000253  
0.00000284  0.00000310  0.00000327  0.00000254  0.00000166  0.00000268  0.00000179  0.00000253  
0.00000417  0.00000284  0.00000284  0.00000329  0.00000333  0.00000253  0.00000253  0.00000336  
