0.00004657  0.00002943  0.00002943  0.00002748  0.00003426  0.00002511  0.00002511  0.00004090  
0.00002943  0.00001992  0.00002209  0.00001487  0.00001635  0.00002532  0.00002693  0.00002511  
0.00002943  0.00002209  0.00001992  0.00001487  0.00001635  0.00002693  0.00002532  0.00002511  
0.00002748  0.00001487  0.00001487  0.00002789  0.00003014  0.00001635  0.00001635  0.00003426  
0.00003426  0.00001635  0.00001635  0.00003014  0.00002789  0.00001487  0.00001487  0.00002748  
0.00002511  0.00002532  0.00002693  0.00001635  0.00001487  0.00001992  0.00002209  0.00002943  
0.00002511  0.00002693  0.00002532  0.00001635  0.00001487  0.00002209  0.00001992  0.00002943  
0.00004090  0.00002511  0.00002511  0.00003426  0.00002748  0.00002943  0.00002943  0.00004657  
