0.21279924  0.14667536  0.11994784  0.14447406  0.14667536  0.10982374  0.14447406  0.18945712  
0.14667536  0.10966434  0.08367104  0.10940665  0.10173856  0.08271178  0.10152108  0.14447406  
0.11994784  0.08367104  0.06787208  0.08271178  0.08367104  0.06342295  0.08271178  0.10982374  
0.14447406  0.10940665  0.08271178  0.10966434  0.10152108  0.08367104  0.10173856  0.14667536  
0.14667536  0.10173856  0.08367104  0.10152108  0.10966434  0.08271178  0.10940665  0.14447406  
0.10982374  0.08271178  0.06342295  0.08367104  0.08271178  0.06787208  0.08367104  0.11994784  
0.14447406  0.10152108  0.08271178  0.10173856  0.10940665  0.08367104  0.10966434  0.14667536  
0.18945712  0.14447406  0.10982374  0.14667536  0.14447406  0.11994784  0.14667536  0.21279924  
