0.14090938  0.13092660  0.13092660  0.12290776  0.12461024  0.12977428  0.12977428  0.13653987  
0.13092660  0.12369740  0.12212480  0.11655708  0.11604861  0.12287236  0.12131925  0.12977428  
0.13092660  0.12212480  0.12369740  0.11655708  0.11604861  0.12131925  0.12287236  0.12977428  
0.12290776  0.11655708  0.11655708  0.11169582  0.10919014  0.11604861  0.11604861  0.12461024  
0.12461024  0.11604861  0.11604861  0.10919014  0.11169582  0.11655708  0.11655708  0.12290776  
0.12977428  0.12287236  0.12131925  0.11604861  0.11655708  0.12369740  0.12212480  0.13092660  
0.12977428  0.12131925  0.12287236  0.11604861  0.11655708  0.12212480  0.12369740  0.13092660  
0.13653987  0.12977428  0.12977428  0.12461024  0.12290776  0.13092660  0.13092660  0.14090938  
