0.00000527  0.00000288  0.00000288  0.00000354  0.00000439  0.00000400  0.00000400  0.00000615  
0.00000288  0.00000308  0.00000441  0.00000312  0.00000358  0.00000384  0.00000517  0.00000400  
0.00000288  0.00000441  0.00000308  0.00000312  0.00000358  0.00000517  0.00000384  0.00000400  
0.00000354  0.00000312  0.00000312  0.00000559  0.00000524  0.00000358  0.00000358  0.00000439  
0.00000439  0.00000358  0.00000358  0.00000524  0.00000559  0.00000312  0.00000312  0.00000354  
0.00000400  0.00000384  0.00000517  0.00000358  0.00000312  0.00000308  0.00000441  0.00000288  
0.00000400  0.00000517  0.00000384  0.00000358  0.00000312  0.00000441  0.00000308  0.00000288  
0.00000615  0.00000400  0.00000400  0.00000439  0.00000354  0.00000288  0.00000288  0.00000527  
