0.14196693  0.08652174  0.08652174  0.07525406  0.08652174  0.07529200  0.05668551  0.07119588  0.08652174  0.05668551  0.07529200  0.07119588  0.07525406  0.07119588  0.07119588  0.09742085  
0.08652174  0.05702686  0.05457742  0.05154601  0.05461225  0.05154926  0.03713393  0.05081268  0.05384266  0.03819999  0.04861907  0.05004061  0.04861104  0.05002874  0.04789647  0.07119588  
0.08652174  0.05457742  0.05702686  0.05154601  0.05384266  0.04861907  0.03819999  0.05004061  0.05461225  0.03713393  0.05154926  0.05081268  0.04861104  0.04789647  0.05002874  0.07119588  
0.07525406  0.05154601  0.05154601  0.05099528  0.04861104  0.04795269  0.03605678  0.05154601  0.04861104  0.03605678  0.04795269  0.05154601  0.04515308  0.04861104  0.04861104  0.07525406  
0.08652174  0.05461225  0.05384266  0.04861104  0.05702686  0.05154926  0.03819999  0.05002874  0.05457742  0.03713393  0.04861907  0.04789647  0.05154601  0.05081268  0.05004061  0.07119588  
0.07529200  0.05154926  0.04861907  0.04795269  0.05154926  0.05096505  0.03606493  0.05154926  0.04861907  0.03606493  0.04518879  0.04861907  0.04795269  0.05154926  0.04861907  0.07529200  
0.05668551  0.03713393  0.03819999  0.03605678  0.03819999  0.03606493  0.02796532  0.03819999  0.03713393  0.02639480  0.03606493  0.03713393  0.03605678  0.03713393  0.03819999  0.05668551  
0.07119588  0.05081268  0.05004061  0.05154601  0.05002874  0.05154926  0.03819999  0.05702686  0.04789647  0.03713393  0.04861907  0.05457742  0.04861104  0.05461225  0.05384266  0.08652174  
0.08652174  0.05384266  0.05461225  0.04861104  0.05457742  0.04861907  0.03713393  0.04789647  0.05702686  0.03819999  0.05154926  0.05002874  0.05154601  0.05004061  0.05081268  0.07119588  
0.05668551  0.03819999  0.03713393  0.03605678  0.03713393  0.03606493  0.02639480  0.03713393  0.03819999  0.02796532  0.03606493  0.03819999  0.03605678  0.03819999  0.03713393  0.05668551  
0.07529200  0.04861907  0.05154926  0.04795269  0.04861907  0.04518879  0.03606493  0.04861907  0.05154926  0.03606493  0.05096505  0.05154926  0.04795269  0.04861907  0.05154926  0.07529200  
0.07119588  0.05004061  0.05081268  0.05154601  0.04789647  0.04861907  0.03713393  0.05457742  0.05002874  0.03819999  0.05154926  0.05702686  0.04861104  0.05384266  0.05461225  0.08652174  
0.07525406  0.04861104  0.04861104  0.04515308  0.05154601  0.04795269  0.03605678  0.04861104  0.05154601  0.03605678  0.04795269  0.04861104  0.05099528  0.05154601  0.05154601  0.07525406  
0.07119588  0.05002874  0.04789647  0.04861104  0.05081268  0.05154926  0.03713393  0.05461225  0.05004061  0.03819999  0.04861907  0.05384266  0.05154601  0.05702686  0.05457742  0.08652174  
0.07119588  0.04789647  0.05002874  0.04861104  0.05004061  0.04861907  0.03819999  0.05384266  0.05081268  0.03713393  0.05154926  0.05461225  0.05154601  0.05457742  0.05702686  0.08652174  
0.09742085  0.07119588  0.07119588  0.07525406  0.07119588  0.07529200  0.05668551  0.08652174  0.07119588  0.05668551  0.07529200  0.08652174  0.07525406  0.08652174  0.08652174  0.14196693  
