0.18374640  0.14379781  0.12240885  0.14309802  0.14379781  0.11730570  0.14309802  0.17440159  
0.14379781  0.11728531  0.09622938  0.11718560  0.11272844  0.09583335  0.11266980  0.14309802  
0.12240885  0.09622938  0.08168297  0.09583335  0.09622938  0.07882921  0.09583335  0.11730570  
0.14309802  0.11718560  0.09583335  0.11728531  0.11266980  0.09622938  0.11272844  0.14379781  
0.14379781  0.11272844  0.09622938  0.11266980  0.11728531  0.09583335  0.11718560  0.14309802  
0.11730570  0.09583335  0.07882921  0.09622938  0.09583335  0.08168297  0.09622938  0.12240885  
0.14309802  0.11266980  0.09583335  0.11272844  0.11718560  0.09622938  0.11728531  0.14379781  
0.17440159  0.14309802  0.11730570  0.14379781  0.14309802  0.12240885  0.14379781  0.18374640  
