0.00001452  0.00001007  0.00000885  0.00000681  0.00001007  0.00001104  0.00000681  0.00001739  
0.00001007  0.00000765  0.00000617  0.00000805  0.00001095  0.00000767  0.00000870  0.00000681  
0.00000885  0.00000617  0.00000882  0.00000767  0.00000617  0.00001025  0.00000767  0.00001104  
0.00000681  0.00000805  0.00000767  0.00000765  0.00000870  0.00000617  0.00001095  0.00001007  
0.00001007  0.00001095  0.00000617  0.00000870  0.00000765  0.00000767  0.00000805  0.00000681  
0.00001104  0.00000767  0.00001025  0.00000617  0.00000767  0.00000882  0.00000617  0.00000885  
0.00000681  0.00000870  0.00000767  0.00001095  0.00000805  0.00000617  0.00000765  0.00001007  
0.00001739  0.00000681  0.00001104  0.00001007  0.00000681  0.00000885  0.00001007  0.00001452  
