0.48435224  0.04952365  0.04897923  0.01032502  0.04952365  0.00536771  0.01032502  0.00518566  
0.04952365  0.00532044  0.00510714  0.00208602  0.00526109  0.00154304  0.00205451  0.01032502  
0.04897923  0.00510714  0.00500688  0.00154304  0.00510714  0.00103164  0.00154304  0.00536771  
0.01032502  0.00208602  0.00154304  0.00532044  0.00205451  0.00510714  0.00526109  0.04952365  
0.04952365  0.00526109  0.00510714  0.00205451  0.00532044  0.00154304  0.00208602  0.01032502  
0.00536771  0.00154304  0.00103164  0.00510714  0.00154304  0.00500688  0.00510714  0.04897923  
0.01032502  0.00205451  0.00154304  0.00526109  0.00208602  0.00510714  0.00532044  0.04952365  
0.00518566  0.01032502  0.00536771  0.04952365  0.01032502  0.04897923  0.04952365  0.48435224  
