0.00000180  0.00000220  0.00000367  0.00000085  0.00000220  0.00000089  0.00000085  0.00000125  
0.00000220  0.00000077  0.00000081  0.00000046  0.00000072  0.00000026  0.00000044  0.00000085  
0.00000367  0.00000081  0.00000093  0.00000026  0.00000081  0.00000041  0.00000026  0.00000089  
0.00000085  0.00000046  0.00000026  0.00000077  0.00000044  0.00000081  0.00000072  0.00000220  
0.00000220  0.00000072  0.00000081  0.00000044  0.00000077  0.00000026  0.00000046  0.00000085  
0.00000089  0.00000026  0.00000041  0.00000081  0.00000026  0.00000093  0.00000081  0.00000367  
0.00000085  0.00000044  0.00000026  0.00000072  0.00000046  0.00000081  0.00000077  0.00000220  
0.00000125  0.00000085  0.00000089  0.00000220  0.00000085  0.00000367  0.00000220  0.00000180  
