0.45744423  0.07909852  0.07909852  0.01426860  0.07862790  0.01687481  0.01687481  0.00685087  
0.07909852  0.01429992  0.01423464  0.00518663  0.01404978  0.00565663  0.00562851  0.01687481  
0.07909852  0.01423464  0.01429992  0.00518663  0.01404978  0.00562851  0.00565663  0.01687481  
0.01426860  0.00518663  0.00518663  0.01395593  0.00469756  0.01404978  0.01404978  0.07862790  
0.07862790  0.01404978  0.01404978  0.00469756  0.01395593  0.00518663  0.00518663  0.01426860  
0.01687481  0.00565663  0.00562851  0.01404978  0.00518663  0.01429992  0.01423464  0.07909852  
0.01687481  0.00562851  0.00565663  0.01404978  0.00518663  0.01423464  0.01429992  0.07909852  
0.00685087  0.01687481  0.01687481  0.07862790  0.01426860  0.07909852  0.07909852  0.45744423  
