0.08518849  0.07159677  0.07159677  0.06992679  0.07159677  0.06992841  0.06100176  0.06917238  0.07159677  0.06100176  0.06992841  0.06917238  0.06992679  0.06917238  0.06917238  0.07943651  
0.07159677  0.06173871  0.06053989  0.06051752  0.06055397  0.06051492  0.05182380  0.06016871  0.06035114  0.05261712  0.05923010  0.05997555  0.05922834  0.05997026  0.05887767  0.06917238  
0.07159677  0.06053989  0.06173871  0.06051752  0.06035114  0.05923010  0.05261712  0.05997555  0.06055397  0.05182380  0.06051492  0.06016871  0.05922834  0.05887767  0.05997026  0.06917238  
0.06992679  0.06051752  0.06051752  0.06093140  0.05922834  0.05950030  0.05189078  0.06051752  0.05922834  0.05189078  0.05950030  0.06051752  0.05823462  0.05922834  0.05922834  0.06992679  
0.07159677  0.06055397  0.06035114  0.05922834  0.06173871  0.06051492  0.05261712  0.05997026  0.06053989  0.05182380  0.05923010  0.05887767  0.06051752  0.06016871  0.05997555  0.06917238  
0.06992841  0.06051492  0.05923010  0.05950030  0.06051492  0.06088037  0.05188387  0.06051492  0.05923010  0.05188387  0.05824946  0.05923010  0.05950030  0.06051492  0.05923010  0.06992841  
0.06100176  0.05182380  0.05261712  0.05189078  0.05261712  0.05188387  0.04604488  0.05261712  0.05182380  0.04459251  0.05188387  0.05182380  0.05189078  0.05182380  0.05261712  0.06100176  
0.06917238  0.06016871  0.05997555  0.06051752  0.05997026  0.06051492  0.05261712  0.06173871  0.05887767  0.05182380  0.05923010  0.06053989  0.05922834  0.06055397  0.06035114  0.07159677  
0.07159677  0.06035114  0.06055397  0.05922834  0.06053989  0.05923010  0.05182380  0.05887767  0.06173871  0.05261712  0.06051492  0.05997026  0.06051752  0.05997555  0.06016871  0.06917238  
0.06100176  0.05261712  0.05182380  0.05189078  0.05182380  0.05188387  0.04459251  0.05182380  0.05261712  0.04604488  0.05188387  0.05261712  0.05189078  0.05261712  0.05182380  0.06100176  
0.06992841  0.05923010  0.06051492  0.05950030  0.05923010  0.05824946  0.05188387  0.05923010  0.06051492  0.05188387  0.06088037  0.06051492  0.05950030  0.05923010  0.06051492  0.06992841  
0.06917238  0.05997555  0.06016871  0.06051752  0.05887767  0.05923010  0.05182380  0.06053989  0.05997026  0.05261712  0.06051492  0.06173871  0.05922834  0.06035114  0.06055397  0.07159677  
0.06992679  0.05922834  0.05922834  0.05823462  0.06051752  0.05950030  0.05189078  0.05922834  0.06051752  0.05189078  0.05950030  0.05922834  0.06093140  0.06051752  0.06051752  0.06992679  
0.06917238  0.05997026  0.05887767  0.05922834  0.06016871  0.06051492  0.05182380  0.06055397  0.05997555  0.05261712  0.05923010  0.06035114  0.06051752  0.06173871  0.06053989  0.07159677  
0.06917238  0.05887767  0.05997026  0.05922834  0.05997555  0.05923010  0.05261712  0.06035114  0.06016871  0.05182380  0.06051492  0.06055397  0.06051752  0.06053989  0.06173871  0.07159677  
0.07943651  0.06917238  0.06917238  0.06992679  0.06917238  0.06992841  0.06100176  0.07159677  0.06917238  0.06100176  0.06992841  0.07159677  0.06992679  0.07159677  0.07159677  0.08518849  
