0.00002855  0.00001007  0.00001007  0.00001316  0.00001007  0.00001221  0.00001055  0.00001393  0.00001007  0.00001055  0.00001221  0.00001393  0.00001316  0.00001393  0.00001393  0.00002317  
0.00001007  0.00000876  0.00001093  0.00000979  0.00000945  0.00001074  0.00000860  0.00001160  0.00001146  0.00000768  0.00001196  0.00001271  0.00000955  0.00001311  0.00001253  0.00001393  
0.00001007  0.00001093  0.00000876  0.00000979  0.00001146  0.00001196  0.00000768  0.00001271  0.00000945  0.00000860  0.00001074  0.00001160  0.00000955  0.00001253  0.00001311  0.00001393  
0.00001316  0.00000979  0.00000979  0.00002060  0.00000955  0.00001292  0.00001096  0.00000979  0.00000955  0.00001096  0.00001292  0.00000979  0.00002204  0.00000955  0.00000955  0.00001316  
0.00001007  0.00000945  0.00001146  0.00000955  0.00000876  0.00001074  0.00000768  0.00001311  0.00001093  0.00000860  0.00001196  0.00001253  0.00000979  0.00001160  0.00001271  0.00001393  
0.00001221  0.00001074  0.00001196  0.00001292  0.00001074  0.00002121  0.00001095  0.00001074  0.00001196  0.00001095  0.00002468  0.00001196  0.00001292  0.00001074  0.00001196  0.00001221  
0.00001055  0.00000860  0.00000768  0.00001096  0.00000768  0.00001095  0.00001918  0.00000768  0.00000860  0.00002127  0.00001095  0.00000860  0.00001096  0.00000860  0.00000768  0.00001055  
0.00001393  0.00001160  0.00001271  0.00000979  0.00001311  0.00001074  0.00000768  0.00000876  0.00001253  0.00000860  0.00001196  0.00001093  0.00000955  0.00000945  0.00001146  0.00001007  
0.00001007  0.00001146  0.00000945  0.00000955  0.00001093  0.00001196  0.00000860  0.00001253  0.00000876  0.00000768  0.00001074  0.00001311  0.00000979  0.00001271  0.00001160  0.00001393  
0.00001055  0.00000768  0.00000860  0.00001096  0.00000860  0.00001095  0.00002127  0.00000860  0.00000768  0.00001918  0.00001095  0.00000768  0.00001096  0.00000768  0.00000860  0.00001055  
0.00001221  0.00001196  0.00001074  0.00001292  0.00001196  0.00002468  0.00001095  0.00001196  0.00001074  0.00001095  0.00002121  0.00001074  0.00001292  0.00001196  0.00001074  0.00001221  
0.00001393  0.00001271  0.00001160  0.00000979  0.00001253  0.00001196  0.00000860  0.00001093  0.00001311  0.00000768  0.00001074  0.00000876  0.00000955  0.00001146  0.00000945  0.00001007  
0.00001316  0.00000955  0.00000955  0.00002204  0.00000979  0.00001292  0.00001096  0.00000955  0.00000979  0.00001096  0.00001292  0.00000955  0.00002060  0.00000979  0.00000979  0.00001316  
0.00001393  0.00001311  0.00001253  0.00000955  0.00001160  0.00001074  0.00000860  0.00000945  0.00001271  0.00000768  0.00001196  0.00001146  0.00000979  0.00000876  0.00001093  0.00001007  
0.00001393  0.00001253  0.00001311  0.00000955  0.00001271  0.00001196  0.00000768  0.00001146  0.00001160  0.00000860  0.00001074  0.00000945  0.00000979  0.00001093  0.00000876  0.00001007  
0.00002317  0.00001393  0.00001393  0.00001316  0.00001393  0.00001221  0.00001055  0.00001007  0.00001393  0.00001055  0.00001221  0.00001007  0.00001316  0.00001007  0.00001007  0.00002855  
