0.46266724  0.07349608  0.07145400  0.02433744  0.07349608  0.01324891  0.02433744  0.01848067  
0.07349608  0.01302274  0.01185496  0.00748973  0.01265776  0.00543288  0.00721320  0.02433744  
0.07145400  0.01185496  0.01128728  0.00543288  0.01185496  0.00364634  0.00543288  0.01324891  
0.02433744  0.00748973  0.00543288  0.01302274  0.00721320  0.01185496  0.01265776  0.07349608  
0.07349608  0.01265776  0.01185496  0.00721320  0.01302274  0.00543288  0.00748973  0.02433744  
0.01324891  0.00543288  0.00364634  0.01185496  0.00543288  0.01128728  0.01185496  0.07145400  
0.02433744  0.00721320  0.00543288  0.01265776  0.00748973  0.01185496  0.01302274  0.07349608  
0.01848067  0.02433744  0.01324891  0.07349608  0.02433744  0.07145400  0.07349608  0.46266724  
