0.14340356  0.13153446  0.13153446  0.12228504  0.12451452  0.12997182  0.12997182  0.13750130  
0.13153446  0.12329604  0.12128404  0.11519988  0.11459723  0.12222047  0.12023915  0.12997182  
0.13153446  0.12128404  0.12329604  0.11519988  0.11459723  0.12023915  0.12222047  0.12997182  
0.12228504  0.11519988  0.11519988  0.11000435  0.10688597  0.11459723  0.11459723  0.12451452  
0.12451452  0.11459723  0.11459723  0.10688597  0.11000435  0.11519988  0.11519988  0.12228504  
0.12997182  0.12222047  0.12023915  0.11459723  0.11519988  0.12329604  0.12128404  0.13153446  
0.12997182  0.12023915  0.12222047  0.11459723  0.11519988  0.12128404  0.12329604  0.13153446  
0.13750130  0.12997182  0.12997182  0.12451452  0.12228504  0.13153446  0.13153446  0.14340356  
