0.00000399  0.00000318  0.00000318  0.00000437  0.00000376  0.00000279  0.00000279  0.00000570  
0.00000318  0.00000257  0.00000347  0.00000290  0.00000268  0.00000356  0.00000386  0.00000279  
0.00000318  0.00000347  0.00000257  0.00000290  0.00000268  0.00000386  0.00000356  0.00000279  
0.00000437  0.00000290  0.00000290  0.00000377  0.00000494  0.00000268  0.00000268  0.00000376  
0.00000376  0.00000268  0.00000268  0.00000494  0.00000377  0.00000290  0.00000290  0.00000437  
0.00000279  0.00000356  0.00000386  0.00000268  0.00000290  0.00000257  0.00000347  0.00000318  
0.00000279  0.00000386  0.00000356  0.00000268  0.00000290  0.00000347  0.00000257  0.00000318  
0.00000570  0.00000279  0.00000279  0.00000376  0.00000437  0.00000318  0.00000318  0.00000399  
