0.14302178  0.08679534  0.08679534  0.07517711  0.08679534  0.07517598  0.05661907  0.07090926  0.08679534  0.05661907  0.07517598  0.07090926  0.07517711  0.07090926  0.07090926  0.09686377  
0.08679534  0.05693183  0.05453556  0.05135345  0.05455036  0.05135232  0.03700856  0.05056099  0.05379814  0.03807344  0.04844555  0.04979841  0.04845047  0.04980004  0.04769000  0.07090926  
0.08679534  0.05453556  0.05693183  0.05135345  0.05379814  0.04844555  0.03807344  0.04979841  0.05455036  0.03700856  0.05135232  0.05056099  0.04845047  0.04769000  0.04980004  0.07090926  
0.07517711  0.05135345  0.05135345  0.05071230  0.04845047  0.04772761  0.03591212  0.05135345  0.04845047  0.03591212  0.04772761  0.05135345  0.04493760  0.04845047  0.04845047  0.07517711  
0.08679534  0.05455036  0.05379814  0.04845047  0.05693183  0.05135232  0.03807344  0.04980004  0.05453556  0.03700856  0.04844555  0.04769000  0.05135345  0.05056099  0.04979841  0.07090926  
0.07517598  0.05135232  0.04844555  0.04772761  0.05135232  0.05071406  0.03591804  0.05135232  0.04844555  0.03591804  0.04495705  0.04844555  0.04772761  0.05135232  0.04844555  0.07517598  
0.05661907  0.03700856  0.03807344  0.03591212  0.03807344  0.03591804  0.02782455  0.03807344  0.03700856  0.02626165  0.03591804  0.03700856  0.03591212  0.03700856  0.03807344  0.05661907  
0.07090926  0.05056099  0.04979841  0.05135345  0.04980004  0.05135232  0.03807344  0.05693183  0.04769000  0.03700856  0.04844555  0.05453556  0.04845047  0.05455036  0.05379814  0.08679534  
0.08679534  0.05379814  0.05455036  0.04845047  0.05453556  0.04844555  0.03700856  0.04769000  0.05693183  0.03807344  0.05135232  0.04980004  0.05135345  0.04979841  0.05056099  0.07090926  
0.05661907  0.03807344  0.03700856  0.03591212  0.03700856  0.03591804  0.02626165  0.03700856  0.03807344  0.02782455  0.03591804  0.03807344  0.03591212  0.03807344  0.03700856  0.05661907  
0.07517598  0.04844555  0.05135232  0.04772761  0.04844555  0.04495705  0.03591804  0.04844555  0.05135232  0.03591804  0.05071406  0.05135232  0.04772761  0.04844555  0.05135232  0.07517598  
0.07090926  0.04979841  0.05056099  0.05135345  0.04769000  0.04844555  0.03700856  0.05453556  0.04980004  0.03807344  0.05135232  0.05693183  0.04845047  0.05379814  0.05455036  0.08679534  
0.07517711  0.04845047  0.04845047  0.04493760  0.05135345  0.04772761  0.03591212  0.04845047  0.05135345  0.03591212  0.04772761  0.04845047  0.05071230  0.05135345  0.05135345  0.07517711  
0.07090926  0.04980004  0.04769000  0.04845047  0.05056099  0.05135232  0.03700856  0.05455036  0.04979841  0.03807344  0.04844555  0.05379814  0.05135345  0.05693183  0.05453556  0.08679534  
0.07090926  0.04769000  0.04980004  0.04845047  0.04979841  0.04844555  0.03807344  0.05379814  0.05056099  0.03700856  0.05135232  0.05455036  0.05135345  0.05453556  0.05693183  0.08679534  
0.09686377  0.07090926  0.07090926  0.07517711  0.07090926  0.07517598  0.05661907  0.08679534  0.07090926  0.05661907  0.07517598  0.08679534  0.07517711  0.08679534  0.08679534  0.14302178  
