0.00002733  0.00000959  0.00000959  0.00001412  0.00000959  0.00001196  0.00001053  0.00000958  0.00000959  0.00001053  0.00001196  0.00000958  0.00001412  0.00000958  0.00000958  0.00003202  
0.00000959  0.00000620  0.00001156  0.00000693  0.00001018  0.00000630  0.00000654  0.00001080  0.00001273  0.00000575  0.00000922  0.00001044  0.00000691  0.00001161  0.00000754  0.00000958  
0.00000959  0.00001156  0.00000620  0.00000693  0.00001273  0.00000922  0.00000575  0.00001044  0.00001018  0.00000654  0.00000630  0.00001080  0.00000691  0.00000754  0.00001161  0.00000958  
0.00001412  0.00000693  0.00000693  0.00001224  0.00000691  0.00000746  0.00000757  0.00000693  0.00000691  0.00000757  0.00000746  0.00000693  0.00001550  0.00000691  0.00000691  0.00001412  
0.00000959  0.00001018  0.00001273  0.00000691  0.00000620  0.00000630  0.00000575  0.00001161  0.00001156  0.00000654  0.00000922  0.00000754  0.00000693  0.00001080  0.00001044  0.00000958  
0.00001196  0.00000630  0.00000922  0.00000746  0.00000630  0.00001880  0.00000640  0.00000630  0.00000922  0.00000640  0.00001795  0.00000922  0.00000746  0.00000630  0.00000922  0.00001196  
0.00001053  0.00000654  0.00000575  0.00000757  0.00000575  0.00000640  0.00001016  0.00000575  0.00000654  0.00001030  0.00000640  0.00000654  0.00000757  0.00000654  0.00000575  0.00001053  
0.00000958  0.00001080  0.00001044  0.00000693  0.00001161  0.00000630  0.00000575  0.00000620  0.00000754  0.00000654  0.00000922  0.00001156  0.00000691  0.00001018  0.00001273  0.00000959  
0.00000959  0.00001273  0.00001018  0.00000691  0.00001156  0.00000922  0.00000654  0.00000754  0.00000620  0.00000575  0.00000630  0.00001161  0.00000693  0.00001044  0.00001080  0.00000958  
0.00001053  0.00000575  0.00000654  0.00000757  0.00000654  0.00000640  0.00001030  0.00000654  0.00000575  0.00001016  0.00000640  0.00000575  0.00000757  0.00000575  0.00000654  0.00001053  
0.00001196  0.00000922  0.00000630  0.00000746  0.00000922  0.00001795  0.00000640  0.00000922  0.00000630  0.00000640  0.00001880  0.00000630  0.00000746  0.00000922  0.00000630  0.00001196  
0.00000958  0.00001044  0.00001080  0.00000693  0.00000754  0.00000922  0.00000654  0.00001156  0.00001161  0.00000575  0.00000630  0.00000620  0.00000691  0.00001273  0.00001018  0.00000959  
0.00001412  0.00000691  0.00000691  0.00001550  0.00000693  0.00000746  0.00000757  0.00000691  0.00000693  0.00000757  0.00000746  0.00000691  0.00001224  0.00000693  0.00000693  0.00001412  
0.00000958  0.00001161  0.00000754  0.00000691  0.00001080  0.00000630  0.00000654  0.00001018  0.00001044  0.00000575  0.00000922  0.00001273  0.00000693  0.00000620  0.00001156  0.00000959  
0.00000958  0.00000754  0.00001161  0.00000691  0.00001044  0.00000922  0.00000575  0.00001273  0.00001080  0.00000654  0.00000630  0.00001018  0.00000693  0.00001156  0.00000620  0.00000959  
0.00003202  0.00000958  0.00000958  0.00001412  0.00000958  0.00001196  0.00001053  0.00000959  0.00000958  0.00001053  0.00001196  0.00000959  0.00001412  0.00000959  0.00000959  0.00002733  
