0.08144022  0.07038907  0.07038907  0.06922538  0.07038907  0.06923745  0.06141738  0.06871932  0.07038907  0.06141738  0.06923745  0.06871932  0.06922538  0.06871932  0.06871932  0.07762710  
0.07038907  0.06194556  0.06104475  0.06107150  0.06105473  0.06107643  0.05342401  0.06080608  0.06091973  0.05405219  0.06009520  0.06067286  0.06009278  0.06068055  0.05984015  0.06871932  
0.07038907  0.06104475  0.06194556  0.06107150  0.06091973  0.06009520  0.05405219  0.06067286  0.06105473  0.05342401  0.06107643  0.06080608  0.06009278  0.05984015  0.06068055  0.06871932  
0.06922538  0.06107150  0.06107150  0.06135526  0.06009278  0.06030599  0.05349045  0.06107150  0.06009278  0.05349045  0.06030599  0.06107150  0.05933966  0.06009278  0.06009278  0.06922538  
0.07038907  0.06105473  0.06091973  0.06009278  0.06194556  0.06107643  0.05405219  0.06068055  0.06104475  0.05342401  0.06009520  0.05984015  0.06107150  0.06080608  0.06067286  0.06871932  
0.06923745  0.06107643  0.06009520  0.06030599  0.06107643  0.06135757  0.05350008  0.06107643  0.06009520  0.05350008  0.05933937  0.06009520  0.06030599  0.06107643  0.06009520  0.06923745  
0.06141738  0.05342401  0.05405219  0.05349045  0.05405219  0.05350008  0.04806472  0.05405219  0.05342401  0.04691069  0.05350008  0.05342401  0.05349045  0.05342401  0.05405219  0.06141738  
0.06871932  0.06080608  0.06067286  0.06107150  0.06068055  0.06107643  0.05405219  0.06194556  0.05984015  0.05342401  0.06009520  0.06104475  0.06009278  0.06105473  0.06091973  0.07038907  
0.07038907  0.06091973  0.06105473  0.06009278  0.06104475  0.06009520  0.05342401  0.05984015  0.06194556  0.05405219  0.06107643  0.06068055  0.06107150  0.06067286  0.06080608  0.06871932  
0.06141738  0.05405219  0.05342401  0.05349045  0.05342401  0.05350008  0.04691069  0.05342401  0.05405219  0.04806472  0.05350008  0.05405219  0.05349045  0.05405219  0.05342401  0.06141738  
0.06923745  0.06009520  0.06107643  0.06030599  0.06009520  0.05933937  0.05350008  0.06009520  0.06107643  0.05350008  0.06135757  0.06107643  0.06030599  0.06009520  0.06107643  0.06923745  
0.06871932  0.06067286  0.06080608  0.06107150  0.05984015  0.06009520  0.05342401  0.06104475  0.06068055  0.05405219  0.06107643  0.06194556  0.06009278  0.06091973  0.06105473  0.07038907  
0.06922538  0.06009278  0.06009278  0.05933966  0.06107150  0.06030599  0.05349045  0.06009278  0.06107150  0.05349045  0.06030599  0.06009278  0.06135526  0.06107150  0.06107150  0.06922538  
0.06871932  0.06068055  0.05984015  0.06009278  0.06080608  0.06107643  0.05342401  0.06105473  0.06067286  0.05405219  0.06009520  0.06091973  0.06107150  0.06194556  0.06104475  0.07038907  
0.06871932  0.05984015  0.06068055  0.06009278  0.06067286  0.06009520  0.05405219  0.06091973  0.06080608  0.05342401  0.06107643  0.06105473  0.06107150  0.06104475  0.06194556  0.07038907  
0.07762710  0.06871932  0.06871932  0.06922538  0.06871932  0.06923745  0.06141738  0.07038907  0.06871932  0.06141738  0.06923745  0.07038907  0.06922538  0.07038907  0.07038907  0.08144022  
