0.00001030  0.00000540  0.00000540  0.00000643  0.00000540  0.00000674  0.00000577  0.00000640  0.00000540  0.00000577  0.00000674  0.00000640  0.00000643  0.00000640  0.00000640  0.00001345  
0.00000540  0.00000355  0.00000663  0.00000570  0.00000680  0.00000426  0.00000502  0.00000756  0.00000631  0.00000462  0.00000632  0.00000698  0.00000528  0.00000588  0.00000747  0.00000640  
0.00000540  0.00000663  0.00000355  0.00000570  0.00000631  0.00000632  0.00000462  0.00000698  0.00000680  0.00000502  0.00000426  0.00000756  0.00000528  0.00000747  0.00000588  0.00000640  
0.00000643  0.00000570  0.00000570  0.00001100  0.00000528  0.00000606  0.00000533  0.00000570  0.00000528  0.00000533  0.00000606  0.00000570  0.00001069  0.00000528  0.00000528  0.00000643  
0.00000540  0.00000680  0.00000631  0.00000528  0.00000355  0.00000426  0.00000462  0.00000588  0.00000663  0.00000502  0.00000632  0.00000747  0.00000570  0.00000756  0.00000698  0.00000640  
0.00000674  0.00000426  0.00000632  0.00000606  0.00000426  0.00000800  0.00000510  0.00000426  0.00000632  0.00000510  0.00001410  0.00000632  0.00000606  0.00000426  0.00000632  0.00000674  
0.00000577  0.00000502  0.00000462  0.00000533  0.00000462  0.00000510  0.00000903  0.00000462  0.00000502  0.00000943  0.00000510  0.00000502  0.00000533  0.00000502  0.00000462  0.00000577  
0.00000640  0.00000756  0.00000698  0.00000570  0.00000588  0.00000426  0.00000462  0.00000355  0.00000747  0.00000502  0.00000632  0.00000663  0.00000528  0.00000680  0.00000631  0.00000540  
0.00000540  0.00000631  0.00000680  0.00000528  0.00000663  0.00000632  0.00000502  0.00000747  0.00000355  0.00000462  0.00000426  0.00000588  0.00000570  0.00000698  0.00000756  0.00000640  
0.00000577  0.00000462  0.00000502  0.00000533  0.00000502  0.00000510  0.00000943  0.00000502  0.00000462  0.00000903  0.00000510  0.00000462  0.00000533  0.00000462  0.00000502  0.00000577  
0.00000674  0.00000632  0.00000426  0.00000606  0.00000632  0.00001410  0.00000510  0.00000632  0.00000426  0.00000510  0.00000800  0.00000426  0.00000606  0.00000632  0.00000426  0.00000674  
0.00000640  0.00000698  0.00000756  0.00000570  0.00000747  0.00000632  0.00000502  0.00000663  0.00000588  0.00000462  0.00000426  0.00000355  0.00000528  0.00000631  0.00000680  0.00000540  
0.00000643  0.00000528  0.00000528  0.00001069  0.00000570  0.00000606  0.00000533  0.00000528  0.00000570  0.00000533  0.00000606  0.00000528  0.00001100  0.00000570  0.00000570  0.00000643  
0.00000640  0.00000588  0.00000747  0.00000528  0.00000756  0.00000426  0.00000502  0.00000680  0.00000698  0.00000462  0.00000632  0.00000631  0.00000570  0.00000355  0.00000663  0.00000540  
0.00000640  0.00000747  0.00000588  0.00000528  0.00000698  0.00000632  0.00000462  0.00000631  0.00000756  0.00000502  0.00000426  0.00000680  0.00000570  0.00000663  0.00000355  0.00000540  
0.00001345  0.00000640  0.00000640  0.00000643  0.00000640  0.00000674  0.00000577  0.00000540  0.00000640  0.00000577  0.00000674  0.00000540  0.00000643  0.00000540  0.00000540  0.00001030  
