0.27320347  0.10693970  0.10693970  0.05203491  0.10693970  0.05203229  0.04350613  0.02898364  0.10693970  0.04350613  0.05203229  0.02898364  0.05203491  0.02898364  0.02898364  0.02750501  
0.10693970  0.04400057  0.04322536  0.02411701  0.04322952  0.02411978  0.01978029  0.01874060  0.04313796  0.02008734  0.02361306  0.01868032  0.02361585  0.01868469  0.01832835  0.02898364  
0.10693970  0.04322536  0.04400057  0.02411701  0.04313796  0.02361306  0.02008734  0.01868032  0.04322952  0.01978029  0.02411978  0.01874060  0.02361585  0.01832835  0.01868469  0.02898364  
0.05203491  0.02411701  0.02411701  0.01886311  0.02361585  0.01843297  0.01538985  0.02411701  0.02361585  0.01538985  0.01843297  0.02411701  0.01802972  0.02361585  0.02361585  0.05203491  
0.10693970  0.04322952  0.04313796  0.02361585  0.04400057  0.02411978  0.02008734  0.01868469  0.04322536  0.01978029  0.02361306  0.01832835  0.02411701  0.01874060  0.01868032  0.02898364  
0.05203229  0.02411978  0.02361306  0.01843297  0.02411978  0.01886917  0.01538759  0.02411978  0.02361306  0.01538759  0.01803307  0.02361306  0.01843297  0.02411978  0.02361306  0.05203229  
0.04350613  0.01978029  0.02008734  0.01538985  0.02008734  0.01538759  0.01306196  0.02008734  0.01978029  0.01265764  0.01538759  0.01978029  0.01538985  0.01978029  0.02008734  0.04350613  
0.02898364  0.01874060  0.01868032  0.02411701  0.01868469  0.02411978  0.02008734  0.04400057  0.01832835  0.01978029  0.02361306  0.04322536  0.02361585  0.04322952  0.04313796  0.10693970  
0.10693970  0.04313796  0.04322952  0.02361585  0.04322536  0.02361306  0.01978029  0.01832835  0.04400057  0.02008734  0.02411978  0.01868469  0.02411701  0.01868032  0.01874060  0.02898364  
0.04350613  0.02008734  0.01978029  0.01538985  0.01978029  0.01538759  0.01265764  0.01978029  0.02008734  0.01306196  0.01538759  0.02008734  0.01538985  0.02008734  0.01978029  0.04350613  
0.05203229  0.02361306  0.02411978  0.01843297  0.02361306  0.01803307  0.01538759  0.02361306  0.02411978  0.01538759  0.01886917  0.02411978  0.01843297  0.02361306  0.02411978  0.05203229  
0.02898364  0.01868032  0.01874060  0.02411701  0.01832835  0.02361306  0.01978029  0.04322536  0.01868469  0.02008734  0.02411978  0.04400057  0.02361585  0.04313796  0.04322952  0.10693970  
0.05203491  0.02361585  0.02361585  0.01802972  0.02411701  0.01843297  0.01538985  0.02361585  0.02411701  0.01538985  0.01843297  0.02361585  0.01886311  0.02411701  0.02411701  0.05203491  
0.02898364  0.01868469  0.01832835  0.02361585  0.01874060  0.02411978  0.01978029  0.04322952  0.01868032  0.02008734  0.02361306  0.04313796  0.02411701  0.04400057  0.04322536  0.10693970  
0.02898364  0.01832835  0.01868469  0.02361585  0.01868032  0.02361306  0.02008734  0.04313796  0.01874060  0.01978029  0.02411978  0.04322952  0.02411701  0.04322536  0.04400057  0.10693970  
0.02750501  0.02898364  0.02898364  0.05203491  0.02898364  0.05203229  0.04350613  0.10693970  0.02898364  0.04350613  0.05203229  0.10693970  0.05203491  0.10693970  0.10693970  0.27320347  
