0.00000598  0.00000466  0.00000673  0.00000503  0.00000466  0.00000341  0.00000503  0.00000682  
0.00000466  0.00000277  0.00000263  0.00000281  0.00000323  0.00000182  0.00000330  0.00000503  
0.00000673  0.00000263  0.00000315  0.00000182  0.00000263  0.00000253  0.00000182  0.00000341  
0.00000503  0.00000281  0.00000182  0.00000277  0.00000330  0.00000263  0.00000323  0.00000466  
0.00000466  0.00000323  0.00000263  0.00000330  0.00000277  0.00000182  0.00000281  0.00000503  
0.00000341  0.00000182  0.00000253  0.00000263  0.00000182  0.00000315  0.00000263  0.00000673  
0.00000503  0.00000330  0.00000182  0.00000323  0.00000281  0.00000263  0.00000277  0.00000466  
0.00000682  0.00000503  0.00000341  0.00000466  0.00000503  0.00000673  0.00000466  0.00000598  
