0.17302713  0.13509662  0.13509662  0.11313070  0.12559928  0.12436984  0.12436984  0.13274129  
0.13509662  0.11472941  0.11057966  0.10112897  0.10229881  0.11062048  0.10660724  0.12436984  
0.13509662  0.11057966  0.11472941  0.10112897  0.10229881  0.10660724  0.11062048  0.12436984  
0.11313070  0.10112897  0.10112897  0.09751404  0.08970221  0.10229881  0.10229881  0.12559928  
0.12559928  0.10229881  0.10229881  0.08970221  0.09751404  0.10112897  0.10112897  0.11313070  
0.12436984  0.11062048  0.10660724  0.10229881  0.10112897  0.11472941  0.11057966  0.13509662  
0.12436984  0.10660724  0.11062048  0.10229881  0.10112897  0.11057966  0.11472941  0.13509662  
0.13274129  0.12436984  0.12436984  0.12559928  0.11313070  0.13509662  0.13509662  0.17302713  
