0.00000307  0.00000276  0.00000276  0.00000392  0.00000340  0.00000231  0.00000231  0.00000427  
0.00000276  0.00000206  0.00000323  0.00000217  0.00000247  0.00000217  0.00000303  0.00000231  
0.00000276  0.00000323  0.00000206  0.00000217  0.00000247  0.00000303  0.00000217  0.00000231  
0.00000392  0.00000217  0.00000217  0.00000335  0.00000398  0.00000247  0.00000247  0.00000340  
0.00000340  0.00000247  0.00000247  0.00000398  0.00000335  0.00000217  0.00000217  0.00000392  
0.00000231  0.00000217  0.00000303  0.00000247  0.00000217  0.00000206  0.00000323  0.00000276  
0.00000231  0.00000303  0.00000217  0.00000247  0.00000217  0.00000323  0.00000206  0.00000276  
0.00000427  0.00000231  0.00000231  0.00000340  0.00000392  0.00000276  0.00000276  0.00000307  
