0.24378526  0.13627503  0.13627503  0.08809613  0.12947219  0.09846874  0.09846874  0.09488959  
0.13627503  0.08917098  0.08648178  0.07184576  0.08095115  0.07864472  0.07621453  0.09846874  
0.13627503  0.08648178  0.08917098  0.07184576  0.08095115  0.07621453  0.07864472  0.09846874  
0.08809613  0.07184576  0.07184576  0.07787277  0.06380591  0.08095115  0.08095115  0.12947219  
0.12947219  0.08095115  0.08095115  0.06380591  0.07787277  0.07184576  0.07184576  0.08809613  
0.09846874  0.07864472  0.07621453  0.08095115  0.07184576  0.08917098  0.08648178  0.13627503  
0.09846874  0.07621453  0.07864472  0.08095115  0.07184576  0.08648178  0.08917098  0.13627503  
0.09488959  0.09846874  0.09846874  0.12947219  0.08809613  0.13627503  0.13627503  0.24378526  
