0.17987388  0.13781305  0.13781305  0.11403058  0.12477690  0.13064672  0.13064672  0.14816009  
0.13781305  0.11435985  0.10921735  0.09809368  0.09784437  0.11109342  0.10612087  0.13064672  
0.13781305  0.10921735  0.11435985  0.09809368  0.09784437  0.10612087  0.11109342  0.13064672  
0.11403058  0.09809368  0.09809368  0.09140642  0.08300418  0.09784437  0.09784437  0.12477690  
0.12477690  0.09784437  0.09784437  0.08300418  0.09140642  0.09809368  0.09809368  0.11403058  
0.13064672  0.11109342  0.10612087  0.09784437  0.09809368  0.11435985  0.10921735  0.13781305  
0.13064672  0.10612087  0.11109342  0.09784437  0.09809368  0.10921735  0.11435985  0.13781305  
0.14816009  0.13064672  0.13064672  0.12477690  0.11403058  0.13781305  0.13781305  0.17987388  
