0.00002123  0.00001381  0.00001381  0.00001857  0.00001701  0.00001789  0.00001789  0.00002509  
0.00001381  0.00000901  0.00001448  0.00001035  0.00001273  0.00001558  0.00001889  0.00001789  
0.00001381  0.00001448  0.00000901  0.00001035  0.00001273  0.00001889  0.00001558  0.00001789  
0.00001857  0.00001035  0.00001035  0.00001514  0.00001684  0.00001273  0.00001273  0.00001701  
0.00001701  0.00001273  0.00001273  0.00001684  0.00001514  0.00001035  0.00001035  0.00001857  
0.00001789  0.00001558  0.00001889  0.00001273  0.00001035  0.00000901  0.00001448  0.00001381  
0.00001789  0.00001889  0.00001558  0.00001273  0.00001035  0.00001448  0.00000901  0.00001381  
0.00002509  0.00001789  0.00001789  0.00001701  0.00001857  0.00001381  0.00001381  0.00002123  
