0.00001277  0.00000683  0.00000683  0.00000694  0.00001200  0.00000547  0.00000547  0.00000889  
0.00000683  0.00000597  0.00000749  0.00000359  0.00000504  0.00000518  0.00000470  0.00000547  
0.00000683  0.00000749  0.00000597  0.00000359  0.00000504  0.00000470  0.00000518  0.00000547  
0.00000694  0.00000359  0.00000359  0.00000812  0.00000502  0.00000504  0.00000504  0.00001200  
0.00001200  0.00000504  0.00000504  0.00000502  0.00000812  0.00000359  0.00000359  0.00000694  
0.00000547  0.00000518  0.00000470  0.00000504  0.00000359  0.00000597  0.00000749  0.00000683  
0.00000547  0.00000470  0.00000518  0.00000504  0.00000359  0.00000749  0.00000597  0.00000683  
0.00000889  0.00000547  0.00000547  0.00001200  0.00000694  0.00000683  0.00000683  0.00001277  
