0.49620863  0.02493754  0.02487300  0.00251929  0.02493754  0.00127206  0.00251929  0.00063067  
0.02493754  0.00126980  0.00125616  0.00025240  0.00126568  0.00018874  0.00025159  0.00251929  
0.02487300  0.00125616  0.00125176  0.00018874  0.00125616  0.00012606  0.00018874  0.00127206  
0.00251929  0.00025240  0.00018874  0.00126980  0.00025159  0.00125616  0.00126568  0.02493754  
0.02493754  0.00126568  0.00125616  0.00025159  0.00126980  0.00018874  0.00025240  0.00251929  
0.00127206  0.00018874  0.00012606  0.00125616  0.00018874  0.00125176  0.00125616  0.02487300  
0.00251929  0.00025159  0.00018874  0.00126568  0.00025240  0.00125616  0.00126980  0.02493754  
0.00063067  0.00251929  0.00127206  0.02493754  0.00251929  0.02487300  0.02493754  0.49620863  
