0.00000050  0.00000124  0.00000207  0.00000035  0.00000124  0.00000029  0.00000035  0.00000034  
0.00000124  0.00000023  0.00000018  0.00000011  0.00000029  0.00000007  0.00000012  0.00000035  
0.00000207  0.00000018  0.00000030  0.00000007  0.00000018  0.00000007  0.00000007  0.00000029  
0.00000035  0.00000011  0.00000007  0.00000023  0.00000012  0.00000018  0.00000029  0.00000124  
0.00000124  0.00000029  0.00000018  0.00000012  0.00000023  0.00000007  0.00000011  0.00000035  
0.00000029  0.00000007  0.00000007  0.00000018  0.00000007  0.00000030  0.00000018  0.00000207  
0.00000035  0.00000012  0.00000007  0.00000029  0.00000011  0.00000018  0.00000023  0.00000124  
0.00000034  0.00000035  0.00000029  0.00000124  0.00000035  0.00000207  0.00000124  0.00000050  
