0.31168969  0.10471216  0.08979377  0.07065751  0.08979377  0.03548772  0.05680943  0.06315461  0.10471216  0.03944687  0.03548772  0.03638536  0.07065751  0.03638536  0.06315461  0.09360558  
0.10471216  0.04337421  0.03173589  0.03390487  0.03122859  0.01638945  0.02206555  0.03499349  0.03746764  0.01898452  0.01425228  0.02165482  0.02786965  0.02115387  0.02942210  0.06315461  
0.08979377  0.03173589  0.02631542  0.02259118  0.02625014  0.01126997  0.01727652  0.02165482  0.03122859  0.01293767  0.01108267  0.01317344  0.02205810  0.01312899  0.02115387  0.03638536  
0.07065751  0.03390487  0.02259118  0.02956900  0.02205810  0.01415170  0.01740232  0.03390487  0.02786965  0.01740232  0.01190386  0.02259118  0.02316908  0.02205810  0.02786965  0.07065751  
0.08979377  0.03122859  0.02625014  0.02205810  0.02631542  0.01108267  0.01727652  0.02115387  0.03173589  0.01293767  0.01126997  0.01312899  0.02259118  0.01317344  0.02165482  0.03638536  
0.03548772  0.01638945  0.01126997  0.01415170  0.01108267  0.00688738  0.00866741  0.01638945  0.01425228  0.00866741  0.00607250  0.01126997  0.01190386  0.01108267  0.01425228  0.03548772  
0.05680943  0.02206555  0.01727652  0.01740232  0.01727652  0.00866741  0.01247467  0.01898452  0.02206555  0.01087513  0.00866741  0.01293767  0.01740232  0.01293767  0.01898452  0.03944687  
0.06315461  0.03499349  0.02165482  0.03390487  0.02115387  0.01638945  0.01898452  0.04337421  0.02942210  0.02206555  0.01425228  0.03173589  0.02786965  0.03122859  0.03746764  0.10471216  
0.10471216  0.03746764  0.03122859  0.02786965  0.03173589  0.01425228  0.02206555  0.02942210  0.04337421  0.01898452  0.01638945  0.02115387  0.03390487  0.02165482  0.03499349  0.06315461  
0.03944687  0.01898452  0.01293767  0.01740232  0.01293767  0.00866741  0.01087513  0.02206555  0.01898452  0.01247467  0.00866741  0.01727652  0.01740232  0.01727652  0.02206555  0.05680943  
0.03548772  0.01425228  0.01108267  0.01190386  0.01126997  0.00607250  0.00866741  0.01425228  0.01638945  0.00866741  0.00688738  0.01108267  0.01415170  0.01126997  0.01638945  0.03548772  
0.03638536  0.02165482  0.01317344  0.02259118  0.01312899  0.01126997  0.01293767  0.03173589  0.02115387  0.01727652  0.01108267  0.02631542  0.02205810  0.02625014  0.03122859  0.08979377  
0.07065751  0.02786965  0.02205810  0.02316908  0.02259118  0.01190386  0.01740232  0.02786965  0.03390487  0.01740232  0.01415170  0.02205810  0.02956900  0.02259118  0.03390487  0.07065751  
0.03638536  0.02115387  0.01312899  0.02205810  0.01317344  0.01108267  0.01293767  0.03122859  0.02165482  0.01727652  0.01126997  0.02625014  0.02259118  0.02631542  0.03173589  0.08979377  
0.06315461  0.02942210  0.02115387  0.02786965  0.02165482  0.01425228  0.01898452  0.03746764  0.03499349  0.02206555  0.01638945  0.03122859  0.03390487  0.03173589  0.04337421  0.10471216  
0.09360558  0.06315461  0.03638536  0.07065751  0.03638536  0.03548772  0.03944687  0.10471216  0.06315461  0.05680943  0.03548772  0.08979377  0.07065751  0.08979377  0.10471216  0.31168969  
