0.00001181  0.00001035  0.00000708  0.00000761  0.00000708  0.00000505  0.00000721  0.00000818  0.00001035  0.00000744  0.00000505  0.00000443  0.00000761  0.00000443  0.00000818  0.00001455  
0.00001035  0.00000598  0.00000394  0.00000394  0.00000503  0.00000232  0.00000316  0.00000587  0.00000611  0.00000279  0.00000257  0.00000335  0.00000375  0.00000321  0.00000430  0.00000818  
0.00000708  0.00000394  0.00000322  0.00000340  0.00000366  0.00000201  0.00000214  0.00000335  0.00000503  0.00000234  0.00000191  0.00000260  0.00000389  0.00000300  0.00000321  0.00000443  
0.00000761  0.00000394  0.00000340  0.00000654  0.00000389  0.00000366  0.00000293  0.00000394  0.00000375  0.00000293  0.00000239  0.00000340  0.00000514  0.00000389  0.00000375  0.00000761  
0.00000708  0.00000503  0.00000366  0.00000389  0.00000322  0.00000191  0.00000214  0.00000321  0.00000394  0.00000234  0.00000201  0.00000300  0.00000340  0.00000260  0.00000335  0.00000443  
0.00000505  0.00000232  0.00000201  0.00000366  0.00000191  0.00000230  0.00000137  0.00000232  0.00000257  0.00000137  0.00000220  0.00000201  0.00000239  0.00000191  0.00000257  0.00000505  
0.00000721  0.00000316  0.00000214  0.00000293  0.00000214  0.00000137  0.00000292  0.00000279  0.00000316  0.00000350  0.00000137  0.00000234  0.00000293  0.00000234  0.00000279  0.00000744  
0.00000818  0.00000587  0.00000335  0.00000394  0.00000321  0.00000232  0.00000279  0.00000598  0.00000430  0.00000316  0.00000257  0.00000394  0.00000375  0.00000503  0.00000611  0.00001035  
0.00001035  0.00000611  0.00000503  0.00000375  0.00000394  0.00000257  0.00000316  0.00000430  0.00000598  0.00000279  0.00000232  0.00000321  0.00000394  0.00000335  0.00000587  0.00000818  
0.00000744  0.00000279  0.00000234  0.00000293  0.00000234  0.00000137  0.00000350  0.00000316  0.00000279  0.00000292  0.00000137  0.00000214  0.00000293  0.00000214  0.00000316  0.00000721  
0.00000505  0.00000257  0.00000191  0.00000239  0.00000201  0.00000220  0.00000137  0.00000257  0.00000232  0.00000137  0.00000230  0.00000191  0.00000366  0.00000201  0.00000232  0.00000505  
0.00000443  0.00000335  0.00000260  0.00000340  0.00000300  0.00000201  0.00000234  0.00000394  0.00000321  0.00000214  0.00000191  0.00000322  0.00000389  0.00000366  0.00000503  0.00000708  
0.00000761  0.00000375  0.00000389  0.00000514  0.00000340  0.00000239  0.00000293  0.00000375  0.00000394  0.00000293  0.00000366  0.00000389  0.00000654  0.00000340  0.00000394  0.00000761  
0.00000443  0.00000321  0.00000300  0.00000389  0.00000260  0.00000191  0.00000234  0.00000503  0.00000335  0.00000214  0.00000201  0.00000366  0.00000340  0.00000322  0.00000394  0.00000708  
0.00000818  0.00000430  0.00000321  0.00000375  0.00000335  0.00000257  0.00000279  0.00000611  0.00000587  0.00000316  0.00000232  0.00000503  0.00000394  0.00000394  0.00000598  0.00001035  
0.00001455  0.00000818  0.00000443  0.00000761  0.00000443  0.00000505  0.00000744  0.00001035  0.00000818  0.00000721  0.00000505  0.00000708  0.00000761  0.00000708  0.00001035  0.00001181  
