0.22739571  0.14682159  0.11853593  0.14342469  0.14682159  0.10546449  0.14342469  0.19399209  
0.14682159  0.10522515  0.07789342  0.10485068  0.09580951  0.07657127  0.09546680  0.14342469  
0.11853593  0.07789342  0.06215398  0.07657127  0.07789342  0.05700833  0.07657127  0.10546449  
0.14342469  0.10485068  0.07657127  0.10522515  0.09546680  0.07789342  0.09580951  0.14682159  
0.14682159  0.09580951  0.07789342  0.09546680  0.10522515  0.07657127  0.10485068  0.14342469  
0.10546449  0.07657127  0.05700833  0.07789342  0.07657127  0.06215398  0.07789342  0.11853593  
0.14342469  0.09546680  0.07657127  0.09580951  0.10485068  0.07789342  0.10522515  0.14682159  
0.19399209  0.14342469  0.10546449  0.14682159  0.14342469  0.11853593  0.14682159  0.22739571  
