0.00001117  0.00000601  0.00000741  0.00000797  0.00000601  0.00000742  0.00000797  0.00001703  
0.00000601  0.00000444  0.00000461  0.00000609  0.00000663  0.00000457  0.00000638  0.00000797  
0.00000741  0.00000461  0.00000661  0.00000457  0.00000461  0.00000609  0.00000457  0.00000742  
0.00000797  0.00000609  0.00000457  0.00000444  0.00000638  0.00000461  0.00000663  0.00000601  
0.00000601  0.00000663  0.00000461  0.00000638  0.00000444  0.00000457  0.00000609  0.00000797  
0.00000742  0.00000457  0.00000609  0.00000461  0.00000457  0.00000661  0.00000461  0.00000741  
0.00000797  0.00000638  0.00000457  0.00000663  0.00000609  0.00000461  0.00000444  0.00000601  
0.00001703  0.00000797  0.00000742  0.00000601  0.00000797  0.00000741  0.00000601  0.00001117  
