0.00001007  0.00000616  0.00000884  0.00000882  0.00000616  0.00000619  0.00000882  0.00001349  
0.00000616  0.00000440  0.00000407  0.00000377  0.00000664  0.00000364  0.00000674  0.00000882  
0.00000884  0.00000407  0.00000547  0.00000364  0.00000407  0.00000525  0.00000364  0.00000619  
0.00000882  0.00000377  0.00000364  0.00000440  0.00000674  0.00000407  0.00000664  0.00000616  
0.00000616  0.00000664  0.00000407  0.00000674  0.00000440  0.00000364  0.00000377  0.00000882  
0.00000619  0.00000364  0.00000525  0.00000407  0.00000364  0.00000547  0.00000407  0.00000884  
0.00000882  0.00000674  0.00000364  0.00000664  0.00000377  0.00000407  0.00000440  0.00000616  
0.00001349  0.00000882  0.00000619  0.00000616  0.00000882  0.00000884  0.00000616  0.00001007  
