0.11304518  0.07977073  0.07977073  0.07078200  0.07977073  0.07078039  0.05911308  0.06636406  0.07977073  0.05911308  0.07078039  0.06636406  0.07078200  0.06636406  0.06636406  0.07891976  
0.07977073  0.05996757  0.05827572  0.05530085  0.05826247  0.05530105  0.04485492  0.05400130  0.05781977  0.04580339  0.05329851  0.05358502  0.05329767  0.05357865  0.05203497  0.06636406  
0.07977073  0.05827572  0.05996757  0.05530085  0.05781977  0.05329851  0.04580339  0.05358502  0.05826247  0.04485492  0.05530105  0.05400130  0.05329767  0.05203497  0.05357865  0.06636406  
0.07078200  0.05530085  0.05530085  0.05476330  0.05329767  0.05273794  0.04402549  0.05530085  0.05329767  0.04402549  0.05273794  0.05530085  0.05080564  0.05329767  0.05329767  0.07078200  
0.07977073  0.05826247  0.05781977  0.05329767  0.05996757  0.05530105  0.04580339  0.05357865  0.05827572  0.04485492  0.05329851  0.05203497  0.05530085  0.05400130  0.05358502  0.06636406  
0.07078039  0.05530105  0.05329851  0.05273794  0.05530105  0.05477175  0.04402384  0.05530105  0.05329851  0.04402384  0.05080131  0.05329851  0.05273794  0.05530105  0.05329851  0.07078039  
0.05911308  0.04485492  0.04580339  0.04402549  0.04580339  0.04402384  0.03754950  0.04580339  0.04485492  0.03598506  0.04402384  0.04485492  0.04402549  0.04485492  0.04580339  0.05911308  
0.06636406  0.05400130  0.05358502  0.05530085  0.05357865  0.05530105  0.04580339  0.05996757  0.05203497  0.04485492  0.05329851  0.05827572  0.05329767  0.05826247  0.05781977  0.07977073  
0.07977073  0.05781977  0.05826247  0.05329767  0.05827572  0.05329851  0.04485492  0.05203497  0.05996757  0.04580339  0.05530105  0.05357865  0.05530085  0.05358502  0.05400130  0.06636406  
0.05911308  0.04580339  0.04485492  0.04402549  0.04485492  0.04402384  0.03598506  0.04485492  0.04580339  0.03754950  0.04402384  0.04580339  0.04402549  0.04580339  0.04485492  0.05911308  
0.07078039  0.05329851  0.05530105  0.05273794  0.05329851  0.05080131  0.04402384  0.05329851  0.05530105  0.04402384  0.05477175  0.05530105  0.05273794  0.05329851  0.05530105  0.07078039  
0.06636406  0.05358502  0.05400130  0.05530085  0.05203497  0.05329851  0.04485492  0.05827572  0.05357865  0.04580339  0.05530105  0.05996757  0.05329767  0.05781977  0.05826247  0.07977073  
0.07078200  0.05329767  0.05329767  0.05080564  0.05530085  0.05273794  0.04402549  0.05329767  0.05530085  0.04402549  0.05273794  0.05329767  0.05476330  0.05530085  0.05530085  0.07078200  
0.06636406  0.05357865  0.05203497  0.05329767  0.05400130  0.05530105  0.04485492  0.05826247  0.05358502  0.04580339  0.05329851  0.05781977  0.05530085  0.05996757  0.05827572  0.07977073  
0.06636406  0.05203497  0.05357865  0.05329767  0.05358502  0.05329851  0.04580339  0.05781977  0.05400130  0.04485492  0.05530105  0.05826247  0.05530085  0.05827572  0.05996757  0.07977073  
0.07891976  0.06636406  0.06636406  0.07078200  0.06636406  0.07078039  0.05911308  0.07977073  0.06636406  0.05911308  0.07078039  0.07977073  0.07078200  0.07977073  0.07977073  0.11304518  
