0.00001531  0.00000432  0.00000432  0.00000634  0.00000432  0.00000659  0.00000441  0.00000556  0.00000432  0.00000441  0.00000659  0.00000556  0.00000634  0.00000556  0.00000556  0.00001116  
0.00000432  0.00000323  0.00000459  0.00000265  0.00000507  0.00000287  0.00000310  0.00000579  0.00000439  0.00000263  0.00000358  0.00000568  0.00000401  0.00000492  0.00000491  0.00000556  
0.00000432  0.00000459  0.00000323  0.00000265  0.00000439  0.00000358  0.00000263  0.00000568  0.00000507  0.00000310  0.00000287  0.00000579  0.00000401  0.00000491  0.00000492  0.00000556  
0.00000634  0.00000265  0.00000265  0.00000883  0.00000401  0.00000428  0.00000367  0.00000265  0.00000401  0.00000367  0.00000428  0.00000265  0.00000698  0.00000401  0.00000401  0.00000634  
0.00000432  0.00000507  0.00000439  0.00000401  0.00000323  0.00000287  0.00000263  0.00000492  0.00000459  0.00000310  0.00000358  0.00000491  0.00000265  0.00000579  0.00000568  0.00000556  
0.00000659  0.00000287  0.00000358  0.00000428  0.00000287  0.00000835  0.00000389  0.00000287  0.00000358  0.00000389  0.00000776  0.00000358  0.00000428  0.00000287  0.00000358  0.00000659  
0.00000441  0.00000310  0.00000263  0.00000367  0.00000263  0.00000389  0.00000622  0.00000263  0.00000310  0.00000619  0.00000389  0.00000310  0.00000367  0.00000310  0.00000263  0.00000441  
0.00000556  0.00000579  0.00000568  0.00000265  0.00000492  0.00000287  0.00000263  0.00000323  0.00000491  0.00000310  0.00000358  0.00000459  0.00000401  0.00000507  0.00000439  0.00000432  
0.00000432  0.00000439  0.00000507  0.00000401  0.00000459  0.00000358  0.00000310  0.00000491  0.00000323  0.00000263  0.00000287  0.00000492  0.00000265  0.00000568  0.00000579  0.00000556  
0.00000441  0.00000263  0.00000310  0.00000367  0.00000310  0.00000389  0.00000619  0.00000310  0.00000263  0.00000622  0.00000389  0.00000263  0.00000367  0.00000263  0.00000310  0.00000441  
0.00000659  0.00000358  0.00000287  0.00000428  0.00000358  0.00000776  0.00000389  0.00000358  0.00000287  0.00000389  0.00000835  0.00000287  0.00000428  0.00000358  0.00000287  0.00000659  
0.00000556  0.00000568  0.00000579  0.00000265  0.00000491  0.00000358  0.00000310  0.00000459  0.00000492  0.00000263  0.00000287  0.00000323  0.00000401  0.00000439  0.00000507  0.00000432  
0.00000634  0.00000401  0.00000401  0.00000698  0.00000265  0.00000428  0.00000367  0.00000401  0.00000265  0.00000367  0.00000428  0.00000401  0.00000883  0.00000265  0.00000265  0.00000634  
0.00000556  0.00000492  0.00000491  0.00000401  0.00000579  0.00000287  0.00000310  0.00000507  0.00000568  0.00000263  0.00000358  0.00000439  0.00000265  0.00000323  0.00000459  0.00000432  
0.00000556  0.00000491  0.00000492  0.00000401  0.00000568  0.00000358  0.00000263  0.00000439  0.00000579  0.00000310  0.00000287  0.00000507  0.00000265  0.00000459  0.00000323  0.00000432  
0.00001116  0.00000556  0.00000556  0.00000634  0.00000556  0.00000659  0.00000441  0.00000432  0.00000556  0.00000441  0.00000659  0.00000432  0.00000634  0.00000432  0.00000432  0.00001531  
