0.00000410  0.00000332  0.00000332  0.00000311  0.00000382  0.00000295  0.00000295  0.00000481  
0.00000332  0.00000152  0.00000323  0.00000191  0.00000270  0.00000350  0.00000265  0.00000295  
0.00000332  0.00000323  0.00000152  0.00000191  0.00000270  0.00000265  0.00000350  0.00000295  
0.00000311  0.00000191  0.00000191  0.00000331  0.00000331  0.00000270  0.00000270  0.00000382  
0.00000382  0.00000270  0.00000270  0.00000331  0.00000331  0.00000191  0.00000191  0.00000311  
0.00000295  0.00000350  0.00000265  0.00000270  0.00000191  0.00000152  0.00000323  0.00000332  
0.00000295  0.00000265  0.00000350  0.00000270  0.00000191  0.00000323  0.00000152  0.00000332  
0.00000481  0.00000295  0.00000295  0.00000382  0.00000311  0.00000332  0.00000332  0.00000410  
