0.20190207  0.14602492  0.12093120  0.14450450  0.14602492  0.11284055  0.14450450  0.18472122  
0.14602492  0.11273593  0.08821873  0.11256902  0.10604553  0.08750774  0.10590122  0.14450450  
0.12093120  0.08821873  0.07262607  0.08750774  0.08821873  0.06877323  0.08750774  0.11284055  
0.14450450  0.11256902  0.08750774  0.11273593  0.10590122  0.08821873  0.10604553  0.14602492  
0.14602492  0.10604553  0.08821873  0.10590122  0.11273593  0.08750774  0.11256902  0.14450450  
0.11284055  0.08750774  0.06877323  0.08821873  0.08750774  0.07262607  0.08821873  0.12093120  
0.14450450  0.10590122  0.08750774  0.10604553  0.11256902  0.08821873  0.11273593  0.14602492  
0.18472122  0.14450450  0.11284055  0.14602492  0.14450450  0.12093120  0.14602492  0.20190207  
