0.00000869  0.00000546  0.00000512  0.00000761  0.00000546  0.00000595  0.00000761  0.00001319  
0.00000546  0.00000422  0.00000452  0.00000485  0.00000475  0.00000450  0.00000528  0.00000761  
0.00000512  0.00000452  0.00000469  0.00000450  0.00000452  0.00000584  0.00000450  0.00000595  
0.00000761  0.00000485  0.00000450  0.00000422  0.00000528  0.00000452  0.00000475  0.00000546  
0.00000546  0.00000475  0.00000452  0.00000528  0.00000422  0.00000450  0.00000485  0.00000761  
0.00000595  0.00000450  0.00000584  0.00000452  0.00000450  0.00000469  0.00000452  0.00000512  
0.00000761  0.00000528  0.00000450  0.00000475  0.00000485  0.00000452  0.00000422  0.00000546  
0.00001319  0.00000761  0.00000595  0.00000546  0.00000761  0.00000512  0.00000546  0.00000869  
