0.16545976  0.09231544  0.09231544  0.06593090  0.09231544  0.06597798  0.05504703  0.05267526  0.09231544  0.05504703  0.06597798  0.05267526  0.06593090  0.05267526  0.05267526  0.05892164  
0.09231544  0.05601538  0.05449935  0.04406284  0.05449964  0.04406088  0.03574391  0.04048940  0.05420649  0.03651912  0.04260508  0.04021991  0.04260188  0.04022946  0.03910832  0.05267526  
0.09231544  0.05449935  0.05601538  0.04406284  0.05420649  0.04260508  0.03651912  0.04021991  0.05449964  0.03574391  0.04406088  0.04048940  0.04260188  0.03910832  0.04022946  0.05267526  
0.06593090  0.04406284  0.04406284  0.04114109  0.04260188  0.03969077  0.03308321  0.04406284  0.04260188  0.03308321  0.03969077  0.04406284  0.03835766  0.04260188  0.04260188  0.06593090  
0.09231544  0.05449964  0.05420649  0.04260188  0.05601538  0.04406088  0.03651912  0.04022946  0.05449935  0.03574391  0.04260508  0.03910832  0.04406284  0.04048940  0.04021991  0.05267526  
0.06597798  0.04406088  0.04260508  0.03969077  0.04406088  0.04112333  0.03308223  0.04406088  0.04260508  0.03308223  0.03839193  0.04260508  0.03969077  0.04406088  0.04260508  0.06597798  
0.05504703  0.03574391  0.03651912  0.03308321  0.03651912  0.03308223  0.02821432  0.03651912  0.03574391  0.02700755  0.03308223  0.03574391  0.03308321  0.03574391  0.03651912  0.05504703  
0.05267526  0.04048940  0.04021991  0.04406284  0.04022946  0.04406088  0.03651912  0.05601538  0.03910832  0.03574391  0.04260508  0.05449935  0.04260188  0.05449964  0.05420649  0.09231544  
0.09231544  0.05420649  0.05449964  0.04260188  0.05449935  0.04260508  0.03574391  0.03910832  0.05601538  0.03651912  0.04406088  0.04022946  0.04406284  0.04021991  0.04048940  0.05267526  
0.05504703  0.03651912  0.03574391  0.03308321  0.03574391  0.03308223  0.02700755  0.03574391  0.03651912  0.02821432  0.03308223  0.03651912  0.03308321  0.03651912  0.03574391  0.05504703  
0.06597798  0.04260508  0.04406088  0.03969077  0.04260508  0.03839193  0.03308223  0.04260508  0.04406088  0.03308223  0.04112333  0.04406088  0.03969077  0.04260508  0.04406088  0.06597798  
0.05267526  0.04021991  0.04048940  0.04406284  0.03910832  0.04260508  0.03574391  0.05449935  0.04022946  0.03651912  0.04406088  0.05601538  0.04260188  0.05420649  0.05449964  0.09231544  
0.06593090  0.04260188  0.04260188  0.03835766  0.04406284  0.03969077  0.03308321  0.04260188  0.04406284  0.03308321  0.03969077  0.04260188  0.04114109  0.04406284  0.04406284  0.06593090  
0.05267526  0.04022946  0.03910832  0.04260188  0.04048940  0.04406088  0.03574391  0.05449964  0.04021991  0.03651912  0.04260508  0.05420649  0.04406284  0.05601538  0.05449935  0.09231544  
0.05267526  0.03910832  0.04022946  0.04260188  0.04021991  0.04260508  0.03651912  0.05420649  0.04048940  0.03574391  0.04406088  0.05449964  0.04406284  0.05449935  0.05601538  0.09231544  
0.05892164  0.05267526  0.05267526  0.06593090  0.05267526  0.06597798  0.05504703  0.09231544  0.05267526  0.05504703  0.06597798  0.09231544  0.06593090  0.09231544  0.09231544  0.16545976  
