0.00001952  0.00000938  0.00000938  0.00001175  0.00000938  0.00000938  0.00001022  0.00000832  0.00000938  0.00001022  0.00000938  0.00000832  0.00001175  0.00000832  0.00000832  0.00002047  
0.00000938  0.00000665  0.00001032  0.00000509  0.00000858  0.00000625  0.00000648  0.00000966  0.00000983  0.00000434  0.00000779  0.00000990  0.00000516  0.00000800  0.00000767  0.00000832  
0.00000938  0.00001032  0.00000665  0.00000509  0.00000983  0.00000779  0.00000434  0.00000990  0.00000858  0.00000648  0.00000625  0.00000966  0.00000516  0.00000767  0.00000800  0.00000832  
0.00001175  0.00000509  0.00000509  0.00001330  0.00000516  0.00000719  0.00000617  0.00000509  0.00000516  0.00000617  0.00000719  0.00000509  0.00000910  0.00000516  0.00000516  0.00001175  
0.00000938  0.00000858  0.00000983  0.00000516  0.00000665  0.00000625  0.00000434  0.00000800  0.00001032  0.00000648  0.00000779  0.00000767  0.00000509  0.00000966  0.00000990  0.00000832  
0.00000938  0.00000625  0.00000779  0.00000719  0.00000625  0.00001169  0.00000816  0.00000625  0.00000779  0.00000816  0.00001474  0.00000779  0.00000719  0.00000625  0.00000779  0.00000938  
0.00001022  0.00000648  0.00000434  0.00000617  0.00000434  0.00000816  0.00000899  0.00000434  0.00000648  0.00001054  0.00000816  0.00000648  0.00000617  0.00000648  0.00000434  0.00001022  
0.00000832  0.00000966  0.00000990  0.00000509  0.00000800  0.00000625  0.00000434  0.00000665  0.00000767  0.00000648  0.00000779  0.00001032  0.00000516  0.00000858  0.00000983  0.00000938  
0.00000938  0.00000983  0.00000858  0.00000516  0.00001032  0.00000779  0.00000648  0.00000767  0.00000665  0.00000434  0.00000625  0.00000800  0.00000509  0.00000990  0.00000966  0.00000832  
0.00001022  0.00000434  0.00000648  0.00000617  0.00000648  0.00000816  0.00001054  0.00000648  0.00000434  0.00000899  0.00000816  0.00000434  0.00000617  0.00000434  0.00000648  0.00001022  
0.00000938  0.00000779  0.00000625  0.00000719  0.00000779  0.00001474  0.00000816  0.00000779  0.00000625  0.00000816  0.00001169  0.00000625  0.00000719  0.00000779  0.00000625  0.00000938  
0.00000832  0.00000990  0.00000966  0.00000509  0.00000767  0.00000779  0.00000648  0.00001032  0.00000800  0.00000434  0.00000625  0.00000665  0.00000516  0.00000983  0.00000858  0.00000938  
0.00001175  0.00000516  0.00000516  0.00000910  0.00000509  0.00000719  0.00000617  0.00000516  0.00000509  0.00000617  0.00000719  0.00000516  0.00001330  0.00000509  0.00000509  0.00001175  
0.00000832  0.00000800  0.00000767  0.00000516  0.00000966  0.00000625  0.00000648  0.00000858  0.00000990  0.00000434  0.00000779  0.00000983  0.00000509  0.00000665  0.00001032  0.00000938  
0.00000832  0.00000767  0.00000800  0.00000516  0.00000990  0.00000779  0.00000434  0.00000983  0.00000966  0.00000648  0.00000625  0.00000858  0.00000509  0.00001032  0.00000665  0.00000938  
0.00002047  0.00000832  0.00000832  0.00001175  0.00000832  0.00000938  0.00001022  0.00000938  0.00000832  0.00001022  0.00000938  0.00000938  0.00001175  0.00000938  0.00000938  0.00001952  
