0.44425823  0.07626672  0.07626672  0.01573939  0.07626672  0.01574302  0.01313630  0.00342524  0.07626672  0.01313630  0.01574302  0.00342524  0.01573939  0.00342524  0.00342524  0.00168723  
0.07626672  0.01317595  0.01312125  0.00282614  0.01311441  0.00282769  0.00234871  0.00113319  0.01311555  0.00235874  0.00281499  0.00113187  0.00281449  0.00113213  0.00112649  0.00342524  
0.07626672  0.01312125  0.01317595  0.00282614  0.01311555  0.00281499  0.00235874  0.00113187  0.01311441  0.00234871  0.00282769  0.00113319  0.00281449  0.00112649  0.00113213  0.00342524  
0.01573939  0.00282614  0.00282614  0.00112627  0.00281449  0.00111741  0.00093211  0.00282614  0.00281449  0.00093211  0.00111741  0.00282614  0.00111282  0.00281449  0.00281449  0.01573939  
0.07626672  0.01311441  0.01311555  0.00281449  0.01317595  0.00282769  0.00235874  0.00113213  0.01312125  0.00234871  0.00281499  0.00112649  0.00282614  0.00113319  0.00113187  0.00342524  
0.01574302  0.00282769  0.00281499  0.00111741  0.00282769  0.00112736  0.00093258  0.00282769  0.00281499  0.00093258  0.00111352  0.00281499  0.00111741  0.00282769  0.00281499  0.01574302  
0.01313630  0.00234871  0.00235874  0.00093211  0.00235874  0.00093258  0.00078435  0.00235874  0.00234871  0.00077427  0.00093258  0.00234871  0.00093211  0.00234871  0.00235874  0.01313630  
0.00342524  0.00113319  0.00113187  0.00282614  0.00113213  0.00282769  0.00235874  0.01317595  0.00112649  0.00234871  0.00281499  0.01312125  0.00281449  0.01311441  0.01311555  0.07626672  
0.07626672  0.01311555  0.01311441  0.00281449  0.01312125  0.00281499  0.00234871  0.00112649  0.01317595  0.00235874  0.00282769  0.00113213  0.00282614  0.00113187  0.00113319  0.00342524  
0.01313630  0.00235874  0.00234871  0.00093211  0.00234871  0.00093258  0.00077427  0.00234871  0.00235874  0.00078435  0.00093258  0.00235874  0.00093211  0.00235874  0.00234871  0.01313630  
0.01574302  0.00281499  0.00282769  0.00111741  0.00281499  0.00111352  0.00093258  0.00281499  0.00282769  0.00093258  0.00112736  0.00282769  0.00111741  0.00281499  0.00282769  0.01574302  
0.00342524  0.00113187  0.00113319  0.00282614  0.00112649  0.00281499  0.00234871  0.01312125  0.00113213  0.00235874  0.00282769  0.01317595  0.00281449  0.01311555  0.01311441  0.07626672  
0.01573939  0.00281449  0.00281449  0.00111282  0.00282614  0.00111741  0.00093211  0.00281449  0.00282614  0.00093211  0.00111741  0.00281449  0.00112627  0.00282614  0.00282614  0.01573939  
0.00342524  0.00113213  0.00112649  0.00281449  0.00113319  0.00282769  0.00234871  0.01311441  0.00113187  0.00235874  0.00281499  0.01311555  0.00282614  0.01317595  0.01312125  0.07626672  
0.00342524  0.00112649  0.00113213  0.00281449  0.00113187  0.00281499  0.00235874  0.01311555  0.00113319  0.00234871  0.00282769  0.01311441  0.00282614  0.01312125  0.01317595  0.07626672  
0.00168723  0.00342524  0.00342524  0.01573939  0.00342524  0.01574302  0.01313630  0.07626672  0.00342524  0.01313630  0.01574302  0.07626672  0.01573939  0.07626672  0.07626672  0.44425823  
