0.00000722  0.00000479  0.00000479  0.00000221  0.00000479  0.00000257  0.00000199  0.00000060  0.00000479  0.00000199  0.00000257  0.00000060  0.00000221  0.00000060  0.00000060  0.00000105  
0.00000479  0.00000173  0.00000149  0.00000058  0.00000186  0.00000064  0.00000045  0.00000049  0.00000161  0.00000051  0.00000050  0.00000042  0.00000053  0.00000044  0.00000050  0.00000060  
0.00000479  0.00000149  0.00000173  0.00000058  0.00000161  0.00000050  0.00000051  0.00000042  0.00000186  0.00000045  0.00000064  0.00000049  0.00000053  0.00000050  0.00000044  0.00000060  
0.00000221  0.00000058  0.00000058  0.00000066  0.00000053  0.00000041  0.00000030  0.00000058  0.00000053  0.00000030  0.00000041  0.00000058  0.00000079  0.00000053  0.00000053  0.00000221  
0.00000479  0.00000186  0.00000161  0.00000053  0.00000173  0.00000064  0.00000051  0.00000044  0.00000149  0.00000045  0.00000050  0.00000050  0.00000058  0.00000049  0.00000042  0.00000060  
0.00000257  0.00000064  0.00000050  0.00000041  0.00000064  0.00000072  0.00000030  0.00000064  0.00000050  0.00000030  0.00000067  0.00000050  0.00000041  0.00000064  0.00000050  0.00000257  
0.00000199  0.00000045  0.00000051  0.00000030  0.00000051  0.00000030  0.00000065  0.00000051  0.00000045  0.00000058  0.00000030  0.00000045  0.00000030  0.00000045  0.00000051  0.00000199  
0.00000060  0.00000049  0.00000042  0.00000058  0.00000044  0.00000064  0.00000051  0.00000173  0.00000050  0.00000045  0.00000050  0.00000149  0.00000053  0.00000186  0.00000161  0.00000479  
0.00000479  0.00000161  0.00000186  0.00000053  0.00000149  0.00000050  0.00000045  0.00000050  0.00000173  0.00000051  0.00000064  0.00000044  0.00000058  0.00000042  0.00000049  0.00000060  
0.00000199  0.00000051  0.00000045  0.00000030  0.00000045  0.00000030  0.00000058  0.00000045  0.00000051  0.00000065  0.00000030  0.00000051  0.00000030  0.00000051  0.00000045  0.00000199  
0.00000257  0.00000050  0.00000064  0.00000041  0.00000050  0.00000067  0.00000030  0.00000050  0.00000064  0.00000030  0.00000072  0.00000064  0.00000041  0.00000050  0.00000064  0.00000257  
0.00000060  0.00000042  0.00000049  0.00000058  0.00000050  0.00000050  0.00000045  0.00000149  0.00000044  0.00000051  0.00000064  0.00000173  0.00000053  0.00000161  0.00000186  0.00000479  
0.00000221  0.00000053  0.00000053  0.00000079  0.00000058  0.00000041  0.00000030  0.00000053  0.00000058  0.00000030  0.00000041  0.00000053  0.00000066  0.00000058  0.00000058  0.00000221  
0.00000060  0.00000044  0.00000050  0.00000053  0.00000049  0.00000064  0.00000045  0.00000186  0.00000042  0.00000051  0.00000050  0.00000161  0.00000058  0.00000173  0.00000149  0.00000479  
0.00000060  0.00000050  0.00000044  0.00000053  0.00000042  0.00000050  0.00000051  0.00000161  0.00000049  0.00000045  0.00000064  0.00000186  0.00000058  0.00000149  0.00000173  0.00000479  
0.00000105  0.00000060  0.00000060  0.00000221  0.00000060  0.00000257  0.00000199  0.00000479  0.00000060  0.00000199  0.00000257  0.00000479  0.00000221  0.00000479  0.00000479  0.00000722  
