0.31327164  0.13111230  0.13111230  0.06558163  0.12441692  0.07920019  0.07920019  0.07366814  
0.13111230  0.06549549  0.06337936  0.04669627  0.05832454  0.05333720  0.05159957  0.07920019  
0.13111230  0.06337936  0.06549549  0.04669627  0.05832454  0.05159957  0.05333720  0.07920019  
0.06558163  0.04669627  0.04669627  0.05573739  0.03922478  0.05832454  0.05832454  0.12441692  
0.12441692  0.05832454  0.05832454  0.03922478  0.05573739  0.04669627  0.04669627  0.06558163  
0.07920019  0.05333720  0.05159957  0.05832454  0.04669627  0.06549549  0.06337936  0.13111230  
0.07920019  0.05159957  0.05333720  0.05832454  0.04669627  0.06337936  0.06549549  0.13111230  
0.07366814  0.07920019  0.07920019  0.12441692  0.06558163  0.13111230  0.13111230  0.31327164  
