0.00003872  0.00002540  0.00002540  0.00002385  0.00002998  0.00001994  0.00001994  0.00002905  
0.00002540  0.00002241  0.00002258  0.00001260  0.00001683  0.00001801  0.00001855  0.00001994  
0.00002540  0.00002258  0.00002241  0.00001260  0.00001683  0.00001855  0.00001801  0.00001994  
0.00002385  0.00001260  0.00001260  0.00002365  0.00002003  0.00001683  0.00001683  0.00002998  
0.00002998  0.00001683  0.00001683  0.00002003  0.00002365  0.00001260  0.00001260  0.00002385  
0.00001994  0.00001801  0.00001855  0.00001683  0.00001260  0.00002241  0.00002258  0.00002540  
0.00001994  0.00001855  0.00001801  0.00001683  0.00001260  0.00002258  0.00002241  0.00002540  
0.00002905  0.00001994  0.00001994  0.00002998  0.00002385  0.00002540  0.00002540  0.00003872  
