0.18717840  0.13809719  0.13809719  0.11165666  0.12475547  0.12894923  0.12894923  0.14675689  
0.13809719  0.11203375  0.10632255  0.09485194  0.09495757  0.10820002  0.10270591  0.12894923  
0.13809719  0.10632255  0.11203375  0.09485194  0.09495757  0.10270591  0.10820002  0.12894923  
0.11165666  0.09485194  0.09485194  0.08875411  0.07939117  0.09495757  0.09495757  0.12475547  
0.12475547  0.09495757  0.09495757  0.07939117  0.08875411  0.09485194  0.09485194  0.11165666  
0.12894923  0.10820002  0.10270591  0.09495757  0.09485194  0.11203375  0.10632255  0.13809719  
0.12894923  0.10270591  0.10820002  0.09495757  0.09485194  0.10632255  0.11203375  0.13809719  
0.14675689  0.12894923  0.12894923  0.12475547  0.11165666  0.13809719  0.13809719  0.18717840  
