0.00001547  0.00000943  0.00000943  0.00001825  0.00001679  0.00001398  0.00001398  0.00002742  
0.00000943  0.00000760  0.00001326  0.00000938  0.00001187  0.00001325  0.00001663  0.00001398  
0.00000943  0.00001326  0.00000760  0.00000938  0.00001187  0.00001663  0.00001325  0.00001398  
0.00001825  0.00000938  0.00000938  0.00001626  0.00001485  0.00001187  0.00001187  0.00001679  
0.00001679  0.00001187  0.00001187  0.00001485  0.00001626  0.00000938  0.00000938  0.00001825  
0.00001398  0.00001325  0.00001663  0.00001187  0.00000938  0.00000760  0.00001326  0.00000943  
0.00001398  0.00001663  0.00001325  0.00001187  0.00000938  0.00001326  0.00000760  0.00000943  
0.00002742  0.00001398  0.00001398  0.00001679  0.00001825  0.00000943  0.00000943  0.00001547  
