0.48952965  0.04114180  0.04114180  0.00349573  0.04108631  0.00417914  0.00417914  0.00084593  
0.04114180  0.00349736  0.00349334  0.00063939  0.00348201  0.00069736  0.00069676  0.00417914  
0.04114180  0.00349334  0.00349736  0.00063939  0.00348201  0.00069676  0.00069736  0.00417914  
0.00349573  0.00063939  0.00063939  0.00347562  0.00058056  0.00348201  0.00348201  0.04108631  
0.04108631  0.00348201  0.00348201  0.00058056  0.00347562  0.00063939  0.00063939  0.00349573  
0.00417914  0.00069736  0.00069676  0.00348201  0.00063939  0.00349736  0.00349334  0.04114180  
0.00417914  0.00069676  0.00069736  0.00348201  0.00063939  0.00349334  0.00349736  0.04114180  
0.00084593  0.00417914  0.00417914  0.04108631  0.00349573  0.04114180  0.04114180  0.48952965  
