0.00000072  0.00000092  0.00000092  0.00000038  0.00000162  0.00000030  0.00000030  0.00000021  
0.00000092  0.00000031  0.00000033  0.00000011  0.00000023  0.00000014  0.00000015  0.00000030  
0.00000092  0.00000033  0.00000031  0.00000011  0.00000023  0.00000015  0.00000014  0.00000030  
0.00000038  0.00000011  0.00000011  0.00000038  0.00000014  0.00000023  0.00000023  0.00000162  
0.00000162  0.00000023  0.00000023  0.00000014  0.00000038  0.00000011  0.00000011  0.00000038  
0.00000030  0.00000014  0.00000015  0.00000023  0.00000011  0.00000031  0.00000033  0.00000092  
0.00000030  0.00000015  0.00000014  0.00000023  0.00000011  0.00000033  0.00000031  0.00000092  
0.00000021  0.00000030  0.00000030  0.00000162  0.00000038  0.00000092  0.00000092  0.00000072  
