0.06985964  0.06579589  0.06579589  0.06563857  0.06579589  0.06563011  0.06218671  0.06559986  0.06579589  0.06218671  0.06563011  0.06559986  0.06563857  0.06559986  0.06559986  0.06927471  
0.06579589  0.06238287  0.06212729  0.06214393  0.06211674  0.06216765  0.05873590  0.06214178  0.06210939  0.05889375  0.06198448  0.06211497  0.06197937  0.06211165  0.06193961  0.06559986  
0.06579589  0.06212729  0.06238287  0.06214393  0.06210939  0.06198448  0.05889375  0.06211497  0.06211674  0.05873590  0.06216765  0.06214178  0.06197937  0.06193961  0.06211165  0.06559986  
0.06563857  0.06214393  0.06214393  0.06229650  0.06197937  0.06201378  0.05875897  0.06214393  0.06197937  0.05875897  0.06201378  0.06214393  0.06186171  0.06197937  0.06197937  0.06563857  
0.06579589  0.06211674  0.06210939  0.06197937  0.06238287  0.06216765  0.05889375  0.06211165  0.06212729  0.05873590  0.06198448  0.06193961  0.06214393  0.06214178  0.06211497  0.06559986  
0.06563011  0.06216765  0.06198448  0.06201378  0.06216765  0.06232454  0.05879073  0.06216765  0.06198448  0.05879073  0.06187390  0.06198448  0.06201378  0.06216765  0.06198448  0.06563011  
0.06218671  0.05873590  0.05889375  0.05875897  0.05889375  0.05879073  0.05598783  0.05889375  0.05873590  0.05557473  0.05879073  0.05873590  0.05875897  0.05873590  0.05889375  0.06218671  
0.06559986  0.06214178  0.06211497  0.06214393  0.06211165  0.06216765  0.05889375  0.06238287  0.06193961  0.05873590  0.06198448  0.06212729  0.06197937  0.06211674  0.06210939  0.06579589  
0.06579589  0.06210939  0.06211674  0.06197937  0.06212729  0.06198448  0.05873590  0.06193961  0.06238287  0.05889375  0.06216765  0.06211165  0.06214393  0.06211497  0.06214178  0.06559986  
0.06218671  0.05889375  0.05873590  0.05875897  0.05873590  0.05879073  0.05557473  0.05873590  0.05889375  0.05598783  0.05879073  0.05889375  0.05875897  0.05889375  0.05873590  0.06218671  
0.06563011  0.06198448  0.06216765  0.06201378  0.06198448  0.06187390  0.05879073  0.06198448  0.06216765  0.05879073  0.06232454  0.06216765  0.06201378  0.06198448  0.06216765  0.06563011  
0.06559986  0.06211497  0.06214178  0.06214393  0.06193961  0.06198448  0.05873590  0.06212729  0.06211165  0.05889375  0.06216765  0.06238287  0.06197937  0.06210939  0.06211674  0.06579589  
0.06563857  0.06197937  0.06197937  0.06186171  0.06214393  0.06201378  0.05875897  0.06197937  0.06214393  0.05875897  0.06201378  0.06197937  0.06229650  0.06214393  0.06214393  0.06563857  
0.06559986  0.06211165  0.06193961  0.06197937  0.06214178  0.06216765  0.05873590  0.06211674  0.06211497  0.05889375  0.06198448  0.06210939  0.06214393  0.06238287  0.06212729  0.06579589  
0.06559986  0.06193961  0.06211165  0.06197937  0.06211497  0.06198448  0.05889375  0.06210939  0.06214178  0.05873590  0.06216765  0.06211674  0.06214393  0.06212729  0.06238287  0.06579589  
0.06927471  0.06559986  0.06559986  0.06563857  0.06559986  0.06563011  0.06218671  0.06579589  0.06559986  0.06218671  0.06563011  0.06579589  0.06563857  0.06579589  0.06579589  0.06985964  
