0.00002302  0.00000917  0.00000917  0.00001079  0.00000917  0.00001635  0.00001253  0.00001285  0.00000917  0.00001253  0.00001635  0.00001285  0.00001079  0.00001285  0.00001285  0.00002817  
0.00000917  0.00000783  0.00001365  0.00001153  0.00001486  0.00000862  0.00001002  0.00001364  0.00001350  0.00000898  0.00001271  0.00001182  0.00001150  0.00001664  0.00001288  0.00001285  
0.00000917  0.00001365  0.00000783  0.00001153  0.00001350  0.00001271  0.00000898  0.00001182  0.00001486  0.00001002  0.00000862  0.00001364  0.00001150  0.00001288  0.00001664  0.00001285  
0.00001079  0.00001153  0.00001153  0.00002064  0.00001150  0.00001428  0.00001207  0.00001153  0.00001150  0.00001207  0.00001428  0.00001153  0.00002598  0.00001150  0.00001150  0.00001079  
0.00000917  0.00001486  0.00001350  0.00001150  0.00000783  0.00000862  0.00000898  0.00001664  0.00001365  0.00001002  0.00001271  0.00001288  0.00001153  0.00001364  0.00001182  0.00001285  
0.00001635  0.00000862  0.00001271  0.00001428  0.00000862  0.00002389  0.00000882  0.00000862  0.00001271  0.00000882  0.00002653  0.00001271  0.00001428  0.00000862  0.00001271  0.00001635  
0.00001253  0.00001002  0.00000898  0.00001207  0.00000898  0.00000882  0.00002453  0.00000898  0.00001002  0.00002401  0.00000882  0.00001002  0.00001207  0.00001002  0.00000898  0.00001253  
0.00001285  0.00001364  0.00001182  0.00001153  0.00001664  0.00000862  0.00000898  0.00000783  0.00001288  0.00001002  0.00001271  0.00001365  0.00001150  0.00001486  0.00001350  0.00000917  
0.00000917  0.00001350  0.00001486  0.00001150  0.00001365  0.00001271  0.00001002  0.00001288  0.00000783  0.00000898  0.00000862  0.00001664  0.00001153  0.00001182  0.00001364  0.00001285  
0.00001253  0.00000898  0.00001002  0.00001207  0.00001002  0.00000882  0.00002401  0.00001002  0.00000898  0.00002453  0.00000882  0.00000898  0.00001207  0.00000898  0.00001002  0.00001253  
0.00001635  0.00001271  0.00000862  0.00001428  0.00001271  0.00002653  0.00000882  0.00001271  0.00000862  0.00000882  0.00002389  0.00000862  0.00001428  0.00001271  0.00000862  0.00001635  
0.00001285  0.00001182  0.00001364  0.00001153  0.00001288  0.00001271  0.00001002  0.00001365  0.00001664  0.00000898  0.00000862  0.00000783  0.00001150  0.00001350  0.00001486  0.00000917  
0.00001079  0.00001150  0.00001150  0.00002598  0.00001153  0.00001428  0.00001207  0.00001150  0.00001153  0.00001207  0.00001428  0.00001150  0.00002064  0.00001153  0.00001153  0.00001079  
0.00001285  0.00001664  0.00001288  0.00001150  0.00001364  0.00000862  0.00001002  0.00001486  0.00001182  0.00000898  0.00001271  0.00001350  0.00001153  0.00000783  0.00001365  0.00000917  
0.00001285  0.00001288  0.00001664  0.00001150  0.00001182  0.00001271  0.00000898  0.00001350  0.00001364  0.00001002  0.00000862  0.00001486  0.00001153  0.00001365  0.00000783  0.00000917  
0.00002817  0.00001285  0.00001285  0.00001079  0.00001285  0.00001635  0.00001253  0.00000917  0.00001285  0.00001253  0.00001635  0.00000917  0.00001079  0.00000917  0.00000917  0.00002302  
