0.15944508  0.13837171  0.12397900  0.13823177  0.13837171  0.12202393  0.13823177  0.15657894  
0.13837171  0.12203671  0.10772262  0.12199795  0.12014152  0.10762167  0.12012926  0.13823177  
0.12397900  0.10772262  0.09648150  0.10762167  0.10772262  0.09509070  0.10762167  0.12202393  
0.13823177  0.12199795  0.10762167  0.12203671  0.12012926  0.10772262  0.12014152  0.13837171  
0.13837171  0.12014152  0.10772262  0.12012926  0.12203671  0.10762167  0.12199795  0.13823177  
0.12202393  0.10762167  0.09509070  0.10772262  0.10762167  0.09648150  0.10772262  0.12397900  
0.13823177  0.12012926  0.10762167  0.12014152  0.12199795  0.10772262  0.12203671  0.13837171  
0.15657894  0.13823177  0.12202393  0.13837171  0.13823177  0.12397900  0.13837171  0.15944508  
