0.00000810  0.00000480  0.00000599  0.00000535  0.00000480  0.00000597  0.00000535  0.00001036  
0.00000480  0.00000455  0.00000411  0.00000473  0.00000509  0.00000433  0.00000529  0.00000535  
0.00000599  0.00000411  0.00000593  0.00000433  0.00000411  0.00000600  0.00000433  0.00000597  
0.00000535  0.00000473  0.00000433  0.00000455  0.00000529  0.00000411  0.00000509  0.00000480  
0.00000480  0.00000509  0.00000411  0.00000529  0.00000455  0.00000433  0.00000473  0.00000535  
0.00000597  0.00000433  0.00000600  0.00000411  0.00000433  0.00000593  0.00000411  0.00000599  
0.00000535  0.00000529  0.00000433  0.00000509  0.00000473  0.00000411  0.00000455  0.00000480  
0.00001036  0.00000535  0.00000597  0.00000480  0.00000535  0.00000599  0.00000480  0.00000810  
