0.31690693  0.13109109  0.13109109  0.06240081  0.12701710  0.07091308  0.07091308  0.05827505  
0.13109109  0.06298822  0.06170394  0.04436630  0.05873231  0.04844404  0.04741171  0.07091308  
0.13109109  0.06170394  0.06298822  0.04436630  0.05873231  0.04741171  0.04844404  0.07091308  
0.06240081  0.04436630  0.04436630  0.05711663  0.03969621  0.05873231  0.05873231  0.12701710  
0.12701710  0.05873231  0.05873231  0.03969621  0.05711663  0.04436630  0.04436630  0.06240081  
0.07091308  0.04844404  0.04741171  0.05873231  0.04436630  0.06298822  0.06170394  0.13109109  
0.07091308  0.04741171  0.04844404  0.05873231  0.04436630  0.06170394  0.06298822  0.13109109  
0.05827505  0.07091308  0.07091308  0.12701710  0.06240081  0.13109109  0.13109109  0.31690693  
