0.00000482  0.00000402  0.00000402  0.00000236  0.00000428  0.00000243  0.00000243  0.00000360  
0.00000402  0.00000232  0.00000267  0.00000165  0.00000196  0.00000258  0.00000234  0.00000243  
0.00000402  0.00000267  0.00000232  0.00000165  0.00000196  0.00000234  0.00000258  0.00000243  
0.00000236  0.00000165  0.00000165  0.00000320  0.00000269  0.00000196  0.00000196  0.00000428  
0.00000428  0.00000196  0.00000196  0.00000269  0.00000320  0.00000165  0.00000165  0.00000236  
0.00000243  0.00000258  0.00000234  0.00000196  0.00000165  0.00000232  0.00000267  0.00000402  
0.00000243  0.00000234  0.00000258  0.00000196  0.00000165  0.00000267  0.00000232  0.00000402  
0.00000360  0.00000243  0.00000243  0.00000428  0.00000236  0.00000402  0.00000402  0.00000482  
