0.18618379  0.13571219  0.13571219  0.10863278  0.12653274  0.11997152  0.11997152  0.12649168  
0.13571219  0.11007177  0.10602835  0.09550635  0.09814095  0.10468450  0.10079505  0.11997152  
0.13571219  0.10602835  0.11007177  0.09550635  0.09814095  0.10079505  0.10468450  0.11997152  
0.10863278  0.09550635  0.09550635  0.09367267  0.08446939  0.09814095  0.09814095  0.12653274  
0.12653274  0.09814095  0.09814095  0.08446939  0.09367267  0.09550635  0.09550635  0.10863278  
0.11997152  0.10468450  0.10079505  0.09814095  0.09550635  0.11007177  0.10602835  0.13571219  
0.11997152  0.10079505  0.10468450  0.09814095  0.09550635  0.10602835  0.11007177  0.13571219  
0.12649168  0.11997152  0.11997152  0.12653274  0.10863278  0.13571219  0.13571219  0.18618379  
