0.00000517  0.00000353  0.00000353  0.00000372  0.00000420  0.00000306  0.00000306  0.00000491  
0.00000353  0.00000242  0.00000324  0.00000243  0.00000240  0.00000290  0.00000282  0.00000306  
0.00000353  0.00000324  0.00000242  0.00000243  0.00000240  0.00000282  0.00000290  0.00000306  
0.00000372  0.00000243  0.00000243  0.00000319  0.00000309  0.00000240  0.00000240  0.00000420  
0.00000420  0.00000240  0.00000240  0.00000309  0.00000319  0.00000243  0.00000243  0.00000372  
0.00000306  0.00000290  0.00000282  0.00000240  0.00000243  0.00000242  0.00000324  0.00000353  
0.00000306  0.00000282  0.00000290  0.00000240  0.00000243  0.00000324  0.00000242  0.00000353  
0.00000491  0.00000306  0.00000306  0.00000420  0.00000372  0.00000353  0.00000353  0.00000517  
