0.09506457  0.07464311  0.07464311  0.07114962  0.07464311  0.07114555  0.06001667  0.06943523  0.07464311  0.06001667  0.07114555  0.06943523  0.07114962  0.06943523  0.06943523  0.08226734  
0.07464311  0.06113013  0.05936255  0.05893750  0.05936611  0.05893584  0.04832224  0.05826119  0.05897919  0.04939536  0.05689562  0.05789416  0.05689949  0.05786239  0.05624370  0.06943523  
0.07464311  0.05936255  0.06113013  0.05893750  0.05897919  0.05689562  0.04939536  0.05789416  0.05936611  0.04832224  0.05893584  0.05826119  0.05689949  0.05624370  0.05786239  0.06943523  
0.07114962  0.05893750  0.05893750  0.05934291  0.05689949  0.05722812  0.04826646  0.05893750  0.05689949  0.04826646  0.05722812  0.05893750  0.05523459  0.05689949  0.05689949  0.07114962  
0.07464311  0.05936611  0.05897919  0.05689949  0.06113013  0.05893584  0.04939536  0.05786239  0.05936255  0.04832224  0.05689562  0.05624370  0.05893750  0.05826119  0.05789416  0.06943523  
0.07114555  0.05893584  0.05689562  0.05722812  0.05893584  0.05937665  0.04826720  0.05893584  0.05689562  0.04826720  0.05522785  0.05689562  0.05722812  0.05893584  0.05689562  0.07114555  
0.06001667  0.04832224  0.04939536  0.04826646  0.04939536  0.04826720  0.04169538  0.04939536  0.04832224  0.03986033  0.04826720  0.04832224  0.04826646  0.04832224  0.04939536  0.06001667  
0.06943523  0.05826119  0.05789416  0.05893750  0.05786239  0.05893584  0.04939536  0.06113013  0.05624370  0.04832224  0.05689562  0.05936255  0.05689949  0.05936611  0.05897919  0.07464311  
0.07464311  0.05897919  0.05936611  0.05689949  0.05936255  0.05689562  0.04832224  0.05624370  0.06113013  0.04939536  0.05893584  0.05786239  0.05893750  0.05789416  0.05826119  0.06943523  
0.06001667  0.04939536  0.04832224  0.04826646  0.04832224  0.04826720  0.03986033  0.04832224  0.04939536  0.04169538  0.04826720  0.04939536  0.04826646  0.04939536  0.04832224  0.06001667  
0.07114555  0.05689562  0.05893584  0.05722812  0.05689562  0.05522785  0.04826720  0.05689562  0.05893584  0.04826720  0.05937665  0.05893584  0.05722812  0.05689562  0.05893584  0.07114555  
0.06943523  0.05789416  0.05826119  0.05893750  0.05624370  0.05689562  0.04832224  0.05936255  0.05786239  0.04939536  0.05893584  0.06113013  0.05689949  0.05897919  0.05936611  0.07464311  
0.07114962  0.05689949  0.05689949  0.05523459  0.05893750  0.05722812  0.04826646  0.05689949  0.05893750  0.04826646  0.05722812  0.05689949  0.05934291  0.05893750  0.05893750  0.07114962  
0.06943523  0.05786239  0.05624370  0.05689949  0.05826119  0.05893584  0.04832224  0.05936611  0.05789416  0.04939536  0.05689562  0.05897919  0.05893750  0.06113013  0.05936255  0.07464311  
0.06943523  0.05624370  0.05786239  0.05689949  0.05789416  0.05689562  0.04939536  0.05897919  0.05826119  0.04832224  0.05893584  0.05936611  0.05893750  0.05936255  0.06113013  0.07464311  
0.08226734  0.06943523  0.06943523  0.07114962  0.06943523  0.07114555  0.06001667  0.07464311  0.06943523  0.06001667  0.07114555  0.07464311  0.07114962  0.07464311  0.07464311  0.09506457  
