0.15257799  0.13323173  0.13323173  0.11956517  0.12419154  0.12965341  0.12965341  0.13914948  
0.13323173  0.12141246  0.11775754  0.11027939  0.10952106  0.11932755  0.11574315  0.12965341  
0.13323173  0.11775754  0.12141246  0.11027939  0.10952106  0.11574315  0.11932755  0.12965341  
0.11956517  0.11027939  0.11027939  0.10459709  0.09927710  0.10952106  0.10952106  0.12419154  
0.12419154  0.10952106  0.10952106  0.09927710  0.10459709  0.11027939  0.11027939  0.11956517  
0.12965341  0.11932755  0.11574315  0.10952106  0.11027939  0.12141246  0.11775754  0.13323173  
0.12965341  0.11574315  0.11932755  0.10952106  0.11027939  0.11775754  0.12141246  0.13323173  
0.13914948  0.12965341  0.12965341  0.12419154  0.11956517  0.13323173  0.13323173  0.15257799  
