0.00001127  0.00000803  0.00000803  0.00000923  0.00000995  0.00000898  0.00000898  0.00001529  
0.00000803  0.00000687  0.00000730  0.00000717  0.00000787  0.00000947  0.00000842  0.00000898  
0.00000803  0.00000730  0.00000687  0.00000717  0.00000787  0.00000842  0.00000947  0.00000898  
0.00000923  0.00000717  0.00000717  0.00000959  0.00001124  0.00000787  0.00000787  0.00000995  
0.00000995  0.00000787  0.00000787  0.00001124  0.00000959  0.00000717  0.00000717  0.00000923  
0.00000898  0.00000947  0.00000842  0.00000787  0.00000717  0.00000687  0.00000730  0.00000803  
0.00000898  0.00000842  0.00000947  0.00000787  0.00000717  0.00000730  0.00000687  0.00000803  
0.00001529  0.00000898  0.00000898  0.00000995  0.00000923  0.00000803  0.00000803  0.00001127  
