0.48952855  0.04114455  0.04114455  0.00349501  0.04108603  0.00417874  0.00417874  0.00084604  
0.04114455  0.00349727  0.00349340  0.00063937  0.00348188  0.00069744  0.00069638  0.00417874  
0.04114455  0.00349340  0.00349727  0.00063937  0.00348188  0.00069638  0.00069744  0.00417874  
0.00349501  0.00063937  0.00063937  0.00347690  0.00058074  0.00348188  0.00348188  0.04108603  
0.04108603  0.00348188  0.00348188  0.00058074  0.00347690  0.00063937  0.00063937  0.00349501  
0.00417874  0.00069744  0.00069638  0.00348188  0.00063937  0.00349727  0.00349340  0.04114455  
0.00417874  0.00069638  0.00069744  0.00348188  0.00063937  0.00349340  0.00349727  0.04114455  
0.00084604  0.00417874  0.00417874  0.04108603  0.00349501  0.04114455  0.04114455  0.48952855  
