0.00000073  0.00000129  0.00000129  0.00000040  0.00000186  0.00000031  0.00000031  0.00000026  
0.00000129  0.00000033  0.00000041  0.00000011  0.00000024  0.00000013  0.00000010  0.00000031  
0.00000129  0.00000041  0.00000033  0.00000011  0.00000024  0.00000010  0.00000013  0.00000031  
0.00000040  0.00000011  0.00000011  0.00000051  0.00000011  0.00000024  0.00000024  0.00000186  
0.00000186  0.00000024  0.00000024  0.00000011  0.00000051  0.00000011  0.00000011  0.00000040  
0.00000031  0.00000013  0.00000010  0.00000024  0.00000011  0.00000033  0.00000041  0.00000129  
0.00000031  0.00000010  0.00000013  0.00000024  0.00000011  0.00000041  0.00000033  0.00000129  
0.00000026  0.00000031  0.00000031  0.00000186  0.00000040  0.00000129  0.00000129  0.00000073  
