0.00001142  0.00000449  0.00000449  0.00000557  0.00000449  0.00000531  0.00000490  0.00000580  0.00000449  0.00000490  0.00000531  0.00000580  0.00000557  0.00000580  0.00000580  0.00001499  
0.00000449  0.00000399  0.00000623  0.00000495  0.00000721  0.00000440  0.00000588  0.00000671  0.00000480  0.00000471  0.00000451  0.00000544  0.00000477  0.00000784  0.00000594  0.00000580  
0.00000449  0.00000623  0.00000399  0.00000495  0.00000480  0.00000451  0.00000471  0.00000544  0.00000721  0.00000588  0.00000440  0.00000671  0.00000477  0.00000594  0.00000784  0.00000580  
0.00000557  0.00000495  0.00000495  0.00001298  0.00000477  0.00000602  0.00000562  0.00000495  0.00000477  0.00000562  0.00000602  0.00000495  0.00001322  0.00000477  0.00000477  0.00000557  
0.00000449  0.00000721  0.00000480  0.00000477  0.00000399  0.00000440  0.00000471  0.00000784  0.00000623  0.00000588  0.00000451  0.00000594  0.00000495  0.00000671  0.00000544  0.00000580  
0.00000531  0.00000440  0.00000451  0.00000602  0.00000440  0.00001109  0.00000567  0.00000440  0.00000451  0.00000567  0.00001165  0.00000451  0.00000602  0.00000440  0.00000451  0.00000531  
0.00000490  0.00000588  0.00000471  0.00000562  0.00000471  0.00000567  0.00001066  0.00000471  0.00000588  0.00001096  0.00000567  0.00000588  0.00000562  0.00000588  0.00000471  0.00000490  
0.00000580  0.00000671  0.00000544  0.00000495  0.00000784  0.00000440  0.00000471  0.00000399  0.00000594  0.00000588  0.00000451  0.00000623  0.00000477  0.00000721  0.00000480  0.00000449  
0.00000449  0.00000480  0.00000721  0.00000477  0.00000623  0.00000451  0.00000588  0.00000594  0.00000399  0.00000471  0.00000440  0.00000784  0.00000495  0.00000544  0.00000671  0.00000580  
0.00000490  0.00000471  0.00000588  0.00000562  0.00000588  0.00000567  0.00001096  0.00000588  0.00000471  0.00001066  0.00000567  0.00000471  0.00000562  0.00000471  0.00000588  0.00000490  
0.00000531  0.00000451  0.00000440  0.00000602  0.00000451  0.00001165  0.00000567  0.00000451  0.00000440  0.00000567  0.00001109  0.00000440  0.00000602  0.00000451  0.00000440  0.00000531  
0.00000580  0.00000544  0.00000671  0.00000495  0.00000594  0.00000451  0.00000588  0.00000623  0.00000784  0.00000471  0.00000440  0.00000399  0.00000477  0.00000480  0.00000721  0.00000449  
0.00000557  0.00000477  0.00000477  0.00001322  0.00000495  0.00000602  0.00000562  0.00000477  0.00000495  0.00000562  0.00000602  0.00000477  0.00001298  0.00000495  0.00000495  0.00000557  
0.00000580  0.00000784  0.00000594  0.00000477  0.00000671  0.00000440  0.00000588  0.00000721  0.00000544  0.00000471  0.00000451  0.00000480  0.00000495  0.00000399  0.00000623  0.00000449  
0.00000580  0.00000594  0.00000784  0.00000477  0.00000544  0.00000451  0.00000471  0.00000480  0.00000671  0.00000588  0.00000440  0.00000721  0.00000495  0.00000623  0.00000399  0.00000449  
0.00001499  0.00000580  0.00000580  0.00000557  0.00000580  0.00000531  0.00000490  0.00000449  0.00000580  0.00000490  0.00000531  0.00000449  0.00000557  0.00000449  0.00000449  0.00001142  
