0.00000895  0.00000562  0.00000562  0.00000598  0.00000562  0.00000548  0.00000766  0.00000670  0.00000562  0.00000766  0.00000548  0.00000670  0.00000598  0.00000670  0.00000670  0.00001424  
0.00000562  0.00000417  0.00000756  0.00000484  0.00000761  0.00000483  0.00000568  0.00000685  0.00000675  0.00000428  0.00000518  0.00000756  0.00000615  0.00000628  0.00000812  0.00000670  
0.00000562  0.00000756  0.00000417  0.00000484  0.00000675  0.00000518  0.00000428  0.00000756  0.00000761  0.00000568  0.00000483  0.00000685  0.00000615  0.00000812  0.00000628  0.00000670  
0.00000598  0.00000484  0.00000484  0.00000959  0.00000615  0.00000630  0.00000472  0.00000484  0.00000615  0.00000472  0.00000630  0.00000484  0.00001079  0.00000615  0.00000615  0.00000598  
0.00000562  0.00000761  0.00000675  0.00000615  0.00000417  0.00000483  0.00000428  0.00000628  0.00000756  0.00000568  0.00000518  0.00000812  0.00000484  0.00000685  0.00000756  0.00000670  
0.00000548  0.00000483  0.00000518  0.00000630  0.00000483  0.00001225  0.00000577  0.00000483  0.00000518  0.00000577  0.00000896  0.00000518  0.00000630  0.00000483  0.00000518  0.00000548  
0.00000766  0.00000568  0.00000428  0.00000472  0.00000428  0.00000577  0.00000966  0.00000428  0.00000568  0.00001036  0.00000577  0.00000568  0.00000472  0.00000568  0.00000428  0.00000766  
0.00000670  0.00000685  0.00000756  0.00000484  0.00000628  0.00000483  0.00000428  0.00000417  0.00000812  0.00000568  0.00000518  0.00000756  0.00000615  0.00000761  0.00000675  0.00000562  
0.00000562  0.00000675  0.00000761  0.00000615  0.00000756  0.00000518  0.00000568  0.00000812  0.00000417  0.00000428  0.00000483  0.00000628  0.00000484  0.00000756  0.00000685  0.00000670  
0.00000766  0.00000428  0.00000568  0.00000472  0.00000568  0.00000577  0.00001036  0.00000568  0.00000428  0.00000966  0.00000577  0.00000428  0.00000472  0.00000428  0.00000568  0.00000766  
0.00000548  0.00000518  0.00000483  0.00000630  0.00000518  0.00000896  0.00000577  0.00000518  0.00000483  0.00000577  0.00001225  0.00000483  0.00000630  0.00000518  0.00000483  0.00000548  
0.00000670  0.00000756  0.00000685  0.00000484  0.00000812  0.00000518  0.00000568  0.00000756  0.00000628  0.00000428  0.00000483  0.00000417  0.00000615  0.00000675  0.00000761  0.00000562  
0.00000598  0.00000615  0.00000615  0.00001079  0.00000484  0.00000630  0.00000472  0.00000615  0.00000484  0.00000472  0.00000630  0.00000615  0.00000959  0.00000484  0.00000484  0.00000598  
0.00000670  0.00000628  0.00000812  0.00000615  0.00000685  0.00000483  0.00000568  0.00000761  0.00000756  0.00000428  0.00000518  0.00000675  0.00000484  0.00000417  0.00000756  0.00000562  
0.00000670  0.00000812  0.00000628  0.00000615  0.00000756  0.00000518  0.00000428  0.00000675  0.00000685  0.00000568  0.00000483  0.00000761  0.00000484  0.00000756  0.00000417  0.00000562  
0.00001424  0.00000670  0.00000670  0.00000598  0.00000670  0.00000548  0.00000766  0.00000562  0.00000670  0.00000766  0.00000548  0.00000562  0.00000598  0.00000562  0.00000562  0.00000895  
