0.08776258  0.07278209  0.07278209  0.07151635  0.07278209  0.07156915  0.06140554  0.07139583  0.07278209  0.06140554  0.07156915  0.07139583  0.07151635  0.07139583  0.07139583  0.08425687  
0.07278209  0.06158264  0.06070133  0.06051314  0.06070085  0.06052962  0.05135770  0.06054191  0.06051811  0.05181761  0.05970680  0.06044783  0.05968958  0.06038390  0.05969024  0.07139583  
0.07278209  0.06070133  0.06158264  0.06051314  0.06051811  0.05970680  0.05181761  0.06044783  0.06070085  0.05135770  0.06052962  0.06054191  0.05968958  0.05969024  0.06038390  0.07139583  
0.07151635  0.06051314  0.06051314  0.06067997  0.05968958  0.05967974  0.05119378  0.06051314  0.05968958  0.05119378  0.05967974  0.06051314  0.05893929  0.05968958  0.05968958  0.07151635  
0.07278209  0.06070085  0.06051811  0.05968958  0.06158264  0.06052962  0.05181761  0.06038390  0.06070133  0.05135770  0.05970680  0.05969024  0.06051314  0.06054191  0.06044783  0.07139583  
0.07156915  0.06052962  0.05970680  0.05967974  0.06052962  0.06071068  0.05122804  0.06052962  0.05970680  0.05122804  0.05886676  0.05970680  0.05967974  0.06052962  0.05970680  0.07156915  
0.06140554  0.05135770  0.05181761  0.05119378  0.05181761  0.05122804  0.04451621  0.05181761  0.05135770  0.04362931  0.05122804  0.05135770  0.05119378  0.05135770  0.05181761  0.06140554  
0.07139583  0.06054191  0.06044783  0.06051314  0.06038390  0.06052962  0.05181761  0.06158264  0.05969024  0.05135770  0.05970680  0.06070133  0.05968958  0.06070085  0.06051811  0.07278209  
0.07278209  0.06051811  0.06070085  0.05968958  0.06070133  0.05970680  0.05135770  0.05969024  0.06158264  0.05181761  0.06052962  0.06038390  0.06051314  0.06044783  0.06054191  0.07139583  
0.06140554  0.05181761  0.05135770  0.05119378  0.05135770  0.05122804  0.04362931  0.05135770  0.05181761  0.04451621  0.05122804  0.05181761  0.05119378  0.05181761  0.05135770  0.06140554  
0.07156915  0.05970680  0.06052962  0.05967974  0.05970680  0.05886676  0.05122804  0.05970680  0.06052962  0.05122804  0.06071068  0.06052962  0.05967974  0.05970680  0.06052962  0.07156915  
0.07139583  0.06044783  0.06054191  0.06051314  0.05969024  0.05970680  0.05135770  0.06070133  0.06038390  0.05181761  0.06052962  0.06158264  0.05968958  0.06051811  0.06070085  0.07278209  
0.07151635  0.05968958  0.05968958  0.05893929  0.06051314  0.05967974  0.05119378  0.05968958  0.06051314  0.05119378  0.05967974  0.05968958  0.06067997  0.06051314  0.06051314  0.07151635  
0.07139583  0.06038390  0.05969024  0.05968958  0.06054191  0.06052962  0.05135770  0.06070085  0.06044783  0.05181761  0.05970680  0.06051811  0.06051314  0.06158264  0.06070133  0.07278209  
0.07139583  0.05969024  0.06038390  0.05968958  0.06044783  0.05970680  0.05181761  0.06051811  0.06054191  0.05135770  0.06052962  0.06070085  0.06051314  0.06070133  0.06158264  0.07278209  
0.08425687  0.07139583  0.07139583  0.07151635  0.07139583  0.07156915  0.06140554  0.07278209  0.07139583  0.06140554  0.07156915  0.07278209  0.07151635  0.07278209  0.07278209  0.08776258  
