0.00005018  0.00001875  0.00001875  0.00002907  0.00001875  0.00001842  0.00001658  0.00001960  0.00001875  0.00001658  0.00001842  0.00001960  0.00002907  0.00001960  0.00001960  0.00005299  
0.00001875  0.00001287  0.00002366  0.00001823  0.00002613  0.00002155  0.00001863  0.00002282  0.00003134  0.00001791  0.00001896  0.00002527  0.00002481  0.00002640  0.00002828  0.00001960  
0.00001875  0.00002366  0.00001287  0.00001823  0.00003134  0.00001896  0.00001791  0.00002527  0.00002613  0.00001863  0.00002155  0.00002282  0.00002481  0.00002828  0.00002640  0.00001960  
0.00002907  0.00001823  0.00001823  0.00003565  0.00002481  0.00002023  0.00001932  0.00001823  0.00002481  0.00001932  0.00002023  0.00001823  0.00004249  0.00002481  0.00002481  0.00002907  
0.00001875  0.00002613  0.00003134  0.00002481  0.00001287  0.00002155  0.00001791  0.00002640  0.00002366  0.00001863  0.00001896  0.00002828  0.00001823  0.00002282  0.00002527  0.00001960  
0.00001842  0.00002155  0.00001896  0.00002023  0.00002155  0.00003806  0.00001547  0.00002155  0.00001896  0.00001547  0.00003663  0.00001896  0.00002023  0.00002155  0.00001896  0.00001842  
0.00001658  0.00001863  0.00001791  0.00001932  0.00001791  0.00001547  0.00002882  0.00001791  0.00001863  0.00003074  0.00001547  0.00001863  0.00001932  0.00001863  0.00001791  0.00001658  
0.00001960  0.00002282  0.00002527  0.00001823  0.00002640  0.00002155  0.00001791  0.00001287  0.00002828  0.00001863  0.00001896  0.00002366  0.00002481  0.00002613  0.00003134  0.00001875  
0.00001875  0.00003134  0.00002613  0.00002481  0.00002366  0.00001896  0.00001863  0.00002828  0.00001287  0.00001791  0.00002155  0.00002640  0.00001823  0.00002527  0.00002282  0.00001960  
0.00001658  0.00001791  0.00001863  0.00001932  0.00001863  0.00001547  0.00003074  0.00001863  0.00001791  0.00002882  0.00001547  0.00001791  0.00001932  0.00001791  0.00001863  0.00001658  
0.00001842  0.00001896  0.00002155  0.00002023  0.00001896  0.00003663  0.00001547  0.00001896  0.00002155  0.00001547  0.00003806  0.00002155  0.00002023  0.00001896  0.00002155  0.00001842  
0.00001960  0.00002527  0.00002282  0.00001823  0.00002828  0.00001896  0.00001863  0.00002366  0.00002640  0.00001791  0.00002155  0.00001287  0.00002481  0.00003134  0.00002613  0.00001875  
0.00002907  0.00002481  0.00002481  0.00004249  0.00001823  0.00002023  0.00001932  0.00002481  0.00001823  0.00001932  0.00002023  0.00002481  0.00003565  0.00001823  0.00001823  0.00002907  
0.00001960  0.00002640  0.00002828  0.00002481  0.00002282  0.00002155  0.00001863  0.00002613  0.00002527  0.00001791  0.00001896  0.00003134  0.00001823  0.00001287  0.00002366  0.00001875  
0.00001960  0.00002828  0.00002640  0.00002481  0.00002527  0.00001896  0.00001791  0.00003134  0.00002282  0.00001863  0.00002155  0.00002613  0.00001823  0.00002366  0.00001287  0.00001875  
0.00005299  0.00001960  0.00001960  0.00002907  0.00001960  0.00001842  0.00001658  0.00001875  0.00001960  0.00001658  0.00001842  0.00001875  0.00002907  0.00001875  0.00001875  0.00005018  
