0.18600117  0.13552132  0.13552132  0.10808260  0.12639781  0.11934809  0.11934809  0.12506795  
0.13552132  0.11010669  0.10587698  0.09538184  0.09802214  0.10449444  0.10045198  0.11934809  
0.13552132  0.10587698  0.11010669  0.09538184  0.09802214  0.10045198  0.10449444  0.11934809  
0.10808260  0.09538184  0.09538184  0.09378545  0.08420847  0.09802214  0.09802214  0.12639781  
0.12639781  0.09802214  0.09802214  0.08420847  0.09378545  0.09538184  0.09538184  0.10808260  
0.11934809  0.10449444  0.10045198  0.09802214  0.09538184  0.11010669  0.10587698  0.13552132  
0.11934809  0.10045198  0.10449444  0.09802214  0.09538184  0.10587698  0.11010669  0.13552132  
0.12506795  0.11934809  0.11934809  0.12639781  0.10808260  0.13552132  0.13552132  0.18600117  
