0.00000536  0.00000322  0.00000322  0.00000310  0.00000373  0.00000366  0.00000366  0.00000469  
0.00000322  0.00000261  0.00000387  0.00000285  0.00000305  0.00000358  0.00000285  0.00000366  
0.00000322  0.00000387  0.00000261  0.00000285  0.00000305  0.00000285  0.00000358  0.00000366  
0.00000310  0.00000285  0.00000285  0.00000360  0.00000493  0.00000305  0.00000305  0.00000373  
0.00000373  0.00000305  0.00000305  0.00000493  0.00000360  0.00000285  0.00000285  0.00000310  
0.00000366  0.00000358  0.00000285  0.00000305  0.00000285  0.00000261  0.00000387  0.00000322  
0.00000366  0.00000285  0.00000358  0.00000305  0.00000285  0.00000387  0.00000261  0.00000322  
0.00000469  0.00000366  0.00000366  0.00000373  0.00000310  0.00000322  0.00000322  0.00000536  
