0.00001528  0.00000713  0.00000713  0.00000795  0.00000713  0.00000801  0.00000720  0.00000538  0.00000713  0.00000720  0.00000801  0.00000538  0.00000795  0.00000538  0.00000538  0.00001515  
0.00000713  0.00000445  0.00000659  0.00000400  0.00000536  0.00000477  0.00000503  0.00000559  0.00000659  0.00000427  0.00000469  0.00000633  0.00000555  0.00000528  0.00000680  0.00000538  
0.00000713  0.00000659  0.00000445  0.00000400  0.00000659  0.00000469  0.00000427  0.00000633  0.00000536  0.00000503  0.00000477  0.00000559  0.00000555  0.00000680  0.00000528  0.00000538  
0.00000795  0.00000400  0.00000400  0.00000880  0.00000555  0.00000626  0.00000428  0.00000400  0.00000555  0.00000428  0.00000626  0.00000400  0.00000823  0.00000555  0.00000555  0.00000795  
0.00000713  0.00000536  0.00000659  0.00000555  0.00000445  0.00000477  0.00000427  0.00000528  0.00000659  0.00000503  0.00000469  0.00000680  0.00000400  0.00000559  0.00000633  0.00000538  
0.00000801  0.00000477  0.00000469  0.00000626  0.00000477  0.00000913  0.00000458  0.00000477  0.00000469  0.00000458  0.00001309  0.00000469  0.00000626  0.00000477  0.00000469  0.00000801  
0.00000720  0.00000503  0.00000427  0.00000428  0.00000427  0.00000458  0.00000932  0.00000427  0.00000503  0.00000835  0.00000458  0.00000503  0.00000428  0.00000503  0.00000427  0.00000720  
0.00000538  0.00000559  0.00000633  0.00000400  0.00000528  0.00000477  0.00000427  0.00000445  0.00000680  0.00000503  0.00000469  0.00000659  0.00000555  0.00000536  0.00000659  0.00000713  
0.00000713  0.00000659  0.00000536  0.00000555  0.00000659  0.00000469  0.00000503  0.00000680  0.00000445  0.00000427  0.00000477  0.00000528  0.00000400  0.00000633  0.00000559  0.00000538  
0.00000720  0.00000427  0.00000503  0.00000428  0.00000503  0.00000458  0.00000835  0.00000503  0.00000427  0.00000932  0.00000458  0.00000427  0.00000428  0.00000427  0.00000503  0.00000720  
0.00000801  0.00000469  0.00000477  0.00000626  0.00000469  0.00001309  0.00000458  0.00000469  0.00000477  0.00000458  0.00000913  0.00000477  0.00000626  0.00000469  0.00000477  0.00000801  
0.00000538  0.00000633  0.00000559  0.00000400  0.00000680  0.00000469  0.00000503  0.00000659  0.00000528  0.00000427  0.00000477  0.00000445  0.00000555  0.00000659  0.00000536  0.00000713  
0.00000795  0.00000555  0.00000555  0.00000823  0.00000400  0.00000626  0.00000428  0.00000555  0.00000400  0.00000428  0.00000626  0.00000555  0.00000880  0.00000400  0.00000400  0.00000795  
0.00000538  0.00000528  0.00000680  0.00000555  0.00000559  0.00000477  0.00000503  0.00000536  0.00000633  0.00000427  0.00000469  0.00000659  0.00000400  0.00000445  0.00000659  0.00000713  
0.00000538  0.00000680  0.00000528  0.00000555  0.00000633  0.00000469  0.00000427  0.00000659  0.00000559  0.00000503  0.00000477  0.00000536  0.00000400  0.00000659  0.00000445  0.00000713  
0.00001515  0.00000538  0.00000538  0.00000795  0.00000538  0.00000801  0.00000720  0.00000713  0.00000538  0.00000720  0.00000801  0.00000713  0.00000795  0.00000713  0.00000713  0.00001528  
