0.22268042  0.13781034  0.13781034  0.09887395  0.12588644  0.11604902  0.11604902  0.12789176  
0.13781034  0.09913933  0.09387983  0.08048058  0.08409388  0.09241093  0.08745785  0.11604902  
0.13781034  0.09387983  0.09913933  0.08048058  0.08409388  0.08745785  0.09241093  0.11604902  
0.09887395  0.08048058  0.08048058  0.07904092  0.06671656  0.08409388  0.08409388  0.12588644  
0.12588644  0.08409388  0.08409388  0.06671656  0.07904092  0.08048058  0.08048058  0.09887395  
0.11604902  0.09241093  0.08745785  0.08409388  0.08048058  0.09913933  0.09387983  0.13781034  
0.11604902  0.08745785  0.09241093  0.08409388  0.08048058  0.09387983  0.09913933  0.13781034  
0.12789176  0.11604902  0.11604902  0.12588644  0.09887395  0.13781034  0.13781034  0.22268042  
