0.00004565  0.00003079  0.00003079  0.00002999  0.00003796  0.00002702  0.00002702  0.00004835  
0.00003079  0.00002466  0.00003655  0.00001976  0.00002215  0.00002256  0.00003187  0.00002702  
0.00003079  0.00003655  0.00002466  0.00001976  0.00002215  0.00003187  0.00002256  0.00002702  
0.00002999  0.00001976  0.00001976  0.00003295  0.00003243  0.00002215  0.00002215  0.00003796  
0.00003796  0.00002215  0.00002215  0.00003243  0.00003295  0.00001976  0.00001976  0.00002999  
0.00002702  0.00002256  0.00003187  0.00002215  0.00001976  0.00002466  0.00003655  0.00003079  
0.00002702  0.00003187  0.00002256  0.00002215  0.00001976  0.00003655  0.00002466  0.00003079  
0.00004835  0.00002702  0.00002702  0.00003796  0.00002999  0.00003079  0.00003079  0.00004565  
