0.07121076  0.06636888  0.06636888  0.06614378  0.06636888  0.06614625  0.06214560  0.06605978  0.06636888  0.06214560  0.06614625  0.06605978  0.06614378  0.06605978  0.06605978  0.07039747  
0.06636888  0.06233445  0.06201999  0.06206342  0.06204486  0.06206458  0.05810682  0.06200421  0.06202390  0.05829799  0.06183149  0.06199434  0.06183582  0.06199199  0.06177779  0.06605978  
0.06636888  0.06201999  0.06233445  0.06206342  0.06202390  0.06183149  0.05829799  0.06199434  0.06204486  0.05810682  0.06206458  0.06200421  0.06183582  0.06177779  0.06199199  0.06605978  
0.06614378  0.06206342  0.06206342  0.06226580  0.06183582  0.06188981  0.05815236  0.06206342  0.06183582  0.05815236  0.06188981  0.06206342  0.06168149  0.06183582  0.06183582  0.06614378  
0.06636888  0.06204486  0.06202390  0.06183582  0.06233445  0.06206458  0.05829799  0.06199199  0.06201999  0.05810682  0.06183149  0.06177779  0.06206342  0.06200421  0.06199434  0.06605978  
0.06614625  0.06206458  0.06183149  0.06188981  0.06206458  0.06223845  0.05813795  0.06206458  0.06183149  0.05813795  0.06167513  0.06183149  0.06188981  0.06206458  0.06183149  0.06614625  
0.06214560  0.05810682  0.05829799  0.05815236  0.05829799  0.05813795  0.05494718  0.05829799  0.05810682  0.05447554  0.05813795  0.05810682  0.05815236  0.05810682  0.05829799  0.06214560  
0.06605978  0.06200421  0.06199434  0.06206342  0.06199199  0.06206458  0.05829799  0.06233445  0.06177779  0.05810682  0.06183149  0.06201999  0.06183582  0.06204486  0.06202390  0.06636888  
0.06636888  0.06202390  0.06204486  0.06183582  0.06201999  0.06183149  0.05810682  0.06177779  0.06233445  0.05829799  0.06206458  0.06199199  0.06206342  0.06199434  0.06200421  0.06605978  
0.06214560  0.05829799  0.05810682  0.05815236  0.05810682  0.05813795  0.05447554  0.05810682  0.05829799  0.05494718  0.05813795  0.05829799  0.05815236  0.05829799  0.05810682  0.06214560  
0.06614625  0.06183149  0.06206458  0.06188981  0.06183149  0.06167513  0.05813795  0.06183149  0.06206458  0.05813795  0.06223845  0.06206458  0.06188981  0.06183149  0.06206458  0.06614625  
0.06605978  0.06199434  0.06200421  0.06206342  0.06177779  0.06183149  0.05810682  0.06201999  0.06199199  0.05829799  0.06206458  0.06233445  0.06183582  0.06202390  0.06204486  0.06636888  
0.06614378  0.06183582  0.06183582  0.06168149  0.06206342  0.06188981  0.05815236  0.06183582  0.06206342  0.05815236  0.06188981  0.06183582  0.06226580  0.06206342  0.06206342  0.06614378  
0.06605978  0.06199199  0.06177779  0.06183582  0.06200421  0.06206458  0.05810682  0.06204486  0.06199434  0.05829799  0.06183149  0.06202390  0.06206342  0.06233445  0.06201999  0.06636888  
0.06605978  0.06177779  0.06199199  0.06183582  0.06199434  0.06183149  0.05829799  0.06202390  0.06200421  0.05810682  0.06206458  0.06204486  0.06206342  0.06201999  0.06233445  0.06636888  
0.07039747  0.06605978  0.06605978  0.06614378  0.06605978  0.06614625  0.06214560  0.06636888  0.06605978  0.06214560  0.06614625  0.06636888  0.06614378  0.06636888  0.06636888  0.07121076  
