0.00003154  0.00000973  0.00000973  0.00001516  0.00000973  0.00001460  0.00001210  0.00001398  0.00000973  0.00001210  0.00001460  0.00001398  0.00001516  0.00001398  0.00001398  0.00002686  
0.00000973  0.00000764  0.00001203  0.00000884  0.00001328  0.00001102  0.00001036  0.00001032  0.00001121  0.00000980  0.00001310  0.00001402  0.00001071  0.00001218  0.00001343  0.00001398  
0.00000973  0.00001203  0.00000764  0.00000884  0.00001121  0.00001310  0.00000980  0.00001402  0.00001328  0.00001036  0.00001102  0.00001032  0.00001071  0.00001343  0.00001218  0.00001398  
0.00001516  0.00000884  0.00000884  0.00001964  0.00001071  0.00001301  0.00001318  0.00000884  0.00001071  0.00001318  0.00001301  0.00000884  0.00002224  0.00001071  0.00001071  0.00001516  
0.00000973  0.00001328  0.00001121  0.00001071  0.00000764  0.00001102  0.00000980  0.00001218  0.00001203  0.00001036  0.00001310  0.00001343  0.00000884  0.00001032  0.00001402  0.00001398  
0.00001460  0.00001102  0.00001310  0.00001301  0.00001102  0.00002298  0.00001260  0.00001102  0.00001310  0.00001260  0.00003300  0.00001310  0.00001301  0.00001102  0.00001310  0.00001460  
0.00001210  0.00001036  0.00000980  0.00001318  0.00000980  0.00001260  0.00002543  0.00000980  0.00001036  0.00002598  0.00001260  0.00001036  0.00001318  0.00001036  0.00000980  0.00001210  
0.00001398  0.00001032  0.00001402  0.00000884  0.00001218  0.00001102  0.00000980  0.00000764  0.00001343  0.00001036  0.00001310  0.00001203  0.00001071  0.00001328  0.00001121  0.00000973  
0.00000973  0.00001121  0.00001328  0.00001071  0.00001203  0.00001310  0.00001036  0.00001343  0.00000764  0.00000980  0.00001102  0.00001218  0.00000884  0.00001402  0.00001032  0.00001398  
0.00001210  0.00000980  0.00001036  0.00001318  0.00001036  0.00001260  0.00002598  0.00001036  0.00000980  0.00002543  0.00001260  0.00000980  0.00001318  0.00000980  0.00001036  0.00001210  
0.00001460  0.00001310  0.00001102  0.00001301  0.00001310  0.00003300  0.00001260  0.00001310  0.00001102  0.00001260  0.00002298  0.00001102  0.00001301  0.00001310  0.00001102  0.00001460  
0.00001398  0.00001402  0.00001032  0.00000884  0.00001343  0.00001310  0.00001036  0.00001203  0.00001218  0.00000980  0.00001102  0.00000764  0.00001071  0.00001121  0.00001328  0.00000973  
0.00001516  0.00001071  0.00001071  0.00002224  0.00000884  0.00001301  0.00001318  0.00001071  0.00000884  0.00001318  0.00001301  0.00001071  0.00001964  0.00000884  0.00000884  0.00001516  
0.00001398  0.00001218  0.00001343  0.00001071  0.00001032  0.00001102  0.00001036  0.00001328  0.00001402  0.00000980  0.00001310  0.00001121  0.00000884  0.00000764  0.00001203  0.00000973  
0.00001398  0.00001343  0.00001218  0.00001071  0.00001402  0.00001310  0.00000980  0.00001121  0.00001032  0.00001036  0.00001102  0.00001328  0.00000884  0.00001203  0.00000764  0.00000973  
0.00002686  0.00001398  0.00001398  0.00001516  0.00001398  0.00001460  0.00001210  0.00000973  0.00001398  0.00001210  0.00001460  0.00000973  0.00001516  0.00000973  0.00000973  0.00003154  
