0.00002284  0.00001519  0.00001519  0.00001820  0.00001944  0.00001580  0.00001580  0.00002968  
0.00001519  0.00001450  0.00001590  0.00001670  0.00001568  0.00001667  0.00001753  0.00001580  
0.00001519  0.00001590  0.00001450  0.00001670  0.00001568  0.00001753  0.00001667  0.00001580  
0.00001820  0.00001670  0.00001670  0.00002425  0.00002334  0.00001568  0.00001568  0.00001944  
0.00001944  0.00001568  0.00001568  0.00002334  0.00002425  0.00001670  0.00001670  0.00001820  
0.00001580  0.00001667  0.00001753  0.00001568  0.00001670  0.00001450  0.00001590  0.00001519  
0.00001580  0.00001753  0.00001667  0.00001568  0.00001670  0.00001590  0.00001450  0.00001519  
0.00002968  0.00001580  0.00001580  0.00001944  0.00001820  0.00001519  0.00001519  0.00002284  
