0.15325916  0.08939525  0.08939525  0.06754503  0.08939525  0.06756392  0.05614201  0.05685750  0.08939525  0.05614201  0.06756392  0.05685750  0.06754503  0.05685750  0.05685750  0.06577234  
0.08939525  0.05686855  0.05531766  0.04688130  0.05531196  0.04687810  0.03781752  0.04404275  0.05494396  0.03862083  0.04521687  0.04371446  0.04521623  0.04370877  0.04245472  0.05685750  
0.08939525  0.05531766  0.05686855  0.04688130  0.05494396  0.04521687  0.03862083  0.04371446  0.05531196  0.03781752  0.04687810  0.04404275  0.04521623  0.04245472  0.04370877  0.05685750  
0.06754503  0.04688130  0.04688130  0.04455252  0.04521623  0.04290241  0.03559936  0.04688130  0.04521623  0.03559936  0.04290241  0.04688130  0.04134837  0.04521623  0.04521623  0.06754503  
0.08939525  0.05531196  0.05494396  0.04521623  0.05686855  0.04687810  0.03862083  0.04370877  0.05531766  0.03781752  0.04521687  0.04245472  0.04688130  0.04404275  0.04371446  0.05685750  
0.06756392  0.04687810  0.04521687  0.04290241  0.04687810  0.04453939  0.03559192  0.04687810  0.04521687  0.03559192  0.04133528  0.04521687  0.04290241  0.04687810  0.04521687  0.06756392  
0.05614201  0.03781752  0.03862083  0.03559936  0.03862083  0.03559192  0.03017472  0.03862083  0.03781752  0.02892492  0.03559192  0.03781752  0.03559936  0.03781752  0.03862083  0.05614201  
0.05685750  0.04404275  0.04371446  0.04688130  0.04370877  0.04687810  0.03862083  0.05686855  0.04245472  0.03781752  0.04521687  0.05531766  0.04521623  0.05531196  0.05494396  0.08939525  
0.08939525  0.05494396  0.05531196  0.04521623  0.05531766  0.04521687  0.03781752  0.04245472  0.05686855  0.03862083  0.04687810  0.04370877  0.04688130  0.04371446  0.04404275  0.05685750  
0.05614201  0.03862083  0.03781752  0.03559936  0.03781752  0.03559192  0.02892492  0.03781752  0.03862083  0.03017472  0.03559192  0.03862083  0.03559936  0.03862083  0.03781752  0.05614201  
0.06756392  0.04521687  0.04687810  0.04290241  0.04521687  0.04133528  0.03559192  0.04521687  0.04687810  0.03559192  0.04453939  0.04687810  0.04290241  0.04521687  0.04687810  0.06756392  
0.05685750  0.04371446  0.04404275  0.04688130  0.04245472  0.04521687  0.03781752  0.05531766  0.04370877  0.03862083  0.04687810  0.05686855  0.04521623  0.05494396  0.05531196  0.08939525  
0.06754503  0.04521623  0.04521623  0.04134837  0.04688130  0.04290241  0.03559936  0.04521623  0.04688130  0.03559936  0.04290241  0.04521623  0.04455252  0.04688130  0.04688130  0.06754503  
0.05685750  0.04370877  0.04245472  0.04521623  0.04404275  0.04687810  0.03781752  0.05531196  0.04371446  0.03862083  0.04521687  0.05494396  0.04688130  0.05686855  0.05531766  0.08939525  
0.05685750  0.04245472  0.04370877  0.04521623  0.04371446  0.04521687  0.03862083  0.05494396  0.04404275  0.03781752  0.04687810  0.05531196  0.04688130  0.05531766  0.05686855  0.08939525  
0.06577234  0.05685750  0.05685750  0.06754503  0.05685750  0.06756392  0.05614201  0.08939525  0.05685750  0.05614201  0.06756392  0.08939525  0.06754503  0.08939525  0.08939525  0.15325916  
