0.00000994  0.00000510  0.00000510  0.00000568  0.00000510  0.00000498  0.00000388  0.00000387  0.00000510  0.00000388  0.00000498  0.00000387  0.00000568  0.00000387  0.00000387  0.00000966  
0.00000510  0.00000351  0.00000384  0.00000196  0.00000528  0.00000345  0.00000245  0.00000402  0.00000449  0.00000252  0.00000304  0.00000318  0.00000301  0.00000441  0.00000416  0.00000387  
0.00000510  0.00000384  0.00000351  0.00000196  0.00000449  0.00000304  0.00000252  0.00000318  0.00000528  0.00000245  0.00000345  0.00000402  0.00000301  0.00000416  0.00000441  0.00000387  
0.00000568  0.00000196  0.00000196  0.00000644  0.00000301  0.00000409  0.00000327  0.00000196  0.00000301  0.00000327  0.00000409  0.00000196  0.00000639  0.00000301  0.00000301  0.00000568  
0.00000510  0.00000528  0.00000449  0.00000301  0.00000351  0.00000345  0.00000252  0.00000441  0.00000384  0.00000245  0.00000304  0.00000416  0.00000196  0.00000402  0.00000318  0.00000387  
0.00000498  0.00000345  0.00000304  0.00000409  0.00000345  0.00000640  0.00000337  0.00000345  0.00000304  0.00000337  0.00000680  0.00000304  0.00000409  0.00000345  0.00000304  0.00000498  
0.00000388  0.00000245  0.00000252  0.00000327  0.00000252  0.00000337  0.00000473  0.00000252  0.00000245  0.00000506  0.00000337  0.00000245  0.00000327  0.00000245  0.00000252  0.00000388  
0.00000387  0.00000402  0.00000318  0.00000196  0.00000441  0.00000345  0.00000252  0.00000351  0.00000416  0.00000245  0.00000304  0.00000384  0.00000301  0.00000528  0.00000449  0.00000510  
0.00000510  0.00000449  0.00000528  0.00000301  0.00000384  0.00000304  0.00000245  0.00000416  0.00000351  0.00000252  0.00000345  0.00000441  0.00000196  0.00000318  0.00000402  0.00000387  
0.00000388  0.00000252  0.00000245  0.00000327  0.00000245  0.00000337  0.00000506  0.00000245  0.00000252  0.00000473  0.00000337  0.00000252  0.00000327  0.00000252  0.00000245  0.00000388  
0.00000498  0.00000304  0.00000345  0.00000409  0.00000304  0.00000680  0.00000337  0.00000304  0.00000345  0.00000337  0.00000640  0.00000345  0.00000409  0.00000304  0.00000345  0.00000498  
0.00000387  0.00000318  0.00000402  0.00000196  0.00000416  0.00000304  0.00000245  0.00000384  0.00000441  0.00000252  0.00000345  0.00000351  0.00000301  0.00000449  0.00000528  0.00000510  
0.00000568  0.00000301  0.00000301  0.00000639  0.00000196  0.00000409  0.00000327  0.00000301  0.00000196  0.00000327  0.00000409  0.00000301  0.00000644  0.00000196  0.00000196  0.00000568  
0.00000387  0.00000441  0.00000416  0.00000301  0.00000402  0.00000345  0.00000245  0.00000528  0.00000318  0.00000252  0.00000304  0.00000449  0.00000196  0.00000351  0.00000384  0.00000510  
0.00000387  0.00000416  0.00000441  0.00000301  0.00000318  0.00000304  0.00000252  0.00000449  0.00000402  0.00000245  0.00000345  0.00000528  0.00000196  0.00000384  0.00000351  0.00000510  
0.00000966  0.00000387  0.00000387  0.00000568  0.00000387  0.00000498  0.00000388  0.00000510  0.00000387  0.00000388  0.00000498  0.00000510  0.00000568  0.00000510  0.00000510  0.00000994  
