0.27439064  0.13526099  0.13526099  0.07980010  0.12646465  0.09511260  0.09511260  0.09611002  
0.13526099  0.07980552  0.07660865  0.06081943  0.06964666  0.06956910  0.06669101  0.09511260  
0.13526099  0.07660865  0.07980552  0.06081943  0.06964666  0.06669101  0.06956910  0.09511260  
0.07980010  0.06081943  0.06081943  0.06599832  0.05080648  0.06964666  0.06964666  0.12646465  
0.12646465  0.06964666  0.06964666  0.05080648  0.06599832  0.06081943  0.06081943  0.07980010  
0.09511260  0.06956910  0.06669101  0.06964666  0.06081943  0.07980552  0.07660865  0.13526099  
0.09511260  0.06669101  0.06956910  0.06964666  0.06081943  0.07660865  0.07980552  0.13526099  
0.09611002  0.09511260  0.09511260  0.12646465  0.07980010  0.13526099  0.13526099  0.27439064  
