0.00001778  0.00001632  0.00001632  0.00001510  0.00002186  0.00001063  0.00001063  0.00001865  
0.00001632  0.00001026  0.00001102  0.00000638  0.00001037  0.00001203  0.00001176  0.00001063  
0.00001632  0.00001102  0.00001026  0.00000638  0.00001037  0.00001176  0.00001203  0.00001063  
0.00001510  0.00000638  0.00000638  0.00001130  0.00001071  0.00001037  0.00001037  0.00002186  
0.00002186  0.00001037  0.00001037  0.00001071  0.00001130  0.00000638  0.00000638  0.00001510  
0.00001063  0.00001203  0.00001176  0.00001037  0.00000638  0.00001026  0.00001102  0.00001632  
0.00001063  0.00001176  0.00001203  0.00001037  0.00000638  0.00001102  0.00001026  0.00001632  
0.00001865  0.00001063  0.00001063  0.00002186  0.00001510  0.00001632  0.00001632  0.00001778  
