0.00000959  0.00000915  0.00000841  0.00000637  0.00000915  0.00000631  0.00000637  0.00001330  
0.00000915  0.00000447  0.00000391  0.00000612  0.00000685  0.00000379  0.00000536  0.00000637  
0.00000841  0.00000391  0.00000403  0.00000379  0.00000391  0.00000390  0.00000379  0.00000631  
0.00000637  0.00000612  0.00000379  0.00000447  0.00000536  0.00000391  0.00000685  0.00000915  
0.00000915  0.00000685  0.00000391  0.00000536  0.00000447  0.00000379  0.00000612  0.00000637  
0.00000631  0.00000379  0.00000390  0.00000391  0.00000379  0.00000403  0.00000391  0.00000841  
0.00000637  0.00000536  0.00000379  0.00000685  0.00000612  0.00000391  0.00000447  0.00000915  
0.00001330  0.00000637  0.00000631  0.00000915  0.00000637  0.00000841  0.00000915  0.00000959  
