0.13541746  0.12925553  0.12925553  0.12400288  0.12476487  0.12879876  0.12879876  0.13358354  
0.12925553  0.12441509  0.12363603  0.11949539  0.11922639  0.12398087  0.12327824  0.12879876  
0.12925553  0.12363603  0.12441509  0.11949539  0.11922639  0.12327824  0.12398087  0.12879876  
0.12400288  0.11949539  0.11949539  0.11575235  0.11449124  0.11922639  0.11922639  0.12476487  
0.12476487  0.11922639  0.11922639  0.11449124  0.11575235  0.11949539  0.11949539  0.12400288  
0.12879876  0.12398087  0.12327824  0.11922639  0.11949539  0.12441509  0.12363603  0.12925553  
0.12879876  0.12327824  0.12398087  0.11922639  0.11949539  0.12363603  0.12441509  0.12925553  
0.13358354  0.12879876  0.12879876  0.12476487  0.12400288  0.12925553  0.12925553  0.13541746  
