0.15651427  0.09995248  0.07889628  0.09397839  0.07889628  0.05547354  0.07293201  0.09695278  0.09995248  0.06576584  0.05547354  0.06884288  0.09397839  0.06884288  0.09695278  0.13293725  
0.09995248  0.07082604  0.05122847  0.06782141  0.05065576  0.03955427  0.04770674  0.07038688  0.06408231  0.04679658  0.03619376  0.04993591  0.06059694  0.04937142  0.06369277  0.09695278  
0.07889628  0.05122847  0.03994434  0.04832695  0.03984885  0.02848657  0.03694996  0.04993591  0.05065576  0.03388307  0.02819769  0.03559430  0.04770791  0.03553947  0.04937142  0.06884288  
0.09397839  0.06782141  0.04832695  0.06529851  0.04770791  0.03799302  0.04510898  0.06782141  0.06059694  0.04510898  0.03435380  0.04832695  0.05741205  0.04770791  0.06059694  0.09397839  
0.07889628  0.05065576  0.03984885  0.04770791  0.03994434  0.02819769  0.03694996  0.04937142  0.05122847  0.03388307  0.02848657  0.03553947  0.04832695  0.03559430  0.04993591  0.06884288  
0.05547354  0.03955427  0.02848657  0.03799302  0.02819769  0.02223490  0.02662549  0.03955427  0.03619376  0.02662549  0.02049669  0.02848657  0.03435380  0.02819769  0.03619376  0.05547354  
0.07293201  0.04770674  0.03694996  0.04510898  0.03694996  0.02662549  0.03441157  0.04679658  0.04770674  0.03215141  0.02662549  0.03388307  0.04510898  0.03388307  0.04679658  0.06576584  
0.09695278  0.07038688  0.04993591  0.06782141  0.04937142  0.03955427  0.04679658  0.07082604  0.06369277  0.04770674  0.03619376  0.05122847  0.06059694  0.05065576  0.06408231  0.09995248  
0.09995248  0.06408231  0.05065576  0.06059694  0.05122847  0.03619376  0.04770674  0.06369277  0.07082604  0.04679658  0.03955427  0.04937142  0.06782141  0.04993591  0.07038688  0.09695278  
0.06576584  0.04679658  0.03388307  0.04510898  0.03388307  0.02662549  0.03215141  0.04770674  0.04679658  0.03441157  0.02662549  0.03694996  0.04510898  0.03694996  0.04770674  0.07293201  
0.05547354  0.03619376  0.02819769  0.03435380  0.02848657  0.02049669  0.02662549  0.03619376  0.03955427  0.02662549  0.02223490  0.02819769  0.03799302  0.02848657  0.03955427  0.05547354  
0.06884288  0.04993591  0.03559430  0.04832695  0.03553947  0.02848657  0.03388307  0.05122847  0.04937142  0.03694996  0.02819769  0.03994434  0.04770791  0.03984885  0.05065576  0.07889628  
0.09397839  0.06059694  0.04770791  0.05741205  0.04832695  0.03435380  0.04510898  0.06059694  0.06782141  0.04510898  0.03799302  0.04770791  0.06529851  0.04832695  0.06782141  0.09397839  
0.06884288  0.04937142  0.03553947  0.04770791  0.03559430  0.02819769  0.03388307  0.05065576  0.04993591  0.03694996  0.02848657  0.03984885  0.04832695  0.03994434  0.05122847  0.07889628  
0.09695278  0.06369277  0.04937142  0.06059694  0.04993591  0.03619376  0.04679658  0.06408231  0.07038688  0.04770674  0.03955427  0.05065576  0.06782141  0.05122847  0.07082604  0.09995248  
0.13293725  0.09695278  0.06884288  0.09397839  0.06884288  0.05547354  0.06576584  0.09995248  0.09695278  0.07293201  0.05547354  0.07889628  0.09397839  0.07889628  0.09995248  0.15651427  
