0.28095822  0.14147244  0.11294629  0.13044654  0.14147244  0.08716419  0.13044654  0.19026291  
0.14147244  0.08639083  0.05956987  0.08499544  0.07423941  0.05647027  0.07287543  0.13044654  
0.11294629  0.05956987  0.04626012  0.05647027  0.05956987  0.03887543  0.05647027  0.08716419  
0.13044654  0.08499544  0.05647027  0.08639083  0.07287543  0.05956987  0.07423941  0.14147244  
0.14147244  0.07423941  0.05956987  0.07287543  0.08639083  0.05647027  0.08499544  0.13044654  
0.08716419  0.05647027  0.03887543  0.05956987  0.05647027  0.04626012  0.05956987  0.11294629  
0.13044654  0.07287543  0.05647027  0.07423941  0.08499544  0.05956987  0.08639083  0.14147244  
0.19026291  0.13044654  0.08716419  0.14147244  0.13044654  0.11294629  0.14147244  0.28095822  
