0.00000581  0.00000558  0.00000602  0.00000716  0.00000558  0.00000498  0.00000716  0.00000938  
0.00000558  0.00000268  0.00000389  0.00000426  0.00000589  0.00000376  0.00000669  0.00000716  
0.00000602  0.00000389  0.00000330  0.00000376  0.00000389  0.00000466  0.00000376  0.00000498  
0.00000716  0.00000426  0.00000376  0.00000268  0.00000669  0.00000389  0.00000589  0.00000558  
0.00000558  0.00000589  0.00000389  0.00000669  0.00000268  0.00000376  0.00000426  0.00000716  
0.00000498  0.00000376  0.00000466  0.00000389  0.00000376  0.00000330  0.00000389  0.00000602  
0.00000716  0.00000669  0.00000376  0.00000589  0.00000426  0.00000389  0.00000268  0.00000558  
0.00000938  0.00000716  0.00000498  0.00000558  0.00000716  0.00000602  0.00000558  0.00000581  
