0.14697377  0.13229842  0.13229842  0.12130149  0.12438817  0.13005053  0.13005053  0.13851332  
0.13229842  0.12262777  0.11999549  0.11328195  0.11258331  0.12118729  0.11859052  0.13005053  
0.13229842  0.11999549  0.12262777  0.11328195  0.11258331  0.11859052  0.12118729  0.13005053  
0.12130149  0.11328195  0.11328195  0.10777068  0.10378942  0.11258331  0.11258331  0.12438817  
0.12438817  0.11258331  0.11258331  0.10378942  0.10777068  0.11328195  0.11328195  0.12130149  
0.13005053  0.12118729  0.11859052  0.11258331  0.11328195  0.12262777  0.11999549  0.13229842  
0.13005053  0.11859052  0.12118729  0.11258331  0.11328195  0.11999549  0.12262777  0.13229842  
0.13851332  0.13005053  0.13005053  0.12438817  0.12130149  0.13229842  0.13229842  0.14697377  
