0.00000475  0.00000273  0.00000273  0.00000356  0.00000370  0.00000267  0.00000267  0.00000485  
0.00000273  0.00000234  0.00000338  0.00000262  0.00000301  0.00000306  0.00000313  0.00000267  
0.00000273  0.00000338  0.00000234  0.00000262  0.00000301  0.00000313  0.00000306  0.00000267  
0.00000356  0.00000262  0.00000262  0.00000392  0.00000383  0.00000301  0.00000301  0.00000370  
0.00000370  0.00000301  0.00000301  0.00000383  0.00000392  0.00000262  0.00000262  0.00000356  
0.00000267  0.00000306  0.00000313  0.00000301  0.00000262  0.00000234  0.00000338  0.00000273  
0.00000267  0.00000313  0.00000306  0.00000301  0.00000262  0.00000338  0.00000234  0.00000273  
0.00000485  0.00000267  0.00000267  0.00000370  0.00000356  0.00000273  0.00000273  0.00000475  
