0.07883881  0.06937356  0.06937356  0.06856550  0.06937356  0.06856702  0.06158212  0.06817759  0.06937356  0.06158212  0.06856702  0.06817759  0.06856550  0.06817759  0.06817759  0.07603189  
0.06937356  0.06205966  0.06127368  0.06132590  0.06129879  0.06134606  0.05453218  0.06113552  0.06121489  0.05502972  0.06058958  0.06106208  0.06057423  0.06108608  0.06039432  0.06817759  
0.06937356  0.06127368  0.06205966  0.06132590  0.06121489  0.06058958  0.05502972  0.06106208  0.06129879  0.05453218  0.06134606  0.06113552  0.06057423  0.06039432  0.06108608  0.06817759  
0.06856550  0.06132590  0.06132590  0.06168211  0.06057423  0.06076794  0.05460422  0.06132590  0.06057423  0.05460422  0.06076794  0.06132590  0.06000714  0.06057423  0.06057423  0.06856550  
0.06937356  0.06129879  0.06121489  0.06057423  0.06205966  0.06134606  0.05502972  0.06108608  0.06127368  0.05453218  0.06058958  0.06039432  0.06132590  0.06113552  0.06106208  0.06817759  
0.06856702  0.06134606  0.06058958  0.06076794  0.06134606  0.06162874  0.05460210  0.06134606  0.06058958  0.05460210  0.06006358  0.06058958  0.06076794  0.06134606  0.06058958  0.06856702  
0.06158212  0.05453218  0.05502972  0.05460422  0.05502972  0.05460210  0.04961169  0.05502972  0.05453218  0.04863836  0.05460210  0.05453218  0.05460422  0.05453218  0.05502972  0.06158212  
0.06817759  0.06113552  0.06106208  0.06132590  0.06108608  0.06134606  0.05502972  0.06205966  0.06039432  0.05453218  0.06058958  0.06127368  0.06057423  0.06129879  0.06121489  0.06937356  
0.06937356  0.06121489  0.06129879  0.06057423  0.06127368  0.06058958  0.05453218  0.06039432  0.06205966  0.05502972  0.06134606  0.06108608  0.06132590  0.06106208  0.06113552  0.06817759  
0.06158212  0.05502972  0.05453218  0.05460422  0.05453218  0.05460210  0.04863836  0.05453218  0.05502972  0.04961169  0.05460210  0.05502972  0.05460422  0.05502972  0.05453218  0.06158212  
0.06856702  0.06058958  0.06134606  0.06076794  0.06058958  0.06006358  0.05460210  0.06058958  0.06134606  0.05460210  0.06162874  0.06134606  0.06076794  0.06058958  0.06134606  0.06856702  
0.06817759  0.06106208  0.06113552  0.06132590  0.06039432  0.06058958  0.05453218  0.06127368  0.06108608  0.05502972  0.06134606  0.06205966  0.06057423  0.06121489  0.06129879  0.06937356  
0.06856550  0.06057423  0.06057423  0.06000714  0.06132590  0.06076794  0.05460422  0.06057423  0.06132590  0.05460422  0.06076794  0.06057423  0.06168211  0.06132590  0.06132590  0.06856550  
0.06817759  0.06108608  0.06039432  0.06057423  0.06113552  0.06134606  0.05453218  0.06129879  0.06106208  0.05502972  0.06058958  0.06121489  0.06132590  0.06205966  0.06127368  0.06937356  
0.06817759  0.06039432  0.06108608  0.06057423  0.06106208  0.06058958  0.05502972  0.06121489  0.06113552  0.05453218  0.06134606  0.06129879  0.06132590  0.06127368  0.06205966  0.06937356  
0.07603189  0.06817759  0.06817759  0.06856550  0.06817759  0.06856702  0.06158212  0.06937356  0.06817759  0.06158212  0.06856702  0.06937356  0.06856550  0.06937356  0.06937356  0.07883881  
