0.00003088  0.00001313  0.00001313  0.00001275  0.00001313  0.00001682  0.00001497  0.00001174  0.00001313  0.00001497  0.00001682  0.00001174  0.00001275  0.00001174  0.00001174  0.00002260  
0.00001313  0.00000911  0.00001425  0.00000991  0.00001863  0.00001204  0.00001264  0.00001362  0.00001544  0.00001128  0.00001409  0.00001216  0.00001247  0.00001469  0.00001514  0.00001174  
0.00001313  0.00001425  0.00000911  0.00000991  0.00001544  0.00001409  0.00001128  0.00001216  0.00001863  0.00001264  0.00001204  0.00001362  0.00001247  0.00001514  0.00001469  0.00001174  
0.00001275  0.00000991  0.00000991  0.00002729  0.00001247  0.00001288  0.00001002  0.00000991  0.00001247  0.00001002  0.00001288  0.00000991  0.00002608  0.00001247  0.00001247  0.00001275  
0.00001313  0.00001863  0.00001544  0.00001247  0.00000911  0.00001204  0.00001128  0.00001469  0.00001425  0.00001264  0.00001409  0.00001514  0.00000991  0.00001362  0.00001216  0.00001174  
0.00001682  0.00001204  0.00001409  0.00001288  0.00001204  0.00002147  0.00001325  0.00001204  0.00001409  0.00001325  0.00002279  0.00001409  0.00001288  0.00001204  0.00001409  0.00001682  
0.00001497  0.00001264  0.00001128  0.00001002  0.00001128  0.00001325  0.00001718  0.00001128  0.00001264  0.00002235  0.00001325  0.00001264  0.00001002  0.00001264  0.00001128  0.00001497  
0.00001174  0.00001362  0.00001216  0.00000991  0.00001469  0.00001204  0.00001128  0.00000911  0.00001514  0.00001264  0.00001409  0.00001425  0.00001247  0.00001863  0.00001544  0.00001313  
0.00001313  0.00001544  0.00001863  0.00001247  0.00001425  0.00001409  0.00001264  0.00001514  0.00000911  0.00001128  0.00001204  0.00001469  0.00000991  0.00001216  0.00001362  0.00001174  
0.00001497  0.00001128  0.00001264  0.00001002  0.00001264  0.00001325  0.00002235  0.00001264  0.00001128  0.00001718  0.00001325  0.00001128  0.00001002  0.00001128  0.00001264  0.00001497  
0.00001682  0.00001409  0.00001204  0.00001288  0.00001409  0.00002279  0.00001325  0.00001409  0.00001204  0.00001325  0.00002147  0.00001204  0.00001288  0.00001409  0.00001204  0.00001682  
0.00001174  0.00001216  0.00001362  0.00000991  0.00001514  0.00001409  0.00001264  0.00001425  0.00001469  0.00001128  0.00001204  0.00000911  0.00001247  0.00001544  0.00001863  0.00001313  
0.00001275  0.00001247  0.00001247  0.00002608  0.00000991  0.00001288  0.00001002  0.00001247  0.00000991  0.00001002  0.00001288  0.00001247  0.00002729  0.00000991  0.00000991  0.00001275  
0.00001174  0.00001469  0.00001514  0.00001247  0.00001362  0.00001204  0.00001264  0.00001863  0.00001216  0.00001128  0.00001409  0.00001544  0.00000991  0.00000911  0.00001425  0.00001313  
0.00001174  0.00001514  0.00001469  0.00001247  0.00001216  0.00001409  0.00001128  0.00001544  0.00001362  0.00001264  0.00001204  0.00001863  0.00000991  0.00001425  0.00000911  0.00001313  
0.00002260  0.00001174  0.00001174  0.00001275  0.00001174  0.00001682  0.00001497  0.00001313  0.00001174  0.00001497  0.00001682  0.00001313  0.00001275  0.00001313  0.00001313  0.00003088  
