0.39879353  0.10929110  0.09947738  0.06435447  0.10929110  0.03854834  0.06435447  0.07609089  
0.10929110  0.03763635  0.02972938  0.03114901  0.03439270  0.02133661  0.02809572  0.06435447  
0.09947738  0.02972938  0.02593376  0.02133661  0.02972938  0.01435812  0.02133661  0.03854834  
0.06435447  0.03114901  0.02133661  0.03763635  0.02809572  0.02972938  0.03439270  0.10929110  
0.10929110  0.03439270  0.02972938  0.02809572  0.03763635  0.02133661  0.03114901  0.06435447  
0.03854834  0.02133661  0.01435812  0.02972938  0.02133661  0.02593376  0.02972938  0.09947738  
0.06435447  0.02809572  0.02133661  0.03439270  0.03114901  0.02972938  0.03763635  0.10929110  
0.07609089  0.06435447  0.03854834  0.10929110  0.06435447  0.09947738  0.10929110  0.39879353  
