0.00000600  0.00000348  0.00000467  0.00000417  0.00000348  0.00000273  0.00000417  0.00000696  
0.00000348  0.00000263  0.00000154  0.00000284  0.00000268  0.00000133  0.00000267  0.00000417  
0.00000467  0.00000154  0.00000215  0.00000133  0.00000154  0.00000156  0.00000133  0.00000273  
0.00000417  0.00000284  0.00000133  0.00000263  0.00000267  0.00000154  0.00000268  0.00000348  
0.00000348  0.00000268  0.00000154  0.00000267  0.00000263  0.00000133  0.00000284  0.00000417  
0.00000273  0.00000133  0.00000156  0.00000154  0.00000133  0.00000215  0.00000154  0.00000467  
0.00000417  0.00000267  0.00000133  0.00000268  0.00000284  0.00000154  0.00000263  0.00000348  
0.00000696  0.00000417  0.00000273  0.00000348  0.00000417  0.00000467  0.00000348  0.00000600  
