0.07907011  0.06955544  0.06955544  0.06863750  0.06955544  0.06863533  0.06166359  0.06822764  0.06955544  0.06166359  0.06863533  0.06822764  0.06863750  0.06822764  0.06822764  0.07606553  
0.06955544  0.06206099  0.06136989  0.06137368  0.06137187  0.06136950  0.05454238  0.06115880  0.06126673  0.05504480  0.06060355  0.06105818  0.06060779  0.06106153  0.06040427  0.06822764  
0.06955544  0.06136989  0.06206099  0.06137368  0.06126673  0.06060355  0.05504480  0.06105818  0.06137187  0.05454238  0.06136950  0.06115880  0.06060779  0.06040427  0.06106153  0.06822764  
0.06863750  0.06137368  0.06137368  0.06158671  0.06060779  0.06076546  0.05459546  0.06137368  0.06060779  0.05459546  0.06076546  0.06137368  0.06000504  0.06060779  0.06060779  0.06863750  
0.06955544  0.06137187  0.06126673  0.06060779  0.06206099  0.06136950  0.05504480  0.06106153  0.06136989  0.05454238  0.06060355  0.06040427  0.06137368  0.06115880  0.06105818  0.06822764  
0.06863533  0.06136950  0.06060355  0.06076546  0.06136950  0.06156984  0.05458671  0.06136950  0.06060355  0.05458671  0.05999225  0.06060355  0.06076546  0.06136950  0.06060355  0.06863533  
0.06166359  0.05454238  0.05504480  0.05459546  0.05504480  0.05458671  0.04952938  0.05504480  0.05454238  0.04860376  0.05458671  0.05454238  0.05459546  0.05454238  0.05504480  0.06166359  
0.06822764  0.06115880  0.06105818  0.06137368  0.06106153  0.06136950  0.05504480  0.06206099  0.06040427  0.05454238  0.06060355  0.06136989  0.06060779  0.06137187  0.06126673  0.06955544  
0.06955544  0.06126673  0.06137187  0.06060779  0.06136989  0.06060355  0.05454238  0.06040427  0.06206099  0.05504480  0.06136950  0.06106153  0.06137368  0.06105818  0.06115880  0.06822764  
0.06166359  0.05504480  0.05454238  0.05459546  0.05454238  0.05458671  0.04860376  0.05454238  0.05504480  0.04952938  0.05458671  0.05504480  0.05459546  0.05504480  0.05454238  0.06166359  
0.06863533  0.06060355  0.06136950  0.06076546  0.06060355  0.05999225  0.05458671  0.06060355  0.06136950  0.05458671  0.06156984  0.06136950  0.06076546  0.06060355  0.06136950  0.06863533  
0.06822764  0.06105818  0.06115880  0.06137368  0.06040427  0.06060355  0.05454238  0.06136989  0.06106153  0.05504480  0.06136950  0.06206099  0.06060779  0.06126673  0.06137187  0.06955544  
0.06863750  0.06060779  0.06060779  0.06000504  0.06137368  0.06076546  0.05459546  0.06060779  0.06137368  0.05459546  0.06076546  0.06060779  0.06158671  0.06137368  0.06137368  0.06863750  
0.06822764  0.06106153  0.06040427  0.06060779  0.06115880  0.06136950  0.05454238  0.06137187  0.06105818  0.05504480  0.06060355  0.06126673  0.06137368  0.06206099  0.06136989  0.06955544  
0.06822764  0.06040427  0.06106153  0.06060779  0.06105818  0.06060355  0.05504480  0.06126673  0.06115880  0.05454238  0.06136950  0.06137187  0.06137368  0.06136989  0.06206099  0.06955544  
0.07606553  0.06822764  0.06822764  0.06863750  0.06822764  0.06863533  0.06166359  0.06955544  0.06822764  0.06166359  0.06863533  0.06955544  0.06863750  0.06955544  0.06955544  0.07907011  
