0.00000755  0.00000412  0.00000412  0.00000399  0.00000412  0.00000487  0.00000380  0.00000494  0.00000412  0.00000380  0.00000487  0.00000494  0.00000399  0.00000494  0.00000494  0.00001239  
0.00000412  0.00000297  0.00000513  0.00000306  0.00000534  0.00000320  0.00000332  0.00000457  0.00000478  0.00000288  0.00000396  0.00000461  0.00000391  0.00000509  0.00000535  0.00000494  
0.00000412  0.00000513  0.00000297  0.00000306  0.00000478  0.00000396  0.00000288  0.00000461  0.00000534  0.00000332  0.00000320  0.00000457  0.00000391  0.00000535  0.00000509  0.00000494  
0.00000399  0.00000306  0.00000306  0.00000767  0.00000391  0.00000363  0.00000348  0.00000306  0.00000391  0.00000348  0.00000363  0.00000306  0.00000955  0.00000391  0.00000391  0.00000399  
0.00000412  0.00000534  0.00000478  0.00000391  0.00000297  0.00000320  0.00000288  0.00000509  0.00000513  0.00000332  0.00000396  0.00000535  0.00000306  0.00000457  0.00000461  0.00000494  
0.00000487  0.00000320  0.00000396  0.00000363  0.00000320  0.00000624  0.00000356  0.00000320  0.00000396  0.00000356  0.00000936  0.00000396  0.00000363  0.00000320  0.00000396  0.00000487  
0.00000380  0.00000332  0.00000288  0.00000348  0.00000288  0.00000356  0.00000551  0.00000288  0.00000332  0.00000587  0.00000356  0.00000332  0.00000348  0.00000332  0.00000288  0.00000380  
0.00000494  0.00000457  0.00000461  0.00000306  0.00000509  0.00000320  0.00000288  0.00000297  0.00000535  0.00000332  0.00000396  0.00000513  0.00000391  0.00000534  0.00000478  0.00000412  
0.00000412  0.00000478  0.00000534  0.00000391  0.00000513  0.00000396  0.00000332  0.00000535  0.00000297  0.00000288  0.00000320  0.00000509  0.00000306  0.00000461  0.00000457  0.00000494  
0.00000380  0.00000288  0.00000332  0.00000348  0.00000332  0.00000356  0.00000587  0.00000332  0.00000288  0.00000551  0.00000356  0.00000288  0.00000348  0.00000288  0.00000332  0.00000380  
0.00000487  0.00000396  0.00000320  0.00000363  0.00000396  0.00000936  0.00000356  0.00000396  0.00000320  0.00000356  0.00000624  0.00000320  0.00000363  0.00000396  0.00000320  0.00000487  
0.00000494  0.00000461  0.00000457  0.00000306  0.00000535  0.00000396  0.00000332  0.00000513  0.00000509  0.00000288  0.00000320  0.00000297  0.00000391  0.00000478  0.00000534  0.00000412  
0.00000399  0.00000391  0.00000391  0.00000955  0.00000306  0.00000363  0.00000348  0.00000391  0.00000306  0.00000348  0.00000363  0.00000391  0.00000767  0.00000306  0.00000306  0.00000399  
0.00000494  0.00000509  0.00000535  0.00000391  0.00000457  0.00000320  0.00000332  0.00000534  0.00000461  0.00000288  0.00000396  0.00000478  0.00000306  0.00000297  0.00000513  0.00000412  
0.00000494  0.00000535  0.00000509  0.00000391  0.00000461  0.00000396  0.00000288  0.00000478  0.00000457  0.00000332  0.00000320  0.00000534  0.00000306  0.00000513  0.00000297  0.00000412  
0.00001239  0.00000494  0.00000494  0.00000399  0.00000494  0.00000487  0.00000380  0.00000412  0.00000494  0.00000380  0.00000487  0.00000412  0.00000399  0.00000412  0.00000412  0.00000755  
