0.00004243  0.00002568  0.00002568  0.00002334  0.00003626  0.00002677  0.00002677  0.00004746  
0.00002568  0.00001886  0.00003319  0.00002610  0.00003534  0.00003948  0.00004211  0.00002677  
0.00002568  0.00003319  0.00001886  0.00002610  0.00003534  0.00004211  0.00003948  0.00002677  
0.00002334  0.00002610  0.00002610  0.00003935  0.00004741  0.00003534  0.00003534  0.00003626  
0.00003626  0.00003534  0.00003534  0.00004741  0.00003935  0.00002610  0.00002610  0.00002334  
0.00002677  0.00003948  0.00004211  0.00003534  0.00002610  0.00001886  0.00003319  0.00002568  
0.00002677  0.00004211  0.00003948  0.00003534  0.00002610  0.00003319  0.00001886  0.00002568  
0.00004746  0.00002677  0.00002677  0.00003626  0.00002334  0.00002568  0.00002568  0.00004243  
