0.08829177  0.07310062  0.07310062  0.07180223  0.07310062  0.07179120  0.06147452  0.07159830  0.07310062  0.06147452  0.07179120  0.07159830  0.07180223  0.07159830  0.07159830  0.08466315  
0.07310062  0.06154587  0.06074651  0.06054945  0.06074766  0.06054216  0.05120694  0.06053001  0.06061962  0.05173613  0.05970030  0.06043006  0.05970110  0.06041222  0.05968377  0.07159830  
0.07310062  0.06074651  0.06154587  0.06054945  0.06061962  0.05970030  0.05173613  0.06043006  0.06074766  0.05120694  0.06054216  0.06053001  0.05970110  0.05968377  0.06041222  0.07159830  
0.07180223  0.06054945  0.06054945  0.06060003  0.05970110  0.05968850  0.05108051  0.06054945  0.05970110  0.05108051  0.05968850  0.06054945  0.05887619  0.05970110  0.05970110  0.07180223  
0.07310062  0.06074766  0.06061962  0.05970110  0.06154587  0.06054216  0.05173613  0.06041222  0.06074651  0.05120694  0.05970030  0.05968377  0.06054945  0.06053001  0.06043006  0.07159830  
0.07179120  0.06054216  0.05970030  0.05968850  0.06054216  0.06064573  0.05108400  0.06054216  0.05970030  0.05108400  0.05885258  0.05970030  0.05968850  0.06054216  0.05970030  0.07179120  
0.06147452  0.05120694  0.05173613  0.05108051  0.05173613  0.05108400  0.04427900  0.05173613  0.05120694  0.04329589  0.05108400  0.05120694  0.05108051  0.05120694  0.05173613  0.06147452  
0.07159830  0.06053001  0.06043006  0.06054945  0.06041222  0.06054216  0.05173613  0.06154587  0.05968377  0.05120694  0.05970030  0.06074651  0.05970110  0.06074766  0.06061962  0.07310062  
0.07310062  0.06061962  0.06074766  0.05970110  0.06074651  0.05970030  0.05120694  0.05968377  0.06154587  0.05173613  0.06054216  0.06041222  0.06054945  0.06043006  0.06053001  0.07159830  
0.06147452  0.05173613  0.05120694  0.05108051  0.05120694  0.05108400  0.04329589  0.05120694  0.05173613  0.04427900  0.05108400  0.05173613  0.05108051  0.05173613  0.05120694  0.06147452  
0.07179120  0.05970030  0.06054216  0.05968850  0.05970030  0.05885258  0.05108400  0.05970030  0.06054216  0.05108400  0.06064573  0.06054216  0.05968850  0.05970030  0.06054216  0.07179120  
0.07159830  0.06043006  0.06053001  0.06054945  0.05968377  0.05970030  0.05120694  0.06074651  0.06041222  0.05173613  0.06054216  0.06154587  0.05970110  0.06061962  0.06074766  0.07310062  
0.07180223  0.05970110  0.05970110  0.05887619  0.06054945  0.05968850  0.05108051  0.05970110  0.06054945  0.05108051  0.05968850  0.05970110  0.06060003  0.06054945  0.06054945  0.07180223  
0.07159830  0.06041222  0.05968377  0.05970110  0.06053001  0.06054216  0.05120694  0.06074766  0.06043006  0.05173613  0.05970030  0.06061962  0.06054945  0.06154587  0.06074651  0.07310062  
0.07159830  0.05968377  0.06041222  0.05970110  0.06043006  0.05970030  0.05173613  0.06061962  0.06053001  0.05120694  0.06054216  0.06074766  0.06054945  0.06074651  0.06154587  0.07310062  
0.08466315  0.07159830  0.07159830  0.07180223  0.07159830  0.07179120  0.06147452  0.07310062  0.07159830  0.06147452  0.07179120  0.07310062  0.07180223  0.07310062  0.07310062  0.08829177  
