0.00001968  0.00000958  0.00000958  0.00000981  0.00000958  0.00001348  0.00001176  0.00001023  0.00000958  0.00001176  0.00001348  0.00001023  0.00000981  0.00001023  0.00001023  0.00002906  
0.00000958  0.00000603  0.00001294  0.00000712  0.00001131  0.00000951  0.00000868  0.00001200  0.00001248  0.00000792  0.00000913  0.00000987  0.00000759  0.00001009  0.00001372  0.00001023  
0.00000958  0.00001294  0.00000603  0.00000712  0.00001248  0.00000913  0.00000792  0.00000987  0.00001131  0.00000868  0.00000951  0.00001200  0.00000759  0.00001372  0.00001009  0.00001023  
0.00000981  0.00000712  0.00000712  0.00001747  0.00000759  0.00000999  0.00000888  0.00000712  0.00000759  0.00000888  0.00000999  0.00000712  0.00002052  0.00000759  0.00000759  0.00000981  
0.00000958  0.00001131  0.00001248  0.00000759  0.00000603  0.00000951  0.00000792  0.00001009  0.00001294  0.00000868  0.00000913  0.00001372  0.00000712  0.00001200  0.00000987  0.00001023  
0.00001348  0.00000951  0.00000913  0.00000999  0.00000951  0.00002103  0.00000937  0.00000951  0.00000913  0.00000937  0.00001795  0.00000913  0.00000999  0.00000951  0.00000913  0.00001348  
0.00001176  0.00000868  0.00000792  0.00000888  0.00000792  0.00000937  0.00001571  0.00000792  0.00000868  0.00001555  0.00000937  0.00000868  0.00000888  0.00000868  0.00000792  0.00001176  
0.00001023  0.00001200  0.00000987  0.00000712  0.00001009  0.00000951  0.00000792  0.00000603  0.00001372  0.00000868  0.00000913  0.00001294  0.00000759  0.00001131  0.00001248  0.00000958  
0.00000958  0.00001248  0.00001131  0.00000759  0.00001294  0.00000913  0.00000868  0.00001372  0.00000603  0.00000792  0.00000951  0.00001009  0.00000712  0.00000987  0.00001200  0.00001023  
0.00001176  0.00000792  0.00000868  0.00000888  0.00000868  0.00000937  0.00001555  0.00000868  0.00000792  0.00001571  0.00000937  0.00000792  0.00000888  0.00000792  0.00000868  0.00001176  
0.00001348  0.00000913  0.00000951  0.00000999  0.00000913  0.00001795  0.00000937  0.00000913  0.00000951  0.00000937  0.00002103  0.00000951  0.00000999  0.00000913  0.00000951  0.00001348  
0.00001023  0.00000987  0.00001200  0.00000712  0.00001372  0.00000913  0.00000868  0.00001294  0.00001009  0.00000792  0.00000951  0.00000603  0.00000759  0.00001248  0.00001131  0.00000958  
0.00000981  0.00000759  0.00000759  0.00002052  0.00000712  0.00000999  0.00000888  0.00000759  0.00000712  0.00000888  0.00000999  0.00000759  0.00001747  0.00000712  0.00000712  0.00000981  
0.00001023  0.00001009  0.00001372  0.00000759  0.00001200  0.00000951  0.00000868  0.00001131  0.00000987  0.00000792  0.00000913  0.00001248  0.00000712  0.00000603  0.00001294  0.00000958  
0.00001023  0.00001372  0.00001009  0.00000759  0.00000987  0.00000913  0.00000792  0.00001248  0.00001200  0.00000868  0.00000951  0.00001131  0.00000712  0.00001294  0.00000603  0.00000958  
0.00002906  0.00001023  0.00001023  0.00000981  0.00001023  0.00001348  0.00001176  0.00000958  0.00001023  0.00001176  0.00001348  0.00000958  0.00000981  0.00000958  0.00000958  0.00001968  
