0.44691916  0.08529058  0.08174164  0.03433327  0.08529058  0.01923945  0.03433327  0.03061431  
0.08529058  0.01883880  0.01653141  0.01246213  0.01806116  0.00891708  0.01181465  0.03433327  
0.08174164  0.01653141  0.01540324  0.00891708  0.01653141  0.00599551  0.00891708  0.01923945  
0.03433327  0.01246213  0.00891708  0.01883880  0.01181465  0.01653141  0.01806116  0.08529058  
0.08529058  0.01806116  0.01653141  0.01181465  0.01883880  0.00891708  0.01246213  0.03433327  
0.01923945  0.00891708  0.00599551  0.01653141  0.00891708  0.01540324  0.01653141  0.08174164  
0.03433327  0.01181465  0.00891708  0.01806116  0.01246213  0.01653141  0.01883880  0.08529058  
0.03061431  0.03433327  0.01923945  0.08529058  0.03433327  0.08174164  0.08529058  0.44691916  
