0.00000514  0.00000355  0.00000459  0.00000251  0.00000355  0.00000210  0.00000251  0.00000370  
0.00000355  0.00000213  0.00000132  0.00000153  0.00000218  0.00000104  0.00000175  0.00000251  
0.00000459  0.00000132  0.00000204  0.00000104  0.00000132  0.00000100  0.00000104  0.00000210  
0.00000251  0.00000153  0.00000104  0.00000213  0.00000175  0.00000132  0.00000218  0.00000355  
0.00000355  0.00000218  0.00000132  0.00000175  0.00000213  0.00000104  0.00000153  0.00000251  
0.00000210  0.00000104  0.00000100  0.00000132  0.00000104  0.00000204  0.00000132  0.00000459  
0.00000251  0.00000175  0.00000104  0.00000218  0.00000153  0.00000132  0.00000213  0.00000355  
0.00000370  0.00000251  0.00000210  0.00000355  0.00000251  0.00000459  0.00000355  0.00000514  
