0.27003437  0.10440776  0.10440776  0.05689499  0.10440776  0.05689595  0.04309876  0.03679089  0.10440776  0.04309876  0.05689595  0.03679089  0.05689499  0.03679089  0.03679089  0.04339898  
0.10440776  0.04325840  0.04215390  0.02664322  0.04216369  0.02665713  0.01960698  0.02242773  0.04196570  0.02000158  0.02576476  0.02227165  0.02576942  0.02225347  0.02164555  0.03679089  
0.10440776  0.04215390  0.04325840  0.02664322  0.04196570  0.02576476  0.02000158  0.02227165  0.04216369  0.01960698  0.02665713  0.02242773  0.02576942  0.02164555  0.02225347  0.03679089  
0.05689499  0.02664322  0.02664322  0.02223272  0.02576942  0.02139654  0.01613729  0.02664322  0.02576942  0.01613729  0.02139654  0.02664322  0.02063818  0.02576942  0.02576942  0.05689499  
0.10440776  0.04216369  0.04196570  0.02576942  0.04325840  0.02665713  0.02000158  0.02225347  0.04215390  0.01960698  0.02576476  0.02164555  0.02664322  0.02242773  0.02227165  0.03679089  
0.05689595  0.02665713  0.02576476  0.02139654  0.02665713  0.02223554  0.01613988  0.02665713  0.02576476  0.01613988  0.02062976  0.02576476  0.02139654  0.02665713  0.02576476  0.05689595  
0.04309876  0.01960698  0.02000158  0.01613729  0.02000158  0.01613988  0.01246377  0.02000158  0.01960698  0.01196018  0.01613988  0.01960698  0.01613729  0.01960698  0.02000158  0.04309876  
0.03679089  0.02242773  0.02227165  0.02664322  0.02225347  0.02665713  0.02000158  0.04325840  0.02164555  0.01960698  0.02576476  0.04215390  0.02576942  0.04216369  0.04196570  0.10440776  
0.10440776  0.04196570  0.04216369  0.02576942  0.04215390  0.02576476  0.01960698  0.02164555  0.04325840  0.02000158  0.02665713  0.02225347  0.02664322  0.02227165  0.02242773  0.03679089  
0.04309876  0.02000158  0.01960698  0.01613729  0.01960698  0.01613988  0.01196018  0.01960698  0.02000158  0.01246377  0.01613988  0.02000158  0.01613729  0.02000158  0.01960698  0.04309876  
0.05689595  0.02576476  0.02665713  0.02139654  0.02576476  0.02062976  0.01613988  0.02576476  0.02665713  0.01613988  0.02223554  0.02665713  0.02139654  0.02576476  0.02665713  0.05689595  
0.03679089  0.02227165  0.02242773  0.02664322  0.02164555  0.02576476  0.01960698  0.04215390  0.02225347  0.02000158  0.02665713  0.04325840  0.02576942  0.04196570  0.04216369  0.10440776  
0.05689499  0.02576942  0.02576942  0.02063818  0.02664322  0.02139654  0.01613729  0.02576942  0.02664322  0.01613729  0.02139654  0.02576942  0.02223272  0.02664322  0.02664322  0.05689499  
0.03679089  0.02225347  0.02164555  0.02576942  0.02242773  0.02665713  0.01960698  0.04216369  0.02227165  0.02000158  0.02576476  0.04196570  0.02664322  0.04325840  0.04215390  0.10440776  
0.03679089  0.02164555  0.02225347  0.02576942  0.02227165  0.02576476  0.02000158  0.04196570  0.02242773  0.01960698  0.02665713  0.04216369  0.02664322  0.04215390  0.04325840  0.10440776  
0.04339898  0.03679089  0.03679089  0.05689499  0.03679089  0.05689595  0.04309876  0.10440776  0.03679089  0.04309876  0.05689595  0.10440776  0.05689499  0.10440776  0.10440776  0.27003437  
