0.00002871  0.00001843  0.00001843  0.00001655  0.00001843  0.00001491  0.00001336  0.00001034  0.00001843  0.00001336  0.00001491  0.00001034  0.00001655  0.00001034  0.00001034  0.00002249  
0.00001843  0.00000748  0.00001282  0.00000773  0.00001095  0.00000607  0.00000453  0.00000837  0.00001100  0.00000479  0.00000822  0.00000680  0.00000638  0.00000831  0.00000896  0.00001034  
0.00001843  0.00001282  0.00000748  0.00000773  0.00001100  0.00000822  0.00000479  0.00000680  0.00001095  0.00000453  0.00000607  0.00000837  0.00000638  0.00000896  0.00000831  0.00001034  
0.00001655  0.00000773  0.00000773  0.00001361  0.00000638  0.00000661  0.00000539  0.00000773  0.00000638  0.00000539  0.00000661  0.00000773  0.00001411  0.00000638  0.00000638  0.00001655  
0.00001843  0.00001095  0.00001100  0.00000638  0.00000748  0.00000607  0.00000479  0.00000831  0.00001282  0.00000453  0.00000822  0.00000896  0.00000773  0.00000837  0.00000680  0.00001034  
0.00001491  0.00000607  0.00000822  0.00000661  0.00000607  0.00001270  0.00000553  0.00000607  0.00000822  0.00000553  0.00001224  0.00000822  0.00000661  0.00000607  0.00000822  0.00001491  
0.00001336  0.00000453  0.00000479  0.00000539  0.00000479  0.00000553  0.00000784  0.00000479  0.00000453  0.00000719  0.00000553  0.00000453  0.00000539  0.00000453  0.00000479  0.00001336  
0.00001034  0.00000837  0.00000680  0.00000773  0.00000831  0.00000607  0.00000479  0.00000748  0.00000896  0.00000453  0.00000822  0.00001282  0.00000638  0.00001095  0.00001100  0.00001843  
0.00001843  0.00001100  0.00001095  0.00000638  0.00001282  0.00000822  0.00000453  0.00000896  0.00000748  0.00000479  0.00000607  0.00000831  0.00000773  0.00000680  0.00000837  0.00001034  
0.00001336  0.00000479  0.00000453  0.00000539  0.00000453  0.00000553  0.00000719  0.00000453  0.00000479  0.00000784  0.00000553  0.00000479  0.00000539  0.00000479  0.00000453  0.00001336  
0.00001491  0.00000822  0.00000607  0.00000661  0.00000822  0.00001224  0.00000553  0.00000822  0.00000607  0.00000553  0.00001270  0.00000607  0.00000661  0.00000822  0.00000607  0.00001491  
0.00001034  0.00000680  0.00000837  0.00000773  0.00000896  0.00000822  0.00000453  0.00001282  0.00000831  0.00000479  0.00000607  0.00000748  0.00000638  0.00001100  0.00001095  0.00001843  
0.00001655  0.00000638  0.00000638  0.00001411  0.00000773  0.00000661  0.00000539  0.00000638  0.00000773  0.00000539  0.00000661  0.00000638  0.00001361  0.00000773  0.00000773  0.00001655  
0.00001034  0.00000831  0.00000896  0.00000638  0.00000837  0.00000607  0.00000453  0.00001095  0.00000680  0.00000479  0.00000822  0.00001100  0.00000773  0.00000748  0.00001282  0.00001843  
0.00001034  0.00000896  0.00000831  0.00000638  0.00000680  0.00000822  0.00000479  0.00001100  0.00000837  0.00000453  0.00000607  0.00001095  0.00000773  0.00001282  0.00000748  0.00001843  
0.00002249  0.00001034  0.00001034  0.00001655  0.00001034  0.00001491  0.00001336  0.00001843  0.00001034  0.00001336  0.00001491  0.00001843  0.00001655  0.00001843  0.00001843  0.00002871  
