0.14372608  0.13213907  0.13213907  0.12321454  0.12491196  0.13133363  0.13133363  0.14000476  
0.13213907  0.12328770  0.12211296  0.11541881  0.11508248  0.12263585  0.12157970  0.13133363  
0.13213907  0.12211296  0.12328770  0.11541881  0.11508248  0.12157970  0.12263585  0.13133363  
0.12321454  0.11541881  0.11541881  0.10969852  0.10749516  0.11508248  0.11508248  0.12491196  
0.12491196  0.11508248  0.11508248  0.10749516  0.10969852  0.11541881  0.11541881  0.12321454  
0.13133363  0.12263585  0.12157970  0.11508248  0.11541881  0.12328770  0.12211296  0.13213907  
0.13133363  0.12157970  0.12263585  0.11508248  0.11541881  0.12211296  0.12328770  0.13213907  
0.14000476  0.13133363  0.13133363  0.12491196  0.12321454  0.13213907  0.13213907  0.14372608  
