0.00002404  0.00001321  0.00001321  0.00001767  0.00001510  0.00001406  0.00001406  0.00002700  
0.00001321  0.00001115  0.00001440  0.00001088  0.00001495  0.00001957  0.00002002  0.00001406  
0.00001321  0.00001440  0.00001115  0.00001088  0.00001495  0.00002002  0.00001957  0.00001406  
0.00001767  0.00001088  0.00001088  0.00001746  0.00002372  0.00001495  0.00001495  0.00001510  
0.00001510  0.00001495  0.00001495  0.00002372  0.00001746  0.00001088  0.00001088  0.00001767  
0.00001406  0.00001957  0.00002002  0.00001495  0.00001088  0.00001115  0.00001440  0.00001321  
0.00001406  0.00002002  0.00001957  0.00001495  0.00001088  0.00001440  0.00001115  0.00001321  
0.00002700  0.00001406  0.00001406  0.00001510  0.00001767  0.00001321  0.00001321  0.00002404  
