0.13222860  0.12812382  0.12812382  0.12449446  0.12483050  0.12790399  0.12790399  0.13136116  
0.12812382  0.12469729  0.12429677  0.12120464  0.12105689  0.12446634  0.12412671  0.12790399  
0.12812382  0.12429677  0.12469729  0.12120464  0.12105689  0.12412671  0.12446634  0.12790399  
0.12449446  0.12120464  0.12120464  0.11837682  0.11765684  0.12105689  0.12105689  0.12483050  
0.12483050  0.12105689  0.12105689  0.11765684  0.11837682  0.12120464  0.12120464  0.12449446  
0.12790399  0.12446634  0.12412671  0.12105689  0.12120464  0.12469729  0.12429677  0.12812382  
0.12790399  0.12412671  0.12446634  0.12105689  0.12120464  0.12429677  0.12469729  0.12812382  
0.13136116  0.12790399  0.12790399  0.12483050  0.12449446  0.12812382  0.12812382  0.13222860  
