0.00001523  0.00000912  0.00000912  0.00001692  0.00001650  0.00001258  0.00001258  0.00002045  
0.00000912  0.00001085  0.00001990  0.00001124  0.00001221  0.00001271  0.00001572  0.00001258  
0.00000912  0.00001990  0.00001085  0.00001124  0.00001221  0.00001572  0.00001271  0.00001258  
0.00001692  0.00001124  0.00001124  0.00001805  0.00001857  0.00001221  0.00001221  0.00001650  
0.00001650  0.00001221  0.00001221  0.00001857  0.00001805  0.00001124  0.00001124  0.00001692  
0.00001258  0.00001271  0.00001572  0.00001221  0.00001124  0.00001085  0.00001990  0.00000912  
0.00001258  0.00001572  0.00001271  0.00001221  0.00001124  0.00001990  0.00001085  0.00000912  
0.00002045  0.00001258  0.00001258  0.00001650  0.00001692  0.00000912  0.00000912  0.00001523  
