0.14119236  0.09649677  0.07735048  0.09216670  0.07735048  0.05709421  0.07303482  0.09466742  0.09649677  0.06736426  0.05709421  0.06993441  0.09216670  0.06993441  0.09466742  0.12538510  
0.09649677  0.07159703  0.05350282  0.06919755  0.05305555  0.04249685  0.05072039  0.07131394  0.06611736  0.05006983  0.03959865  0.05264620  0.06336733  0.05220072  0.06589959  0.09466742  
0.07735048  0.05350282  0.04252979  0.05121015  0.04244592  0.03168843  0.04014989  0.05264620  0.05305555  0.03746670  0.03145521  0.03896998  0.05073620  0.03894017  0.05220072  0.06993441  
0.09216670  0.06919755  0.05121015  0.06713722  0.05073620  0.04115489  0.04859936  0.06919755  0.06336733  0.04859936  0.03803158  0.05121015  0.06078582  0.05073620  0.06336733  0.09216670  
0.07735048  0.05305555  0.04244592  0.05073620  0.04252979  0.03145521  0.04014989  0.05220072  0.05350282  0.03746670  0.03168843  0.03894017  0.05121015  0.03896998  0.05264620  0.06993441  
0.05709421  0.04249685  0.03168843  0.04115489  0.03145521  0.02534740  0.03010355  0.04249685  0.03959865  0.03010355  0.02374178  0.03168843  0.03803158  0.03145521  0.03959865  0.05709421  
0.07303482  0.05072039  0.04014989  0.04859936  0.04014989  0.03010355  0.03806938  0.05006983  0.05072039  0.03598081  0.03010355  0.03746670  0.04859936  0.03746670  0.05006983  0.06736426  
0.09466742  0.07131394  0.05264620  0.06919755  0.05220072  0.04249685  0.05006983  0.07159703  0.06589959  0.05072039  0.03959865  0.05350282  0.06336733  0.05305555  0.06611736  0.09649677  
0.09649677  0.06611736  0.05305555  0.06336733  0.05350282  0.03959865  0.05072039  0.06589959  0.07159703  0.05006983  0.04249685  0.05220072  0.06919755  0.05264620  0.07131394  0.09466742  
0.06736426  0.05006983  0.03746670  0.04859936  0.03746670  0.03010355  0.03598081  0.05072039  0.05006983  0.03806938  0.03010355  0.04014989  0.04859936  0.04014989  0.05072039  0.07303482  
0.05709421  0.03959865  0.03145521  0.03803158  0.03168843  0.02374178  0.03010355  0.03959865  0.04249685  0.03010355  0.02534740  0.03145521  0.04115489  0.03168843  0.04249685  0.05709421  
0.06993441  0.05264620  0.03896998  0.05121015  0.03894017  0.03168843  0.03746670  0.05350282  0.05220072  0.04014989  0.03145521  0.04252979  0.05073620  0.04244592  0.05305555  0.07735048  
0.09216670  0.06336733  0.05073620  0.06078582  0.05121015  0.03803158  0.04859936  0.06336733  0.06919755  0.04859936  0.04115489  0.05073620  0.06713722  0.05121015  0.06919755  0.09216670  
0.06993441  0.05220072  0.03894017  0.05073620  0.03896998  0.03145521  0.03746670  0.05305555  0.05264620  0.04014989  0.03168843  0.04244592  0.05121015  0.04252979  0.05350282  0.07735048  
0.09466742  0.06589959  0.05220072  0.06336733  0.05264620  0.03959865  0.05006983  0.06611736  0.07131394  0.05072039  0.04249685  0.05305555  0.06919755  0.05350282  0.07159703  0.09649677  
0.12538510  0.09466742  0.06993441  0.09216670  0.06993441  0.05709421  0.06736426  0.09649677  0.09466742  0.07303482  0.05709421  0.07735048  0.09216670  0.07735048  0.09649677  0.14119236  
