0.00001116  0.00000758  0.00000710  0.00000850  0.00000710  0.00000771  0.00000904  0.00000711  0.00000758  0.00000777  0.00000771  0.00000780  0.00000850  0.00000780  0.00000711  0.00001859  
0.00000758  0.00000662  0.00000491  0.00000550  0.00000530  0.00000448  0.00000613  0.00000784  0.00001021  0.00000440  0.00000556  0.00000502  0.00000557  0.00000625  0.00000814  0.00000711  
0.00000710  0.00000491  0.00000485  0.00000512  0.00000585  0.00000467  0.00000409  0.00000502  0.00000530  0.00000355  0.00000400  0.00000600  0.00000635  0.00000660  0.00000625  0.00000780  
0.00000850  0.00000550  0.00000512  0.00000717  0.00000635  0.00000612  0.00000578  0.00000550  0.00000557  0.00000578  0.00000642  0.00000512  0.00001219  0.00000635  0.00000557  0.00000850  
0.00000710  0.00000530  0.00000585  0.00000635  0.00000485  0.00000400  0.00000409  0.00000625  0.00000491  0.00000355  0.00000467  0.00000660  0.00000512  0.00000600  0.00000502  0.00000780  
0.00000771  0.00000448  0.00000467  0.00000612  0.00000400  0.00000653  0.00000343  0.00000448  0.00000556  0.00000343  0.00000729  0.00000467  0.00000642  0.00000400  0.00000556  0.00000771  
0.00000904  0.00000613  0.00000409  0.00000578  0.00000409  0.00000343  0.00000791  0.00000440  0.00000613  0.00000615  0.00000343  0.00000355  0.00000578  0.00000355  0.00000440  0.00000777  
0.00000711  0.00000784  0.00000502  0.00000550  0.00000625  0.00000448  0.00000440  0.00000662  0.00000814  0.00000613  0.00000556  0.00000491  0.00000557  0.00000530  0.00001021  0.00000758  
0.00000758  0.00001021  0.00000530  0.00000557  0.00000491  0.00000556  0.00000613  0.00000814  0.00000662  0.00000440  0.00000448  0.00000625  0.00000550  0.00000502  0.00000784  0.00000711  
0.00000777  0.00000440  0.00000355  0.00000578  0.00000355  0.00000343  0.00000615  0.00000613  0.00000440  0.00000791  0.00000343  0.00000409  0.00000578  0.00000409  0.00000613  0.00000904  
0.00000771  0.00000556  0.00000400  0.00000642  0.00000467  0.00000729  0.00000343  0.00000556  0.00000448  0.00000343  0.00000653  0.00000400  0.00000612  0.00000467  0.00000448  0.00000771  
0.00000780  0.00000502  0.00000600  0.00000512  0.00000660  0.00000467  0.00000355  0.00000491  0.00000625  0.00000409  0.00000400  0.00000485  0.00000635  0.00000585  0.00000530  0.00000710  
0.00000850  0.00000557  0.00000635  0.00001219  0.00000512  0.00000642  0.00000578  0.00000557  0.00000550  0.00000578  0.00000612  0.00000635  0.00000717  0.00000512  0.00000550  0.00000850  
0.00000780  0.00000625  0.00000660  0.00000635  0.00000600  0.00000400  0.00000355  0.00000530  0.00000502  0.00000409  0.00000467  0.00000585  0.00000512  0.00000485  0.00000491  0.00000710  
0.00000711  0.00000814  0.00000625  0.00000557  0.00000502  0.00000556  0.00000440  0.00001021  0.00000784  0.00000613  0.00000448  0.00000530  0.00000550  0.00000491  0.00000662  0.00000758  
0.00001859  0.00000711  0.00000780  0.00000850  0.00000780  0.00000771  0.00000777  0.00000758  0.00000711  0.00000904  0.00000771  0.00000710  0.00000850  0.00000710  0.00000758  0.00001116  
