0.33031314  0.12855854  0.12855854  0.05940235  0.12277579  0.07225615  0.07225615  0.06432275  
0.12855854  0.05929673  0.05762712  0.04082806  0.05333283  0.04662505  0.04522234  0.07225615  
0.12855854  0.05762712  0.05929673  0.04082806  0.05333283  0.04522234  0.04662505  0.07225615  
0.05940235  0.04082806  0.04082806  0.05109339  0.03437414  0.05333283  0.05333283  0.12277579  
0.12277579  0.05333283  0.05333283  0.03437414  0.05109339  0.04082806  0.04082806  0.05940235  
0.07225615  0.04662505  0.04522234  0.05333283  0.04082806  0.05929673  0.05762712  0.12855854  
0.07225615  0.04522234  0.04662505  0.05333283  0.04082806  0.05762712  0.05929673  0.12855854  
0.06432275  0.07225615  0.07225615  0.12277579  0.05940235  0.12855854  0.12855854  0.33031314  
