0.00001848  0.00001242  0.00001242  0.00001047  0.00001714  0.00001126  0.00001126  0.00001401  
0.00001242  0.00000728  0.00000824  0.00000612  0.00000739  0.00000809  0.00000868  0.00001126  
0.00001242  0.00000824  0.00000728  0.00000612  0.00000739  0.00000868  0.00000809  0.00001126  
0.00001047  0.00000612  0.00000612  0.00001273  0.00000947  0.00000739  0.00000739  0.00001714  
0.00001714  0.00000739  0.00000739  0.00000947  0.00001273  0.00000612  0.00000612  0.00001047  
0.00001126  0.00000809  0.00000868  0.00000739  0.00000612  0.00000728  0.00000824  0.00001242  
0.00001126  0.00000868  0.00000809  0.00000739  0.00000612  0.00000824  0.00000728  0.00001242  
0.00001401  0.00001126  0.00001126  0.00001714  0.00001047  0.00001242  0.00001242  0.00001848  
