0.10843064  0.07918005  0.07918005  0.07521564  0.07918005  0.07521019  0.05995256  0.07419612  0.07918005  0.05995256  0.07521019  0.07419612  0.07521564  0.07419612  0.07419612  0.09532700  
0.07918005  0.06007068  0.05846081  0.05765821  0.05846297  0.05766043  0.04474408  0.05751530  0.05806635  0.04564603  0.05573723  0.05712784  0.05574311  0.05713450  0.05561097  0.07419612  
0.07918005  0.05846081  0.06007068  0.05765821  0.05806635  0.05573723  0.04564603  0.05712784  0.05846297  0.04474408  0.05766043  0.05751530  0.05574311  0.05561097  0.05713450  0.07419612  
0.07521564  0.05765821  0.05765821  0.05760064  0.05574311  0.05562671  0.04433467  0.05765821  0.05574311  0.04433467  0.05562671  0.05765821  0.05375096  0.05574311  0.05574311  0.07521564  
0.07918005  0.05846297  0.05806635  0.05574311  0.06007068  0.05766043  0.04564603  0.05713450  0.05846081  0.04474408  0.05573723  0.05561097  0.05765821  0.05751530  0.05712784  0.07419612  
0.07521019  0.05766043  0.05573723  0.05562671  0.05766043  0.05759420  0.04433938  0.05766043  0.05573723  0.04433938  0.05376694  0.05573723  0.05562671  0.05766043  0.05573723  0.07521019  
0.05995256  0.04474408  0.04564603  0.04433467  0.04564603  0.04433938  0.03609180  0.04564603  0.04474408  0.03464586  0.04433938  0.04474408  0.04433467  0.04474408  0.04564603  0.05995256  
0.07419612  0.05751530  0.05712784  0.05765821  0.05713450  0.05766043  0.04564603  0.06007068  0.05561097  0.04474408  0.05573723  0.05846081  0.05574311  0.05846297  0.05806635  0.07918005  
0.07918005  0.05806635  0.05846297  0.05574311  0.05846081  0.05573723  0.04474408  0.05561097  0.06007068  0.04564603  0.05766043  0.05713450  0.05765821  0.05712784  0.05751530  0.07419612  
0.05995256  0.04564603  0.04474408  0.04433467  0.04474408  0.04433938  0.03464586  0.04474408  0.04564603  0.03609180  0.04433938  0.04564603  0.04433467  0.04564603  0.04474408  0.05995256  
0.07521019  0.05573723  0.05766043  0.05562671  0.05573723  0.05376694  0.04433938  0.05573723  0.05766043  0.04433938  0.05759420  0.05766043  0.05562671  0.05573723  0.05766043  0.07521019  
0.07419612  0.05712784  0.05751530  0.05765821  0.05561097  0.05573723  0.04474408  0.05846081  0.05713450  0.04564603  0.05766043  0.06007068  0.05574311  0.05806635  0.05846297  0.07918005  
0.07521564  0.05574311  0.05574311  0.05375096  0.05765821  0.05562671  0.04433467  0.05574311  0.05765821  0.04433467  0.05562671  0.05574311  0.05760064  0.05765821  0.05765821  0.07521564  
0.07419612  0.05713450  0.05561097  0.05574311  0.05751530  0.05766043  0.04474408  0.05846297  0.05712784  0.04564603  0.05573723  0.05806635  0.05765821  0.06007068  0.05846081  0.07918005  
0.07419612  0.05561097  0.05713450  0.05574311  0.05712784  0.05573723  0.04564603  0.05806635  0.05751530  0.04474408  0.05766043  0.05846297  0.05765821  0.05846081  0.06007068  0.07918005  
0.09532700  0.07419612  0.07419612  0.07521564  0.07419612  0.07521019  0.05995256  0.07918005  0.07419612  0.05995256  0.07521019  0.07918005  0.07521564  0.07918005  0.07918005  0.10843064  
