0.00001854  0.00000567  0.00000567  0.00000952  0.00000567  0.00000941  0.00000810  0.00000777  0.00000567  0.00000810  0.00000941  0.00000777  0.00000952  0.00000777  0.00000777  0.00001988  
0.00000567  0.00000692  0.00000846  0.00000627  0.00000825  0.00000542  0.00000500  0.00000656  0.00000681  0.00000404  0.00000585  0.00000541  0.00000577  0.00000708  0.00000797  0.00000777  
0.00000567  0.00000846  0.00000692  0.00000627  0.00000681  0.00000585  0.00000404  0.00000541  0.00000825  0.00000500  0.00000542  0.00000656  0.00000577  0.00000797  0.00000708  0.00000777  
0.00000952  0.00000627  0.00000627  0.00001070  0.00000577  0.00000591  0.00000602  0.00000627  0.00000577  0.00000602  0.00000591  0.00000627  0.00001101  0.00000577  0.00000577  0.00000952  
0.00000567  0.00000825  0.00000681  0.00000577  0.00000692  0.00000542  0.00000404  0.00000708  0.00000846  0.00000500  0.00000585  0.00000797  0.00000627  0.00000656  0.00000541  0.00000777  
0.00000941  0.00000542  0.00000585  0.00000591  0.00000542  0.00001194  0.00000580  0.00000542  0.00000585  0.00000580  0.00001269  0.00000585  0.00000591  0.00000542  0.00000585  0.00000941  
0.00000810  0.00000500  0.00000404  0.00000602  0.00000404  0.00000580  0.00000896  0.00000404  0.00000500  0.00000756  0.00000580  0.00000500  0.00000602  0.00000500  0.00000404  0.00000810  
0.00000777  0.00000656  0.00000541  0.00000627  0.00000708  0.00000542  0.00000404  0.00000692  0.00000797  0.00000500  0.00000585  0.00000846  0.00000577  0.00000825  0.00000681  0.00000567  
0.00000567  0.00000681  0.00000825  0.00000577  0.00000846  0.00000585  0.00000500  0.00000797  0.00000692  0.00000404  0.00000542  0.00000708  0.00000627  0.00000541  0.00000656  0.00000777  
0.00000810  0.00000404  0.00000500  0.00000602  0.00000500  0.00000580  0.00000756  0.00000500  0.00000404  0.00000896  0.00000580  0.00000404  0.00000602  0.00000404  0.00000500  0.00000810  
0.00000941  0.00000585  0.00000542  0.00000591  0.00000585  0.00001269  0.00000580  0.00000585  0.00000542  0.00000580  0.00001194  0.00000542  0.00000591  0.00000585  0.00000542  0.00000941  
0.00000777  0.00000541  0.00000656  0.00000627  0.00000797  0.00000585  0.00000500  0.00000846  0.00000708  0.00000404  0.00000542  0.00000692  0.00000577  0.00000681  0.00000825  0.00000567  
0.00000952  0.00000577  0.00000577  0.00001101  0.00000627  0.00000591  0.00000602  0.00000577  0.00000627  0.00000602  0.00000591  0.00000577  0.00001070  0.00000627  0.00000627  0.00000952  
0.00000777  0.00000708  0.00000797  0.00000577  0.00000656  0.00000542  0.00000500  0.00000825  0.00000541  0.00000404  0.00000585  0.00000681  0.00000627  0.00000692  0.00000846  0.00000567  
0.00000777  0.00000797  0.00000708  0.00000577  0.00000541  0.00000585  0.00000404  0.00000681  0.00000656  0.00000500  0.00000542  0.00000825  0.00000627  0.00000846  0.00000692  0.00000567  
0.00001988  0.00000777  0.00000777  0.00000952  0.00000777  0.00000941  0.00000810  0.00000567  0.00000777  0.00000810  0.00000941  0.00000567  0.00000952  0.00000567  0.00000567  0.00001854  
