0.20191495  0.14600743  0.12090566  0.14450464  0.14600743  0.11282663  0.14450464  0.18473111  
0.14600743  0.11273503  0.08820188  0.11254384  0.10602158  0.08749462  0.10588756  0.14450464  
0.12090566  0.08820188  0.07261498  0.08749462  0.08820188  0.06874736  0.08749462  0.11282663  
0.14450464  0.11254384  0.08749462  0.11273503  0.10588756  0.08820188  0.10602158  0.14600743  
0.14600743  0.10602158  0.08820188  0.10588756  0.11273503  0.08749462  0.11254384  0.14450464  
0.11282663  0.08749462  0.06874736  0.08820188  0.08749462  0.07261498  0.08820188  0.12090566  
0.14450464  0.10588756  0.08749462  0.10602158  0.11254384  0.08820188  0.11273503  0.14600743  
0.18473111  0.14450464  0.11282663  0.14600743  0.14450464  0.12090566  0.14600743  0.20191495  
