0.00001261  0.00000848  0.00000875  0.00000854  0.00000848  0.00000793  0.00000854  0.00001831  
0.00000848  0.00000485  0.00000599  0.00000869  0.00000826  0.00000662  0.00000710  0.00000854  
0.00000875  0.00000599  0.00000892  0.00000662  0.00000599  0.00000767  0.00000662  0.00000793  
0.00000854  0.00000869  0.00000662  0.00000485  0.00000710  0.00000599  0.00000826  0.00000848  
0.00000848  0.00000826  0.00000599  0.00000710  0.00000485  0.00000662  0.00000869  0.00000854  
0.00000793  0.00000662  0.00000767  0.00000599  0.00000662  0.00000892  0.00000599  0.00000875  
0.00000854  0.00000710  0.00000662  0.00000826  0.00000869  0.00000599  0.00000485  0.00000848  
0.00001831  0.00000854  0.00000793  0.00000848  0.00000854  0.00000875  0.00000848  0.00001261  
