0.46266287  0.07351032  0.07145555  0.02433835  0.07351032  0.01325232  0.02433835  0.01847419  
0.07351032  0.01302600  0.01185686  0.00748783  0.01266057  0.00543306  0.00721154  0.02433835  
0.07145555  0.01185686  0.01128514  0.00543306  0.01185686  0.00364594  0.00543306  0.01325232  
0.02433835  0.00748783  0.00543306  0.01302600  0.00721154  0.01185686  0.01266057  0.07351032  
0.07351032  0.01266057  0.01185686  0.00721154  0.01302600  0.00543306  0.00748783  0.02433835  
0.01325232  0.00543306  0.00364594  0.01185686  0.00543306  0.01128514  0.01185686  0.07145555  
0.02433835  0.00721154  0.00543306  0.01266057  0.00748783  0.01185686  0.01302600  0.07351032  
0.01847419  0.02433835  0.01325232  0.07351032  0.02433835  0.07145555  0.07351032  0.46266287  
