0.00000249  0.00000282  0.00000368  0.00000132  0.00000282  0.00000150  0.00000132  0.00000245  
0.00000282  0.00000118  0.00000073  0.00000112  0.00000104  0.00000055  0.00000081  0.00000132  
0.00000368  0.00000073  0.00000100  0.00000055  0.00000073  0.00000065  0.00000055  0.00000150  
0.00000132  0.00000112  0.00000055  0.00000118  0.00000081  0.00000073  0.00000104  0.00000282  
0.00000282  0.00000104  0.00000073  0.00000081  0.00000118  0.00000055  0.00000112  0.00000132  
0.00000150  0.00000055  0.00000065  0.00000073  0.00000055  0.00000100  0.00000073  0.00000368  
0.00000132  0.00000081  0.00000055  0.00000104  0.00000112  0.00000073  0.00000118  0.00000282  
0.00000245  0.00000132  0.00000150  0.00000282  0.00000132  0.00000368  0.00000282  0.00000249  
