0.07367481  0.06753490  0.06753490  0.06729043  0.06753490  0.06731065  0.06218725  0.06731017  0.06753490  0.06218725  0.06731065  0.06731017  0.06729043  0.06731017  0.06731017  0.07314179  
0.06753490  0.06227359  0.06198784  0.06196339  0.06200815  0.06197780  0.05708621  0.06197115  0.06198745  0.05723399  0.06178190  0.06195162  0.06176643  0.06197738  0.06177888  0.06731017  
0.06753490  0.06198784  0.06227359  0.06196339  0.06198745  0.06178190  0.05723399  0.06195162  0.06200815  0.05708621  0.06197780  0.06197115  0.06176643  0.06177888  0.06197738  0.06731017  
0.06729043  0.06196339  0.06196339  0.06212299  0.06176643  0.06176288  0.05707436  0.06196339  0.06176643  0.05707436  0.06176288  0.06196339  0.06158176  0.06176643  0.06176643  0.06729043  
0.06753490  0.06200815  0.06198745  0.06176643  0.06227359  0.06197780  0.05723399  0.06197738  0.06198784  0.05708621  0.06178190  0.06177888  0.06196339  0.06197115  0.06195162  0.06731017  
0.06731065  0.06197780  0.06178190  0.06176288  0.06197780  0.06210485  0.05708076  0.06197780  0.06178190  0.05708076  0.06160047  0.06178190  0.06176288  0.06197780  0.06178190  0.06731065  
0.06218725  0.05708621  0.05723399  0.05707436  0.05723399  0.05708076  0.05300299  0.05723399  0.05708621  0.05260313  0.05708076  0.05708621  0.05707436  0.05708621  0.05723399  0.06218725  
0.06731017  0.06197115  0.06195162  0.06196339  0.06197738  0.06197780  0.05723399  0.06227359  0.06177888  0.05708621  0.06178190  0.06198784  0.06176643  0.06200815  0.06198745  0.06753490  
0.06753490  0.06198745  0.06200815  0.06176643  0.06198784  0.06178190  0.05708621  0.06177888  0.06227359  0.05723399  0.06197780  0.06197738  0.06196339  0.06195162  0.06197115  0.06731017  
0.06218725  0.05723399  0.05708621  0.05707436  0.05708621  0.05708076  0.05260313  0.05708621  0.05723399  0.05300299  0.05708076  0.05723399  0.05707436  0.05723399  0.05708621  0.06218725  
0.06731065  0.06178190  0.06197780  0.06176288  0.06178190  0.06160047  0.05708076  0.06178190  0.06197780  0.05708076  0.06210485  0.06197780  0.06176288  0.06178190  0.06197780  0.06731065  
0.06731017  0.06195162  0.06197115  0.06196339  0.06177888  0.06178190  0.05708621  0.06198784  0.06197738  0.05723399  0.06197780  0.06227359  0.06176643  0.06198745  0.06200815  0.06753490  
0.06729043  0.06176643  0.06176643  0.06158176  0.06196339  0.06176288  0.05707436  0.06176643  0.06196339  0.05707436  0.06176288  0.06176643  0.06212299  0.06196339  0.06196339  0.06729043  
0.06731017  0.06197738  0.06177888  0.06176643  0.06197115  0.06197780  0.05708621  0.06200815  0.06195162  0.05723399  0.06178190  0.06198745  0.06196339  0.06227359  0.06198784  0.06753490  
0.06731017  0.06177888  0.06197738  0.06176643  0.06195162  0.06178190  0.05723399  0.06198745  0.06197115  0.05708621  0.06197780  0.06200815  0.06196339  0.06198784  0.06227359  0.06753490  
0.07314179  0.06731017  0.06731017  0.06729043  0.06731017  0.06731065  0.06218725  0.06753490  0.06731017  0.06218725  0.06731065  0.06753490  0.06729043  0.06753490  0.06753490  0.07367481  
