0.00001792  0.00001072  0.00001072  0.00001479  0.00001072  0.00001252  0.00001084  0.00001187  0.00001072  0.00001084  0.00001252  0.00001187  0.00001479  0.00001187  0.00001187  0.00002696  
0.00001072  0.00000720  0.00001630  0.00001268  0.00001279  0.00001005  0.00001175  0.00001507  0.00001414  0.00001149  0.00001335  0.00001640  0.00001170  0.00001251  0.00001592  0.00001187  
0.00001072  0.00001630  0.00000720  0.00001268  0.00001414  0.00001335  0.00001149  0.00001640  0.00001279  0.00001175  0.00001005  0.00001507  0.00001170  0.00001592  0.00001251  0.00001187  
0.00001479  0.00001268  0.00001268  0.00002029  0.00001170  0.00001129  0.00001291  0.00001268  0.00001170  0.00001291  0.00001129  0.00001268  0.00002255  0.00001170  0.00001170  0.00001479  
0.00001072  0.00001279  0.00001414  0.00001170  0.00000720  0.00001005  0.00001149  0.00001251  0.00001630  0.00001175  0.00001335  0.00001592  0.00001268  0.00001507  0.00001640  0.00001187  
0.00001252  0.00001005  0.00001335  0.00001129  0.00001005  0.00001948  0.00001124  0.00001005  0.00001335  0.00001124  0.00002614  0.00001335  0.00001129  0.00001005  0.00001335  0.00001252  
0.00001084  0.00001175  0.00001149  0.00001291  0.00001149  0.00001124  0.00002480  0.00001149  0.00001175  0.00002086  0.00001124  0.00001175  0.00001291  0.00001175  0.00001149  0.00001084  
0.00001187  0.00001507  0.00001640  0.00001268  0.00001251  0.00001005  0.00001149  0.00000720  0.00001592  0.00001175  0.00001335  0.00001630  0.00001170  0.00001279  0.00001414  0.00001072  
0.00001072  0.00001414  0.00001279  0.00001170  0.00001630  0.00001335  0.00001175  0.00001592  0.00000720  0.00001149  0.00001005  0.00001251  0.00001268  0.00001640  0.00001507  0.00001187  
0.00001084  0.00001149  0.00001175  0.00001291  0.00001175  0.00001124  0.00002086  0.00001175  0.00001149  0.00002480  0.00001124  0.00001149  0.00001291  0.00001149  0.00001175  0.00001084  
0.00001252  0.00001335  0.00001005  0.00001129  0.00001335  0.00002614  0.00001124  0.00001335  0.00001005  0.00001124  0.00001948  0.00001005  0.00001129  0.00001335  0.00001005  0.00001252  
0.00001187  0.00001640  0.00001507  0.00001268  0.00001592  0.00001335  0.00001175  0.00001630  0.00001251  0.00001149  0.00001005  0.00000720  0.00001170  0.00001414  0.00001279  0.00001072  
0.00001479  0.00001170  0.00001170  0.00002255  0.00001268  0.00001129  0.00001291  0.00001170  0.00001268  0.00001291  0.00001129  0.00001170  0.00002029  0.00001268  0.00001268  0.00001479  
0.00001187  0.00001251  0.00001592  0.00001170  0.00001507  0.00001005  0.00001175  0.00001279  0.00001640  0.00001149  0.00001335  0.00001414  0.00001268  0.00000720  0.00001630  0.00001072  
0.00001187  0.00001592  0.00001251  0.00001170  0.00001640  0.00001335  0.00001149  0.00001414  0.00001507  0.00001175  0.00001005  0.00001279  0.00001268  0.00001630  0.00000720  0.00001072  
0.00002696  0.00001187  0.00001187  0.00001479  0.00001187  0.00001252  0.00001084  0.00001072  0.00001187  0.00001084  0.00001252  0.00001072  0.00001479  0.00001072  0.00001072  0.00001792  
