0.46848090  0.05952721  0.05952721  0.01009256  0.05952721  0.01009502  0.00759277  0.00182309  0.05952721  0.00759277  0.01009502  0.00182309  0.01009256  0.00182309  0.00182309  0.00089580  
0.05952721  0.00759653  0.00756977  0.00132450  0.00757019  0.00132375  0.00099243  0.00045056  0.00757119  0.00099618  0.00132083  0.00045128  0.00131984  0.00045125  0.00044973  0.00182309  
0.05952721  0.00756977  0.00759653  0.00132450  0.00757119  0.00132083  0.00099618  0.00045128  0.00757019  0.00099243  0.00132375  0.00045056  0.00131984  0.00044973  0.00045125  0.00182309  
0.01009256  0.00132450  0.00132450  0.00044066  0.00131984  0.00043682  0.00032777  0.00132450  0.00131984  0.00032777  0.00043682  0.00132450  0.00043522  0.00131984  0.00131984  0.01009256  
0.05952721  0.00757019  0.00757119  0.00131984  0.00759653  0.00132375  0.00099618  0.00045125  0.00756977  0.00099243  0.00132083  0.00044973  0.00132450  0.00045056  0.00045128  0.00182309  
0.01009502  0.00132375  0.00132083  0.00043682  0.00132375  0.00044180  0.00032740  0.00132375  0.00132083  0.00032740  0.00043528  0.00132083  0.00043682  0.00132375  0.00132083  0.01009502  
0.00759277  0.00099243  0.00099618  0.00032777  0.00099618  0.00032740  0.00025051  0.00099618  0.00099243  0.00024573  0.00032740  0.00099243  0.00032777  0.00099243  0.00099618  0.00759277  
0.00182309  0.00045056  0.00045128  0.00132450  0.00045125  0.00132375  0.00099618  0.00759653  0.00044973  0.00099243  0.00132083  0.00756977  0.00131984  0.00757019  0.00757119  0.05952721  
0.05952721  0.00757119  0.00757019  0.00131984  0.00756977  0.00132083  0.00099243  0.00044973  0.00759653  0.00099618  0.00132375  0.00045125  0.00132450  0.00045128  0.00045056  0.00182309  
0.00759277  0.00099618  0.00099243  0.00032777  0.00099243  0.00032740  0.00024573  0.00099243  0.00099618  0.00025051  0.00032740  0.00099618  0.00032777  0.00099618  0.00099243  0.00759277  
0.01009502  0.00132083  0.00132375  0.00043682  0.00132083  0.00043528  0.00032740  0.00132083  0.00132375  0.00032740  0.00044180  0.00132375  0.00043682  0.00132083  0.00132375  0.01009502  
0.00182309  0.00045128  0.00045056  0.00132450  0.00044973  0.00132083  0.00099243  0.00756977  0.00045125  0.00099618  0.00132375  0.00759653  0.00131984  0.00757119  0.00757019  0.05952721  
0.01009256  0.00131984  0.00131984  0.00043522  0.00132450  0.00043682  0.00032777  0.00131984  0.00132450  0.00032777  0.00043682  0.00131984  0.00044066  0.00132450  0.00132450  0.01009256  
0.00182309  0.00045125  0.00044973  0.00131984  0.00045056  0.00132375  0.00099243  0.00757019  0.00045128  0.00099618  0.00132083  0.00757119  0.00132450  0.00759653  0.00756977  0.05952721  
0.00182309  0.00044973  0.00045125  0.00131984  0.00045128  0.00132083  0.00099618  0.00757119  0.00045056  0.00099243  0.00132375  0.00757019  0.00132450  0.00756977  0.00759653  0.05952721  
0.00089580  0.00182309  0.00182309  0.01009256  0.00182309  0.01009502  0.00759277  0.05952721  0.00182309  0.00759277  0.01009502  0.05952721  0.01009256  0.05952721  0.05952721  0.46848090  
