0.00000617  0.00000441  0.00000441  0.00000249  0.00000441  0.00000224  0.00000193  0.00000065  0.00000441  0.00000193  0.00000224  0.00000065  0.00000249  0.00000065  0.00000065  0.00000082  
0.00000441  0.00000148  0.00000161  0.00000049  0.00000159  0.00000045  0.00000040  0.00000034  0.00000159  0.00000033  0.00000040  0.00000023  0.00000038  0.00000040  0.00000038  0.00000065  
0.00000441  0.00000161  0.00000148  0.00000049  0.00000159  0.00000040  0.00000033  0.00000023  0.00000159  0.00000040  0.00000045  0.00000034  0.00000038  0.00000038  0.00000040  0.00000065  
0.00000249  0.00000049  0.00000049  0.00000035  0.00000038  0.00000027  0.00000022  0.00000049  0.00000038  0.00000022  0.00000027  0.00000049  0.00000044  0.00000038  0.00000038  0.00000249  
0.00000441  0.00000159  0.00000159  0.00000038  0.00000148  0.00000045  0.00000033  0.00000040  0.00000161  0.00000040  0.00000040  0.00000038  0.00000049  0.00000034  0.00000023  0.00000065  
0.00000224  0.00000045  0.00000040  0.00000027  0.00000045  0.00000065  0.00000021  0.00000045  0.00000040  0.00000021  0.00000077  0.00000040  0.00000027  0.00000045  0.00000040  0.00000224  
0.00000193  0.00000040  0.00000033  0.00000022  0.00000033  0.00000021  0.00000039  0.00000033  0.00000040  0.00000045  0.00000021  0.00000040  0.00000022  0.00000040  0.00000033  0.00000193  
0.00000065  0.00000034  0.00000023  0.00000049  0.00000040  0.00000045  0.00000033  0.00000148  0.00000038  0.00000040  0.00000040  0.00000161  0.00000038  0.00000159  0.00000159  0.00000441  
0.00000441  0.00000159  0.00000159  0.00000038  0.00000161  0.00000040  0.00000040  0.00000038  0.00000148  0.00000033  0.00000045  0.00000040  0.00000049  0.00000023  0.00000034  0.00000065  
0.00000193  0.00000033  0.00000040  0.00000022  0.00000040  0.00000021  0.00000045  0.00000040  0.00000033  0.00000039  0.00000021  0.00000033  0.00000022  0.00000033  0.00000040  0.00000193  
0.00000224  0.00000040  0.00000045  0.00000027  0.00000040  0.00000077  0.00000021  0.00000040  0.00000045  0.00000021  0.00000065  0.00000045  0.00000027  0.00000040  0.00000045  0.00000224  
0.00000065  0.00000023  0.00000034  0.00000049  0.00000038  0.00000040  0.00000040  0.00000161  0.00000040  0.00000033  0.00000045  0.00000148  0.00000038  0.00000159  0.00000159  0.00000441  
0.00000249  0.00000038  0.00000038  0.00000044  0.00000049  0.00000027  0.00000022  0.00000038  0.00000049  0.00000022  0.00000027  0.00000038  0.00000035  0.00000049  0.00000049  0.00000249  
0.00000065  0.00000040  0.00000038  0.00000038  0.00000034  0.00000045  0.00000040  0.00000159  0.00000023  0.00000033  0.00000040  0.00000159  0.00000049  0.00000148  0.00000161  0.00000441  
0.00000065  0.00000038  0.00000040  0.00000038  0.00000023  0.00000040  0.00000033  0.00000159  0.00000034  0.00000040  0.00000045  0.00000159  0.00000049  0.00000161  0.00000148  0.00000441  
0.00000082  0.00000065  0.00000065  0.00000249  0.00000065  0.00000224  0.00000193  0.00000441  0.00000065  0.00000193  0.00000224  0.00000441  0.00000249  0.00000441  0.00000441  0.00000617  
