0.00002319  0.00001609  0.00001609  0.00001689  0.00001727  0.00001558  0.00001558  0.00001676  
0.00001609  0.00001038  0.00001044  0.00001119  0.00001311  0.00001521  0.00001274  0.00001558  
0.00001609  0.00001044  0.00001038  0.00001119  0.00001311  0.00001274  0.00001521  0.00001558  
0.00001689  0.00001119  0.00001119  0.00001525  0.00001661  0.00001311  0.00001311  0.00001727  
0.00001727  0.00001311  0.00001311  0.00001661  0.00001525  0.00001119  0.00001119  0.00001689  
0.00001558  0.00001521  0.00001274  0.00001311  0.00001119  0.00001038  0.00001044  0.00001609  
0.00001558  0.00001274  0.00001521  0.00001311  0.00001119  0.00001044  0.00001038  0.00001609  
0.00001676  0.00001558  0.00001558  0.00001727  0.00001689  0.00001609  0.00001609  0.00002319  
