0.07316584  0.06726037  0.06726037  0.06689817  0.06726037  0.06690229  0.06206707  0.06674786  0.06726037  0.06206707  0.06690229  0.06674786  0.06689817  0.06674786  0.06674786  0.07202670  
0.06726037  0.06230334  0.06193872  0.06196907  0.06193750  0.06196437  0.05719710  0.06187776  0.06189366  0.05746119  0.06160727  0.06184043  0.06160217  0.06184762  0.06151074  0.06674786  
0.06726037  0.06193872  0.06230334  0.06196907  0.06189366  0.06160727  0.05746119  0.06184043  0.06193750  0.05719710  0.06196437  0.06187776  0.06160217  0.06151074  0.06184762  0.06674786  
0.06689817  0.06196907  0.06196907  0.06211221  0.06160217  0.06169139  0.05723690  0.06196907  0.06160217  0.05723690  0.06169139  0.06196907  0.06133392  0.06160217  0.06160217  0.06689817  
0.06726037  0.06193750  0.06189366  0.06160217  0.06230334  0.06196437  0.05746119  0.06184762  0.06193872  0.05719710  0.06160727  0.06151074  0.06196907  0.06187776  0.06184043  0.06674786  
0.06690229  0.06196437  0.06160727  0.06169139  0.06196437  0.06209410  0.05723986  0.06196437  0.06160727  0.05723986  0.06136148  0.06160727  0.06169139  0.06196437  0.06160727  0.06690229  
0.06206707  0.05719710  0.05746119  0.05723690  0.05746119  0.05723986  0.05341450  0.05746119  0.05719710  0.05286519  0.05723986  0.05719710  0.05723690  0.05719710  0.05746119  0.06206707  
0.06674786  0.06187776  0.06184043  0.06196907  0.06184762  0.06196437  0.05746119  0.06230334  0.06151074  0.05719710  0.06160727  0.06193872  0.06160217  0.06193750  0.06189366  0.06726037  
0.06726037  0.06189366  0.06193750  0.06160217  0.06193872  0.06160727  0.05719710  0.06151074  0.06230334  0.05746119  0.06196437  0.06184762  0.06196907  0.06184043  0.06187776  0.06674786  
0.06206707  0.05746119  0.05719710  0.05723690  0.05719710  0.05723986  0.05286519  0.05719710  0.05746119  0.05341450  0.05723986  0.05746119  0.05723690  0.05746119  0.05719710  0.06206707  
0.06690229  0.06160727  0.06196437  0.06169139  0.06160727  0.06136148  0.05723986  0.06160727  0.06196437  0.05723986  0.06209410  0.06196437  0.06169139  0.06160727  0.06196437  0.06690229  
0.06674786  0.06184043  0.06187776  0.06196907  0.06151074  0.06160727  0.05719710  0.06193872  0.06184762  0.05746119  0.06196437  0.06230334  0.06160217  0.06189366  0.06193750  0.06726037  
0.06689817  0.06160217  0.06160217  0.06133392  0.06196907  0.06169139  0.05723690  0.06160217  0.06196907  0.05723690  0.06169139  0.06160217  0.06211221  0.06196907  0.06196907  0.06689817  
0.06674786  0.06184762  0.06151074  0.06160217  0.06187776  0.06196437  0.05719710  0.06193750  0.06184043  0.05746119  0.06160727  0.06189366  0.06196907  0.06230334  0.06193872  0.06726037  
0.06674786  0.06151074  0.06184762  0.06160217  0.06184043  0.06160727  0.05746119  0.06189366  0.06187776  0.05719710  0.06196437  0.06193750  0.06196907  0.06193872  0.06230334  0.06726037  
0.07202670  0.06674786  0.06674786  0.06689817  0.06674786  0.06690229  0.06206707  0.06726037  0.06674786  0.06206707  0.06690229  0.06726037  0.06689817  0.06726037  0.06726037  0.07316584  
