0.00001174  0.00000526  0.00000526  0.00000616  0.00000526  0.00000671  0.00000461  0.00000651  0.00000526  0.00000461  0.00000671  0.00000651  0.00000616  0.00000651  0.00000651  0.00001641  
0.00000526  0.00000483  0.00000759  0.00000536  0.00000559  0.00000431  0.00000546  0.00000677  0.00000611  0.00000438  0.00000650  0.00000712  0.00000581  0.00000694  0.00000750  0.00000651  
0.00000526  0.00000759  0.00000483  0.00000536  0.00000611  0.00000650  0.00000438  0.00000712  0.00000559  0.00000546  0.00000431  0.00000677  0.00000581  0.00000750  0.00000694  0.00000651  
0.00000616  0.00000536  0.00000536  0.00001125  0.00000581  0.00000557  0.00000588  0.00000536  0.00000581  0.00000588  0.00000557  0.00000536  0.00001232  0.00000581  0.00000581  0.00000616  
0.00000526  0.00000559  0.00000611  0.00000581  0.00000483  0.00000431  0.00000438  0.00000694  0.00000759  0.00000546  0.00000650  0.00000750  0.00000536  0.00000677  0.00000712  0.00000651  
0.00000671  0.00000431  0.00000650  0.00000557  0.00000431  0.00000926  0.00000629  0.00000431  0.00000650  0.00000629  0.00001061  0.00000650  0.00000557  0.00000431  0.00000650  0.00000671  
0.00000461  0.00000546  0.00000438  0.00000588  0.00000438  0.00000629  0.00001012  0.00000438  0.00000546  0.00001454  0.00000629  0.00000546  0.00000588  0.00000546  0.00000438  0.00000461  
0.00000651  0.00000677  0.00000712  0.00000536  0.00000694  0.00000431  0.00000438  0.00000483  0.00000750  0.00000546  0.00000650  0.00000759  0.00000581  0.00000559  0.00000611  0.00000526  
0.00000526  0.00000611  0.00000559  0.00000581  0.00000759  0.00000650  0.00000546  0.00000750  0.00000483  0.00000438  0.00000431  0.00000694  0.00000536  0.00000712  0.00000677  0.00000651  
0.00000461  0.00000438  0.00000546  0.00000588  0.00000546  0.00000629  0.00001454  0.00000546  0.00000438  0.00001012  0.00000629  0.00000438  0.00000588  0.00000438  0.00000546  0.00000461  
0.00000671  0.00000650  0.00000431  0.00000557  0.00000650  0.00001061  0.00000629  0.00000650  0.00000431  0.00000629  0.00000926  0.00000431  0.00000557  0.00000650  0.00000431  0.00000671  
0.00000651  0.00000712  0.00000677  0.00000536  0.00000750  0.00000650  0.00000546  0.00000759  0.00000694  0.00000438  0.00000431  0.00000483  0.00000581  0.00000611  0.00000559  0.00000526  
0.00000616  0.00000581  0.00000581  0.00001232  0.00000536  0.00000557  0.00000588  0.00000581  0.00000536  0.00000588  0.00000557  0.00000581  0.00001125  0.00000536  0.00000536  0.00000616  
0.00000651  0.00000694  0.00000750  0.00000581  0.00000677  0.00000431  0.00000546  0.00000559  0.00000712  0.00000438  0.00000650  0.00000611  0.00000536  0.00000483  0.00000759  0.00000526  
0.00000651  0.00000750  0.00000694  0.00000581  0.00000712  0.00000650  0.00000438  0.00000611  0.00000677  0.00000546  0.00000431  0.00000559  0.00000536  0.00000759  0.00000483  0.00000526  
0.00001641  0.00000651  0.00000651  0.00000616  0.00000651  0.00000671  0.00000461  0.00000526  0.00000651  0.00000461  0.00000671  0.00000526  0.00000616  0.00000526  0.00000526  0.00001174  
