0.13190060  0.08453408  0.08453408  0.06904970  0.08453408  0.06904260  0.05754705  0.06102772  0.08453408  0.05754705  0.06904260  0.06102772  0.06904970  0.06102772  0.06102772  0.07093719  
0.08453408  0.05866636  0.05690280  0.05110846  0.05689764  0.05110336  0.04128843  0.04879646  0.05650121  0.04225760  0.04919152  0.04843532  0.04919828  0.04842938  0.04694197  0.06102772  
0.08453408  0.05690280  0.05866636  0.05110846  0.05650121  0.04919152  0.04225760  0.04843532  0.05689764  0.04128843  0.05110336  0.04879646  0.04919828  0.04694197  0.04842938  0.06102772  
0.06904970  0.05110846  0.05110846  0.04971309  0.04919828  0.04779739  0.03980290  0.05110846  0.04919828  0.03980290  0.04779739  0.05110846  0.04597644  0.04919828  0.04919828  0.06904970  
0.08453408  0.05689764  0.05650121  0.04919828  0.05866636  0.05110336  0.04225760  0.04842938  0.05690280  0.04128843  0.04919152  0.04694197  0.05110846  0.04879646  0.04843532  0.06102772  
0.06904260  0.05110336  0.04919152  0.04779739  0.05110336  0.04973193  0.03980043  0.05110336  0.04919152  0.03980043  0.04598466  0.04919152  0.04779739  0.05110336  0.04919152  0.06904260  
0.05754705  0.04128843  0.04225760  0.03980290  0.04225760  0.03980043  0.03398893  0.04225760  0.04128843  0.03237999  0.03980043  0.04128843  0.03980290  0.04128843  0.04225760  0.05754705  
0.06102772  0.04879646  0.04843532  0.05110846  0.04842938  0.05110336  0.04225760  0.05866636  0.04694197  0.04128843  0.04919152  0.05690280  0.04919828  0.05689764  0.05650121  0.08453408  
0.08453408  0.05650121  0.05689764  0.04919828  0.05690280  0.04919152  0.04128843  0.04694197  0.05866636  0.04225760  0.05110336  0.04842938  0.05110846  0.04843532  0.04879646  0.06102772  
0.05754705  0.04225760  0.04128843  0.03980290  0.04128843  0.03980043  0.03237999  0.04128843  0.04225760  0.03398893  0.03980043  0.04225760  0.03980290  0.04225760  0.04128843  0.05754705  
0.06904260  0.04919152  0.05110336  0.04779739  0.04919152  0.04598466  0.03980043  0.04919152  0.05110336  0.03980043  0.04973193  0.05110336  0.04779739  0.04919152  0.05110336  0.06904260  
0.06102772  0.04843532  0.04879646  0.05110846  0.04694197  0.04919152  0.04128843  0.05690280  0.04842938  0.04225760  0.05110336  0.05866636  0.04919828  0.05650121  0.05689764  0.08453408  
0.06904970  0.04919828  0.04919828  0.04597644  0.05110846  0.04779739  0.03980290  0.04919828  0.05110846  0.03980290  0.04779739  0.04919828  0.04971309  0.05110846  0.05110846  0.06904970  
0.06102772  0.04842938  0.04694197  0.04919828  0.04879646  0.05110336  0.04128843  0.05689764  0.04843532  0.04225760  0.04919152  0.05650121  0.05110846  0.05866636  0.05690280  0.08453408  
0.06102772  0.04694197  0.04842938  0.04919828  0.04843532  0.04919152  0.04225760  0.05650121  0.04879646  0.04128843  0.05110336  0.05689764  0.05110846  0.05690280  0.05866636  0.08453408  
0.07093719  0.06102772  0.06102772  0.06904970  0.06102772  0.06904260  0.05754705  0.08453408  0.06102772  0.05754705  0.06904260  0.08453408  0.06904970  0.08453408  0.08453408  0.13190060  
