0.00002220  0.00000953  0.00000953  0.00001443  0.00000953  0.00001296  0.00001083  0.00000862  0.00000953  0.00001083  0.00001296  0.00000862  0.00001443  0.00000862  0.00000862  0.00001854  
0.00000953  0.00000678  0.00001321  0.00000760  0.00000999  0.00000656  0.00000672  0.00001014  0.00000906  0.00000652  0.00000946  0.00001101  0.00000670  0.00000891  0.00001037  0.00000862  
0.00000953  0.00001321  0.00000678  0.00000760  0.00000906  0.00000946  0.00000652  0.00001101  0.00000999  0.00000672  0.00000656  0.00001014  0.00000670  0.00001037  0.00000891  0.00000862  
0.00001443  0.00000760  0.00000760  0.00001329  0.00000670  0.00000703  0.00000812  0.00000760  0.00000670  0.00000812  0.00000703  0.00000760  0.00001350  0.00000670  0.00000670  0.00001443  
0.00000953  0.00000999  0.00000906  0.00000670  0.00000678  0.00000656  0.00000652  0.00000891  0.00001321  0.00000672  0.00000946  0.00001037  0.00000760  0.00001014  0.00001101  0.00000862  
0.00001296  0.00000656  0.00000946  0.00000703  0.00000656  0.00001172  0.00000786  0.00000656  0.00000946  0.00000786  0.00001616  0.00000946  0.00000703  0.00000656  0.00000946  0.00001296  
0.00001083  0.00000672  0.00000652  0.00000812  0.00000652  0.00000786  0.00001175  0.00000652  0.00000672  0.00000758  0.00000786  0.00000672  0.00000812  0.00000672  0.00000652  0.00001083  
0.00000862  0.00001014  0.00001101  0.00000760  0.00000891  0.00000656  0.00000652  0.00000678  0.00001037  0.00000672  0.00000946  0.00001321  0.00000670  0.00000999  0.00000906  0.00000953  
0.00000953  0.00000906  0.00000999  0.00000670  0.00001321  0.00000946  0.00000672  0.00001037  0.00000678  0.00000652  0.00000656  0.00000891  0.00000760  0.00001101  0.00001014  0.00000862  
0.00001083  0.00000652  0.00000672  0.00000812  0.00000672  0.00000786  0.00000758  0.00000672  0.00000652  0.00001175  0.00000786  0.00000652  0.00000812  0.00000652  0.00000672  0.00001083  
0.00001296  0.00000946  0.00000656  0.00000703  0.00000946  0.00001616  0.00000786  0.00000946  0.00000656  0.00000786  0.00001172  0.00000656  0.00000703  0.00000946  0.00000656  0.00001296  
0.00000862  0.00001101  0.00001014  0.00000760  0.00001037  0.00000946  0.00000672  0.00001321  0.00000891  0.00000652  0.00000656  0.00000678  0.00000670  0.00000906  0.00000999  0.00000953  
0.00001443  0.00000670  0.00000670  0.00001350  0.00000760  0.00000703  0.00000812  0.00000670  0.00000760  0.00000812  0.00000703  0.00000670  0.00001329  0.00000760  0.00000760  0.00001443  
0.00000862  0.00000891  0.00001037  0.00000670  0.00001014  0.00000656  0.00000672  0.00000999  0.00001101  0.00000652  0.00000946  0.00000906  0.00000760  0.00000678  0.00001321  0.00000953  
0.00000862  0.00001037  0.00000891  0.00000670  0.00001101  0.00000946  0.00000652  0.00000906  0.00001014  0.00000672  0.00000656  0.00000999  0.00000760  0.00001321  0.00000678  0.00000953  
0.00001854  0.00000862  0.00000862  0.00001443  0.00000862  0.00001296  0.00001083  0.00000953  0.00000862  0.00001083  0.00001296  0.00000953  0.00001443  0.00000953  0.00000953  0.00002220  
