0.00001672  0.00000801  0.00000480  0.00001019  0.00000480  0.00000568  0.00000854  0.00000843  0.00000801  0.00000879  0.00000568  0.00000745  0.00001019  0.00000745  0.00000843  0.00001508  
0.00000801  0.00000587  0.00000495  0.00000565  0.00000456  0.00000542  0.00000556  0.00000826  0.00000741  0.00000460  0.00000382  0.00000562  0.00000594  0.00000508  0.00000678  0.00000843  
0.00000480  0.00000495  0.00000624  0.00000656  0.00000694  0.00000330  0.00000474  0.00000562  0.00000456  0.00000424  0.00000345  0.00000675  0.00000637  0.00000558  0.00000508  0.00000745  
0.00001019  0.00000565  0.00000656  0.00001131  0.00000637  0.00000572  0.00000434  0.00000565  0.00000594  0.00000434  0.00000605  0.00000656  0.00001169  0.00000637  0.00000594  0.00001019  
0.00000480  0.00000456  0.00000694  0.00000637  0.00000624  0.00000345  0.00000474  0.00000508  0.00000495  0.00000424  0.00000330  0.00000558  0.00000656  0.00000675  0.00000562  0.00000745  
0.00000568  0.00000542  0.00000330  0.00000572  0.00000345  0.00000565  0.00000367  0.00000542  0.00000382  0.00000367  0.00000529  0.00000330  0.00000605  0.00000345  0.00000382  0.00000568  
0.00000854  0.00000556  0.00000474  0.00000434  0.00000474  0.00000367  0.00000547  0.00000460  0.00000556  0.00000726  0.00000367  0.00000424  0.00000434  0.00000424  0.00000460  0.00000879  
0.00000843  0.00000826  0.00000562  0.00000565  0.00000508  0.00000542  0.00000460  0.00000587  0.00000678  0.00000556  0.00000382  0.00000495  0.00000594  0.00000456  0.00000741  0.00000801  
0.00000801  0.00000741  0.00000456  0.00000594  0.00000495  0.00000382  0.00000556  0.00000678  0.00000587  0.00000460  0.00000542  0.00000508  0.00000565  0.00000562  0.00000826  0.00000843  
0.00000879  0.00000460  0.00000424  0.00000434  0.00000424  0.00000367  0.00000726  0.00000556  0.00000460  0.00000547  0.00000367  0.00000474  0.00000434  0.00000474  0.00000556  0.00000854  
0.00000568  0.00000382  0.00000345  0.00000605  0.00000330  0.00000529  0.00000367  0.00000382  0.00000542  0.00000367  0.00000565  0.00000345  0.00000572  0.00000330  0.00000542  0.00000568  
0.00000745  0.00000562  0.00000675  0.00000656  0.00000558  0.00000330  0.00000424  0.00000495  0.00000508  0.00000474  0.00000345  0.00000624  0.00000637  0.00000694  0.00000456  0.00000480  
0.00001019  0.00000594  0.00000637  0.00001169  0.00000656  0.00000605  0.00000434  0.00000594  0.00000565  0.00000434  0.00000572  0.00000637  0.00001131  0.00000656  0.00000565  0.00001019  
0.00000745  0.00000508  0.00000558  0.00000637  0.00000675  0.00000345  0.00000424  0.00000456  0.00000562  0.00000474  0.00000330  0.00000694  0.00000656  0.00000624  0.00000495  0.00000480  
0.00000843  0.00000678  0.00000508  0.00000594  0.00000562  0.00000382  0.00000460  0.00000741  0.00000826  0.00000556  0.00000542  0.00000456  0.00000565  0.00000495  0.00000587  0.00000801  
0.00001508  0.00000843  0.00000745  0.00001019  0.00000745  0.00000568  0.00000879  0.00000801  0.00000843  0.00000854  0.00000568  0.00000480  0.00001019  0.00000480  0.00000801  0.00001672  
