0.26223610  0.14429104  0.11487886  0.13658815  0.14429104  0.09392658  0.13658815  0.19555184  
0.14429104  0.09337970  0.06546427  0.09243647  0.08159389  0.06305829  0.08068748  0.13658815  
0.11487886  0.06546427  0.05100451  0.06305829  0.06546427  0.04437018  0.06305829  0.09392658  
0.13658815  0.09243647  0.06305829  0.09337970  0.08068748  0.06546427  0.08159389  0.14429104  
0.14429104  0.08159389  0.06546427  0.08068748  0.09337970  0.06305829  0.09243647  0.13658815  
0.09392658  0.06305829  0.04437018  0.06546427  0.06305829  0.05100451  0.06546427  0.11487886  
0.13658815  0.08068748  0.06305829  0.08159389  0.09243647  0.06546427  0.09337970  0.14429104  
0.19555184  0.13658815  0.09392658  0.14429104  0.13658815  0.11487886  0.14429104  0.26223610  
