0.40154867  0.11042281  0.11042281  0.03323789  0.10882130  0.03863794  0.03863794  0.02361189  
0.11042281  0.03340426  0.03305249  0.01793881  0.03212059  0.01956371  0.01934044  0.03863794  
0.11042281  0.03305249  0.03340426  0.01793881  0.03212059  0.01934044  0.01956371  0.03863794  
0.03323789  0.01793881  0.01793881  0.03164280  0.01616556  0.03212059  0.03212059  0.10882130  
0.10882130  0.03212059  0.03212059  0.01616556  0.03164280  0.01793881  0.01793881  0.03323789  
0.03863794  0.01956371  0.01934044  0.03212059  0.01793881  0.03340426  0.03305249  0.11042281  
0.03863794  0.01934044  0.01956371  0.03212059  0.01793881  0.03305249  0.03340426  0.11042281  
0.02361189  0.03863794  0.03863794  0.10882130  0.03323789  0.11042281  0.11042281  0.40154867  
