0.00001019  0.00000796  0.00000796  0.00000537  0.00001080  0.00000427  0.00000427  0.00000488  
0.00000796  0.00000369  0.00000450  0.00000217  0.00000353  0.00000262  0.00000341  0.00000427  
0.00000796  0.00000450  0.00000369  0.00000217  0.00000353  0.00000341  0.00000262  0.00000427  
0.00000537  0.00000217  0.00000217  0.00000658  0.00000408  0.00000353  0.00000353  0.00001080  
0.00001080  0.00000353  0.00000353  0.00000408  0.00000658  0.00000217  0.00000217  0.00000537  
0.00000427  0.00000262  0.00000341  0.00000353  0.00000217  0.00000369  0.00000450  0.00000796  
0.00000427  0.00000341  0.00000262  0.00000353  0.00000217  0.00000450  0.00000369  0.00000796  
0.00000488  0.00000427  0.00000427  0.00001080  0.00000537  0.00000796  0.00000796  0.00001019  
