0.06885281  0.06540483  0.06540483  0.06527566  0.06540483  0.06528690  0.06229455  0.06523853  0.06540483  0.06229455  0.06528690  0.06523853  0.06527566  0.06523853  0.06523853  0.06845246  
0.06540483  0.06241950  0.06224018  0.06223482  0.06222716  0.06224730  0.05927030  0.06221582  0.06221045  0.05936596  0.06211337  0.06218591  0.06210805  0.06220117  0.06207804  0.06523853  
0.06540483  0.06224018  0.06241950  0.06223482  0.06221045  0.06211337  0.05936596  0.06218591  0.06222716  0.05927030  0.06224730  0.06221582  0.06210805  0.06207804  0.06220117  0.06523853  
0.06527566  0.06223482  0.06223482  0.06236138  0.06210805  0.06213298  0.05928278  0.06223482  0.06210805  0.05928278  0.06213298  0.06223482  0.06204435  0.06210805  0.06210805  0.06527566  
0.06540483  0.06222716  0.06221045  0.06210805  0.06241950  0.06224730  0.05936596  0.06220117  0.06224018  0.05927030  0.06211337  0.06207804  0.06223482  0.06221582  0.06218591  0.06523853  
0.06528690  0.06224730  0.06211337  0.06213298  0.06224730  0.06237486  0.05929207  0.06224730  0.06211337  0.05929207  0.06203273  0.06211337  0.06213298  0.06224730  0.06211337  0.06528690  
0.06229455  0.05927030  0.05936596  0.05928278  0.05936596  0.05929207  0.05673296  0.05936596  0.05927030  0.05645269  0.05929207  0.05927030  0.05928278  0.05927030  0.05936596  0.06229455  
0.06523853  0.06221582  0.06218591  0.06223482  0.06220117  0.06224730  0.05936596  0.06241950  0.06207804  0.05927030  0.06211337  0.06224018  0.06210805  0.06222716  0.06221045  0.06540483  
0.06540483  0.06221045  0.06222716  0.06210805  0.06224018  0.06211337  0.05927030  0.06207804  0.06241950  0.05936596  0.06224730  0.06220117  0.06223482  0.06218591  0.06221582  0.06523853  
0.06229455  0.05936596  0.05927030  0.05928278  0.05927030  0.05929207  0.05645269  0.05927030  0.05936596  0.05673296  0.05929207  0.05936596  0.05928278  0.05936596  0.05927030  0.06229455  
0.06528690  0.06211337  0.06224730  0.06213298  0.06211337  0.06203273  0.05929207  0.06211337  0.06224730  0.05929207  0.06237486  0.06224730  0.06213298  0.06211337  0.06224730  0.06528690  
0.06523853  0.06218591  0.06221582  0.06223482  0.06207804  0.06211337  0.05927030  0.06224018  0.06220117  0.05936596  0.06224730  0.06241950  0.06210805  0.06221045  0.06222716  0.06540483  
0.06527566  0.06210805  0.06210805  0.06204435  0.06223482  0.06213298  0.05928278  0.06210805  0.06223482  0.05928278  0.06213298  0.06210805  0.06236138  0.06223482  0.06223482  0.06527566  
0.06523853  0.06220117  0.06207804  0.06210805  0.06221582  0.06224730  0.05927030  0.06222716  0.06218591  0.05936596  0.06211337  0.06221045  0.06223482  0.06241950  0.06224018  0.06540483  
0.06523853  0.06207804  0.06220117  0.06210805  0.06218591  0.06211337  0.05936596  0.06221045  0.06221582  0.05927030  0.06224730  0.06222716  0.06223482  0.06224018  0.06241950  0.06540483  
0.06845246  0.06523853  0.06523853  0.06527566  0.06523853  0.06528690  0.06229455  0.06540483  0.06523853  0.06229455  0.06528690  0.06540483  0.06527566  0.06540483  0.06540483  0.06885281  
