0.12085533  0.08219836  0.08219836  0.07593317  0.08219836  0.07591826  0.05878853  0.07404868  0.08219836  0.05878853  0.07591826  0.07404868  0.07593317  0.07404868  0.07404868  0.09844230  
0.08219836  0.05899146  0.05693462  0.05551568  0.05692154  0.05552012  0.04149650  0.05521678  0.05637422  0.04250549  0.05304651  0.05462970  0.05303894  0.05466789  0.05276642  0.07404868  
0.08219836  0.05693462  0.05899146  0.05551568  0.05637422  0.05304651  0.04250549  0.05462970  0.05692154  0.04149650  0.05552012  0.05521678  0.05303894  0.05276642  0.05466789  0.07404868  
0.07593317  0.05551568  0.05551568  0.05537504  0.05303894  0.05281681  0.04085733  0.05551568  0.05303894  0.04085733  0.05281681  0.05551568  0.05042457  0.05303894  0.05303894  0.07593317  
0.08219836  0.05692154  0.05637422  0.05303894  0.05899146  0.05552012  0.04250549  0.05466789  0.05693462  0.04149650  0.05304651  0.05276642  0.05551568  0.05521678  0.05462970  0.07404868  
0.07591826  0.05552012  0.05304651  0.05281681  0.05552012  0.05535035  0.04085901  0.05552012  0.05304651  0.04085901  0.05044377  0.05304651  0.05281681  0.05552012  0.05304651  0.07591826  
0.05878853  0.04149650  0.04250549  0.04085733  0.04250549  0.04085901  0.03245345  0.04250549  0.04149650  0.03089494  0.04085901  0.04149650  0.04085733  0.04149650  0.04250549  0.05878853  
0.07404868  0.05521678  0.05462970  0.05551568  0.05466789  0.05552012  0.04250549  0.05899146  0.05276642  0.04149650  0.05304651  0.05693462  0.05303894  0.05692154  0.05637422  0.08219836  
0.08219836  0.05637422  0.05692154  0.05303894  0.05693462  0.05304651  0.04149650  0.05276642  0.05899146  0.04250549  0.05552012  0.05466789  0.05551568  0.05462970  0.05521678  0.07404868  
0.05878853  0.04250549  0.04149650  0.04085733  0.04149650  0.04085901  0.03089494  0.04149650  0.04250549  0.03245345  0.04085901  0.04250549  0.04085733  0.04250549  0.04149650  0.05878853  
0.07591826  0.05304651  0.05552012  0.05281681  0.05304651  0.05044377  0.04085901  0.05304651  0.05552012  0.04085901  0.05535035  0.05552012  0.05281681  0.05304651  0.05552012  0.07591826  
0.07404868  0.05462970  0.05521678  0.05551568  0.05276642  0.05304651  0.04149650  0.05693462  0.05466789  0.04250549  0.05552012  0.05899146  0.05303894  0.05637422  0.05692154  0.08219836  
0.07593317  0.05303894  0.05303894  0.05042457  0.05551568  0.05281681  0.04085733  0.05303894  0.05551568  0.04085733  0.05281681  0.05303894  0.05537504  0.05551568  0.05551568  0.07593317  
0.07404868  0.05466789  0.05276642  0.05303894  0.05521678  0.05552012  0.04149650  0.05692154  0.05462970  0.04250549  0.05304651  0.05637422  0.05551568  0.05899146  0.05693462  0.08219836  
0.07404868  0.05276642  0.05466789  0.05303894  0.05462970  0.05304651  0.04250549  0.05637422  0.05521678  0.04149650  0.05552012  0.05692154  0.05551568  0.05693462  0.05899146  0.08219836  
0.09844230  0.07404868  0.07404868  0.07593317  0.07404868  0.07591826  0.05878853  0.08219836  0.07404868  0.05878853  0.07591826  0.08219836  0.07593317  0.08219836  0.08219836  0.12085533  
