0.08830902  0.07313219  0.07313219  0.07184883  0.07313219  0.07184394  0.06150384  0.07163290  0.07313219  0.06150384  0.07184394  0.07163290  0.07184883  0.07163290  0.07163290  0.08465991  
0.07313219  0.06154852  0.06076451  0.06057790  0.06077328  0.06058178  0.05122909  0.06056170  0.06064839  0.05174954  0.05972218  0.06043667  0.05971854  0.06044222  0.05969622  0.07163290  
0.07313219  0.06076451  0.06154852  0.06057790  0.06064839  0.05972218  0.05174954  0.06043667  0.06077328  0.05122909  0.06058178  0.06056170  0.05971854  0.05969622  0.06044222  0.07163290  
0.07184883  0.06057790  0.06057790  0.06062855  0.05971854  0.05970082  0.05110888  0.06057790  0.05971854  0.05110888  0.05970082  0.06057790  0.05887820  0.05971854  0.05971854  0.07184883  
0.07313219  0.06077328  0.06064839  0.05971854  0.06154852  0.06058178  0.05174954  0.06044222  0.06076451  0.05122909  0.05972218  0.05969622  0.06057790  0.06056170  0.06043667  0.07163290  
0.07184394  0.06058178  0.05972218  0.05970082  0.06058178  0.06062688  0.05111092  0.06058178  0.05972218  0.05111092  0.05887390  0.05972218  0.05970082  0.06058178  0.05972218  0.07184394  
0.06150384  0.05122909  0.05174954  0.05110888  0.05174954  0.05111092  0.04424148  0.05174954  0.05122909  0.04333361  0.05111092  0.05122909  0.05110888  0.05122909  0.05174954  0.06150384  
0.07163290  0.06056170  0.06043667  0.06057790  0.06044222  0.06058178  0.05174954  0.06154852  0.05969622  0.05122909  0.05972218  0.06076451  0.05971854  0.06077328  0.06064839  0.07313219  
0.07313219  0.06064839  0.06077328  0.05971854  0.06076451  0.05972218  0.05122909  0.05969622  0.06154852  0.05174954  0.06058178  0.06044222  0.06057790  0.06043667  0.06056170  0.07163290  
0.06150384  0.05174954  0.05122909  0.05110888  0.05122909  0.05111092  0.04333361  0.05122909  0.05174954  0.04424148  0.05111092  0.05174954  0.05110888  0.05174954  0.05122909  0.06150384  
0.07184394  0.05972218  0.06058178  0.05970082  0.05972218  0.05887390  0.05111092  0.05972218  0.06058178  0.05111092  0.06062688  0.06058178  0.05970082  0.05972218  0.06058178  0.07184394  
0.07163290  0.06043667  0.06056170  0.06057790  0.05969622  0.05972218  0.05122909  0.06076451  0.06044222  0.05174954  0.06058178  0.06154852  0.05971854  0.06064839  0.06077328  0.07313219  
0.07184883  0.05971854  0.05971854  0.05887820  0.06057790  0.05970082  0.05110888  0.05971854  0.06057790  0.05110888  0.05970082  0.05971854  0.06062855  0.06057790  0.06057790  0.07184883  
0.07163290  0.06044222  0.05969622  0.05971854  0.06056170  0.06058178  0.05122909  0.06077328  0.06043667  0.05174954  0.05972218  0.06064839  0.06057790  0.06154852  0.06076451  0.07313219  
0.07163290  0.05969622  0.06044222  0.05971854  0.06043667  0.05972218  0.05174954  0.06064839  0.06056170  0.05122909  0.06058178  0.06077328  0.06057790  0.06076451  0.06154852  0.07313219  
0.08465991  0.07163290  0.07163290  0.07184883  0.07163290  0.07184394  0.06150384  0.07313219  0.07163290  0.06150384  0.07184394  0.07313219  0.07184883  0.07313219  0.07313219  0.08830902  
