0.00000749  0.00000685  0.00000685  0.00000280  0.00000685  0.00000301  0.00000302  0.00000112  0.00000685  0.00000302  0.00000301  0.00000112  0.00000280  0.00000112  0.00000112  0.00000185  
0.00000685  0.00000179  0.00000208  0.00000075  0.00000234  0.00000068  0.00000064  0.00000058  0.00000269  0.00000080  0.00000084  0.00000069  0.00000081  0.00000069  0.00000053  0.00000112  
0.00000685  0.00000208  0.00000179  0.00000075  0.00000269  0.00000084  0.00000080  0.00000069  0.00000234  0.00000064  0.00000068  0.00000058  0.00000081  0.00000053  0.00000069  0.00000112  
0.00000280  0.00000075  0.00000075  0.00000105  0.00000081  0.00000046  0.00000042  0.00000075  0.00000081  0.00000042  0.00000046  0.00000075  0.00000094  0.00000081  0.00000081  0.00000280  
0.00000685  0.00000234  0.00000269  0.00000081  0.00000179  0.00000068  0.00000080  0.00000069  0.00000208  0.00000064  0.00000084  0.00000053  0.00000075  0.00000058  0.00000069  0.00000112  
0.00000301  0.00000068  0.00000084  0.00000046  0.00000068  0.00000094  0.00000042  0.00000068  0.00000084  0.00000042  0.00000110  0.00000084  0.00000046  0.00000068  0.00000084  0.00000301  
0.00000302  0.00000064  0.00000080  0.00000042  0.00000080  0.00000042  0.00000088  0.00000080  0.00000064  0.00000074  0.00000042  0.00000064  0.00000042  0.00000064  0.00000080  0.00000302  
0.00000112  0.00000058  0.00000069  0.00000075  0.00000069  0.00000068  0.00000080  0.00000179  0.00000053  0.00000064  0.00000084  0.00000208  0.00000081  0.00000234  0.00000269  0.00000685  
0.00000685  0.00000269  0.00000234  0.00000081  0.00000208  0.00000084  0.00000064  0.00000053  0.00000179  0.00000080  0.00000068  0.00000069  0.00000075  0.00000069  0.00000058  0.00000112  
0.00000302  0.00000080  0.00000064  0.00000042  0.00000064  0.00000042  0.00000074  0.00000064  0.00000080  0.00000088  0.00000042  0.00000080  0.00000042  0.00000080  0.00000064  0.00000302  
0.00000301  0.00000084  0.00000068  0.00000046  0.00000084  0.00000110  0.00000042  0.00000084  0.00000068  0.00000042  0.00000094  0.00000068  0.00000046  0.00000084  0.00000068  0.00000301  
0.00000112  0.00000069  0.00000058  0.00000075  0.00000053  0.00000084  0.00000064  0.00000208  0.00000069  0.00000080  0.00000068  0.00000179  0.00000081  0.00000269  0.00000234  0.00000685  
0.00000280  0.00000081  0.00000081  0.00000094  0.00000075  0.00000046  0.00000042  0.00000081  0.00000075  0.00000042  0.00000046  0.00000081  0.00000105  0.00000075  0.00000075  0.00000280  
0.00000112  0.00000069  0.00000053  0.00000081  0.00000058  0.00000068  0.00000064  0.00000234  0.00000069  0.00000080  0.00000084  0.00000269  0.00000075  0.00000179  0.00000208  0.00000685  
0.00000112  0.00000053  0.00000069  0.00000081  0.00000069  0.00000084  0.00000080  0.00000269  0.00000058  0.00000064  0.00000068  0.00000234  0.00000075  0.00000208  0.00000179  0.00000685  
0.00000185  0.00000112  0.00000112  0.00000280  0.00000112  0.00000301  0.00000302  0.00000685  0.00000112  0.00000302  0.00000301  0.00000685  0.00000280  0.00000685  0.00000685  0.00000749  
