0.16368147  0.13434608  0.13434608  0.11579463  0.12437987  0.12717662  0.12717662  0.13677039  
0.13434608  0.11819392  0.11342111  0.10487175  0.10467433  0.11484602  0.11018777  0.12717662  
0.13434608  0.11342111  0.11819392  0.10487175  0.10467433  0.11018777  0.11484602  0.12717662  
0.11579463  0.10487175  0.10487175  0.09993068  0.09257513  0.10467433  0.10467433  0.12437987  
0.12437987  0.10467433  0.10467433  0.09257513  0.09993068  0.10487175  0.10487175  0.11579463  
0.12717662  0.11484602  0.11018777  0.10467433  0.10487175  0.11819392  0.11342111  0.13434608  
0.12717662  0.11018777  0.11484602  0.10467433  0.10487175  0.11342111  0.11819392  0.13434608  
0.13677039  0.12717662  0.12717662  0.12437987  0.11579463  0.13434608  0.13434608  0.16368147  
