0.00001169  0.00000643  0.00000643  0.00000873  0.00000835  0.00000683  0.00000683  0.00001295  
0.00000643  0.00000638  0.00000959  0.00000688  0.00000634  0.00000790  0.00000825  0.00000683  
0.00000643  0.00000959  0.00000638  0.00000688  0.00000634  0.00000825  0.00000790  0.00000683  
0.00000873  0.00000688  0.00000688  0.00000845  0.00001187  0.00000634  0.00000634  0.00000835  
0.00000835  0.00000634  0.00000634  0.00001187  0.00000845  0.00000688  0.00000688  0.00000873  
0.00000683  0.00000790  0.00000825  0.00000634  0.00000688  0.00000638  0.00000959  0.00000643  
0.00000683  0.00000825  0.00000790  0.00000634  0.00000688  0.00000959  0.00000638  0.00000643  
0.00001295  0.00000683  0.00000683  0.00000835  0.00000873  0.00000643  0.00000643  0.00001169  
