0.14985550  0.13368301  0.13368301  0.12208969  0.12484603  0.13225681  0.13225681  0.14336176  
0.13368301  0.12218444  0.12037573  0.11233086  0.11185343  0.12108330  0.11942324  0.13225681  
0.13368301  0.12037573  0.12218444  0.11233086  0.11185343  0.11942324  0.12108330  0.13225681  
0.12208969  0.11233086  0.11233086  0.10577562  0.10252229  0.11185343  0.11185343  0.12484603  
0.12484603  0.11185343  0.11185343  0.10252229  0.10577562  0.11233086  0.11233086  0.12208969  
0.13225681  0.12108330  0.11942324  0.11185343  0.11233086  0.12218444  0.12037573  0.13368301  
0.13225681  0.11942324  0.12108330  0.11185343  0.11233086  0.12037573  0.12218444  0.13368301  
0.14336176  0.13225681  0.13225681  0.12484603  0.12208969  0.13368301  0.13368301  0.14985550  
