0.00004164  0.00002746  0.00002746  0.00004518  0.00003508  0.00003943  0.00003943  0.00006824  
0.00002746  0.00002161  0.00003657  0.00002017  0.00002733  0.00003709  0.00003971  0.00003943  
0.00002746  0.00003657  0.00002161  0.00002017  0.00002733  0.00003971  0.00003709  0.00003943  
0.00004518  0.00002017  0.00002017  0.00003240  0.00005090  0.00002733  0.00002733  0.00003508  
0.00003508  0.00002733  0.00002733  0.00005090  0.00003240  0.00002017  0.00002017  0.00004518  
0.00003943  0.00003709  0.00003971  0.00002733  0.00002017  0.00002161  0.00003657  0.00002746  
0.00003943  0.00003971  0.00003709  0.00002733  0.00002017  0.00003657  0.00002161  0.00002746  
0.00006824  0.00003943  0.00003943  0.00003508  0.00004518  0.00002746  0.00002746  0.00004164  
