0.15240346  0.08860370  0.08860370  0.07418407  0.08860370  0.07420387  0.05576855  0.06857187  0.08860370  0.05576855  0.07420387  0.06857187  0.07418407  0.06857187  0.06857187  0.09344202  
0.08860370  0.05605280  0.05374184  0.04947116  0.05374357  0.04946517  0.03557471  0.04835405  0.05299930  0.03658107  0.04666468  0.04763482  0.04665911  0.04762930  0.04559781  0.06857187  
0.08860370  0.05374184  0.05605280  0.04947116  0.05299930  0.04666468  0.03658107  0.04763482  0.05374357  0.03557471  0.04946517  0.04835405  0.04665911  0.04559781  0.04762930  0.06857187  
0.07418407  0.04947116  0.04947116  0.04848201  0.04665911  0.04560122  0.03423199  0.04947116  0.04665911  0.03423199  0.04560122  0.04947116  0.04292869  0.04665911  0.04665911  0.07418407  
0.08860370  0.05374357  0.05299930  0.04665911  0.05605280  0.04946517  0.03658107  0.04762930  0.05374184  0.03557471  0.04666468  0.04559781  0.04947116  0.04835405  0.04763482  0.06857187  
0.07420387  0.04946517  0.04666468  0.04560122  0.04946517  0.04844238  0.03422650  0.04946517  0.04666468  0.03422650  0.04293309  0.04666468  0.04560122  0.04946517  0.04666468  0.07420387  
0.05576855  0.03557471  0.03658107  0.03423199  0.03658107  0.03422650  0.02646095  0.03658107  0.03557471  0.02498267  0.03422650  0.03557471  0.03423199  0.03557471  0.03658107  0.05576855  
0.06857187  0.04835405  0.04763482  0.04947116  0.04762930  0.04946517  0.03658107  0.05605280  0.04559781  0.03557471  0.04666468  0.05374184  0.04665911  0.05374357  0.05299930  0.08860370  
0.08860370  0.05299930  0.05374357  0.04665911  0.05374184  0.04666468  0.03557471  0.04559781  0.05605280  0.03658107  0.04946517  0.04762930  0.04947116  0.04763482  0.04835405  0.06857187  
0.05576855  0.03658107  0.03557471  0.03423199  0.03557471  0.03422650  0.02498267  0.03557471  0.03658107  0.02646095  0.03422650  0.03658107  0.03423199  0.03658107  0.03557471  0.05576855  
0.07420387  0.04666468  0.04946517  0.04560122  0.04666468  0.04293309  0.03422650  0.04666468  0.04946517  0.03422650  0.04844238  0.04946517  0.04560122  0.04666468  0.04946517  0.07420387  
0.06857187  0.04763482  0.04835405  0.04947116  0.04559781  0.04666468  0.03557471  0.05374184  0.04762930  0.03658107  0.04946517  0.05605280  0.04665911  0.05299930  0.05374357  0.08860370  
0.07418407  0.04665911  0.04665911  0.04292869  0.04947116  0.04560122  0.03423199  0.04665911  0.04947116  0.03423199  0.04560122  0.04665911  0.04848201  0.04947116  0.04947116  0.07418407  
0.06857187  0.04762930  0.04559781  0.04665911  0.04835405  0.04946517  0.03557471  0.05374357  0.04763482  0.03658107  0.04666468  0.05299930  0.04947116  0.05605280  0.05374184  0.08860370  
0.06857187  0.04559781  0.04762930  0.04665911  0.04763482  0.04666468  0.03658107  0.05299930  0.04835405  0.03557471  0.04946517  0.05374357  0.04947116  0.05374184  0.05605280  0.08860370  
0.09344202  0.06857187  0.06857187  0.07418407  0.06857187  0.07420387  0.05576855  0.08860370  0.06857187  0.05576855  0.07420387  0.08860370  0.07418407  0.08860370  0.08860370  0.15240346  
