0.00002360  0.00000986  0.00000986  0.00001196  0.00000986  0.00001123  0.00000719  0.00001004  0.00000986  0.00000719  0.00001123  0.00001004  0.00001196  0.00001004  0.00001004  0.00002385  
0.00000986  0.00000612  0.00000805  0.00000598  0.00000806  0.00000516  0.00000410  0.00000776  0.00000818  0.00000444  0.00000653  0.00000694  0.00000595  0.00000911  0.00000608  0.00001004  
0.00000986  0.00000805  0.00000612  0.00000598  0.00000818  0.00000653  0.00000444  0.00000694  0.00000806  0.00000410  0.00000516  0.00000776  0.00000595  0.00000608  0.00000911  0.00001004  
0.00001196  0.00000598  0.00000598  0.00001431  0.00000595  0.00000801  0.00000687  0.00000598  0.00000595  0.00000687  0.00000801  0.00000598  0.00001171  0.00000595  0.00000595  0.00001196  
0.00000986  0.00000806  0.00000818  0.00000595  0.00000612  0.00000516  0.00000444  0.00000911  0.00000805  0.00000410  0.00000653  0.00000608  0.00000598  0.00000776  0.00000694  0.00001004  
0.00001123  0.00000516  0.00000653  0.00000801  0.00000516  0.00001071  0.00000431  0.00000516  0.00000653  0.00000431  0.00001249  0.00000653  0.00000801  0.00000516  0.00000653  0.00001123  
0.00000719  0.00000410  0.00000444  0.00000687  0.00000444  0.00000431  0.00000881  0.00000444  0.00000410  0.00000662  0.00000431  0.00000410  0.00000687  0.00000410  0.00000444  0.00000719  
0.00001004  0.00000776  0.00000694  0.00000598  0.00000911  0.00000516  0.00000444  0.00000612  0.00000608  0.00000410  0.00000653  0.00000805  0.00000595  0.00000806  0.00000818  0.00000986  
0.00000986  0.00000818  0.00000806  0.00000595  0.00000805  0.00000653  0.00000410  0.00000608  0.00000612  0.00000444  0.00000516  0.00000911  0.00000598  0.00000694  0.00000776  0.00001004  
0.00000719  0.00000444  0.00000410  0.00000687  0.00000410  0.00000431  0.00000662  0.00000410  0.00000444  0.00000881  0.00000431  0.00000444  0.00000687  0.00000444  0.00000410  0.00000719  
0.00001123  0.00000653  0.00000516  0.00000801  0.00000653  0.00001249  0.00000431  0.00000653  0.00000516  0.00000431  0.00001071  0.00000516  0.00000801  0.00000653  0.00000516  0.00001123  
0.00001004  0.00000694  0.00000776  0.00000598  0.00000608  0.00000653  0.00000410  0.00000805  0.00000911  0.00000444  0.00000516  0.00000612  0.00000595  0.00000818  0.00000806  0.00000986  
0.00001196  0.00000595  0.00000595  0.00001171  0.00000598  0.00000801  0.00000687  0.00000595  0.00000598  0.00000687  0.00000801  0.00000595  0.00001431  0.00000598  0.00000598  0.00001196  
0.00001004  0.00000911  0.00000608  0.00000595  0.00000776  0.00000516  0.00000410  0.00000806  0.00000694  0.00000444  0.00000653  0.00000818  0.00000598  0.00000612  0.00000805  0.00000986  
0.00001004  0.00000608  0.00000911  0.00000595  0.00000694  0.00000653  0.00000444  0.00000818  0.00000776  0.00000410  0.00000516  0.00000806  0.00000598  0.00000805  0.00000612  0.00000986  
0.00002385  0.00001004  0.00001004  0.00001196  0.00001004  0.00001123  0.00000719  0.00000986  0.00001004  0.00000719  0.00001123  0.00000986  0.00001196  0.00000986  0.00000986  0.00002360  
