0.15681579  0.13375811  0.13375811  0.11819061  0.12423674  0.12893366  0.12893366  0.13869430  
0.13375811  0.12025962  0.11611296  0.10819583  0.10757198  0.11771498  0.11365079  0.12893366  
0.13375811  0.11611296  0.12025962  0.10819583  0.10757198  0.11365079  0.11771498  0.12893366  
0.11819061  0.10819583  0.10819583  0.10266496  0.09651797  0.10757198  0.10757198  0.12423674  
0.12423674  0.10757198  0.10757198  0.09651797  0.10266496  0.10819583  0.10819583  0.11819061  
0.12893366  0.11771498  0.11365079  0.10757198  0.10819583  0.12025962  0.11611296  0.13375811  
0.12893366  0.11365079  0.11771498  0.10757198  0.10819583  0.11611296  0.12025962  0.13375811  
0.13869430  0.12893366  0.12893366  0.12423674  0.11819061  0.13375811  0.13375811  0.15681579  
