0.00000495  0.00000293  0.00000293  0.00000315  0.00000366  0.00000326  0.00000326  0.00000415  
0.00000293  0.00000285  0.00000419  0.00000218  0.00000285  0.00000271  0.00000386  0.00000326  
0.00000293  0.00000419  0.00000285  0.00000218  0.00000285  0.00000386  0.00000271  0.00000326  
0.00000315  0.00000218  0.00000218  0.00000404  0.00000316  0.00000285  0.00000285  0.00000366  
0.00000366  0.00000285  0.00000285  0.00000316  0.00000404  0.00000218  0.00000218  0.00000315  
0.00000326  0.00000271  0.00000386  0.00000285  0.00000218  0.00000285  0.00000419  0.00000293  
0.00000326  0.00000386  0.00000271  0.00000285  0.00000218  0.00000419  0.00000285  0.00000293  
0.00000415  0.00000326  0.00000326  0.00000366  0.00000315  0.00000293  0.00000293  0.00000495  
