0.22738894  0.14683609  0.11854253  0.14342367  0.14683609  0.10548938  0.14342367  0.19400065  
0.14683609  0.10523001  0.07789714  0.10484973  0.09583290  0.07656356  0.09547292  0.14342367  
0.11854253  0.07789714  0.06215104  0.07656356  0.07789714  0.05700703  0.07656356  0.10548938  
0.14342367  0.10484973  0.07656356  0.10523001  0.09547292  0.07789714  0.09583290  0.14683609  
0.14683609  0.09583290  0.07789714  0.09547292  0.10523001  0.07656356  0.10484973  0.14342367  
0.10548938  0.07656356  0.05700703  0.07789714  0.07656356  0.06215104  0.07789714  0.11854253  
0.14342367  0.09547292  0.07656356  0.09583290  0.10484973  0.07789714  0.10523001  0.14683609  
0.19400065  0.14342367  0.10548938  0.14683609  0.14342367  0.11854253  0.14683609  0.22738894  
