0.00000853  0.00000520  0.00000502  0.00000677  0.00000520  0.00000558  0.00000677  0.00001303  
0.00000520  0.00000413  0.00000320  0.00000543  0.00000526  0.00000331  0.00000534  0.00000677  
0.00000502  0.00000320  0.00000575  0.00000331  0.00000320  0.00000446  0.00000331  0.00000558  
0.00000677  0.00000543  0.00000331  0.00000413  0.00000534  0.00000320  0.00000526  0.00000520  
0.00000520  0.00000526  0.00000320  0.00000534  0.00000413  0.00000331  0.00000543  0.00000677  
0.00000558  0.00000331  0.00000446  0.00000320  0.00000331  0.00000575  0.00000320  0.00000502  
0.00000677  0.00000534  0.00000331  0.00000526  0.00000543  0.00000320  0.00000413  0.00000520  
0.00001303  0.00000677  0.00000558  0.00000520  0.00000677  0.00000502  0.00000520  0.00000853  
