0.37392125  0.10062603  0.10062603  0.03285368  0.10062603  0.03285332  0.02743900  0.01181607  0.10062603  0.02743900  0.03285332  0.01181607  0.03285368  0.01181607  0.01181607  0.00859856  
0.10062603  0.02761505  0.02734939  0.00978472  0.02734915  0.00978385  0.00808644  0.00580482  0.02733312  0.00816036  0.00967561  0.00579613  0.00967613  0.00579460  0.00573380  0.01181607  
0.10062603  0.02734939  0.02761505  0.00978472  0.02733312  0.00967561  0.00816036  0.00579613  0.02734915  0.00808644  0.00978385  0.00580482  0.00967613  0.00573380  0.00579460  0.01181607  
0.03285368  0.00978472  0.00978472  0.00579617  0.00967613  0.00571944  0.00477335  0.00978472  0.00967613  0.00477335  0.00571944  0.00978472  0.00565577  0.00967613  0.00967613  0.03285368  
0.10062603  0.02734915  0.02733312  0.00967613  0.02761505  0.00978385  0.00816036  0.00579460  0.02734939  0.00808644  0.00967561  0.00573380  0.00978472  0.00580482  0.00579613  0.01181607  
0.03285332  0.00978385  0.00967561  0.00571944  0.00978385  0.00579503  0.00477279  0.00978385  0.00967561  0.00477279  0.00565163  0.00967561  0.00571944  0.00978385  0.00967561  0.03285332  
0.02743900  0.00808644  0.00816036  0.00477335  0.00816036  0.00477279  0.00402736  0.00816036  0.00808644  0.00394854  0.00477279  0.00808644  0.00477335  0.00808644  0.00816036  0.02743900  
0.01181607  0.00580482  0.00579613  0.00978472  0.00579460  0.00978385  0.00816036  0.02761505  0.00573380  0.00808644  0.00967561  0.02734939  0.00967613  0.02734915  0.02733312  0.10062603  
0.10062603  0.02733312  0.02734915  0.00967613  0.02734939  0.00967561  0.00808644  0.00573380  0.02761505  0.00816036  0.00978385  0.00579460  0.00978472  0.00579613  0.00580482  0.01181607  
0.02743900  0.00816036  0.00808644  0.00477335  0.00808644  0.00477279  0.00394854  0.00808644  0.00816036  0.00402736  0.00477279  0.00816036  0.00477335  0.00816036  0.00808644  0.02743900  
0.03285332  0.00967561  0.00978385  0.00571944  0.00967561  0.00565163  0.00477279  0.00967561  0.00978385  0.00477279  0.00579503  0.00978385  0.00571944  0.00967561  0.00978385  0.03285332  
0.01181607  0.00579613  0.00580482  0.00978472  0.00573380  0.00967561  0.00808644  0.02734939  0.00579460  0.00816036  0.00978385  0.02761505  0.00967613  0.02733312  0.02734915  0.10062603  
0.03285368  0.00967613  0.00967613  0.00565577  0.00978472  0.00571944  0.00477335  0.00967613  0.00978472  0.00477335  0.00571944  0.00967613  0.00579617  0.00978472  0.00978472  0.03285368  
0.01181607  0.00579460  0.00573380  0.00967613  0.00580482  0.00978385  0.00808644  0.02734915  0.00579613  0.00816036  0.00967561  0.02733312  0.00978472  0.02761505  0.02734939  0.10062603  
0.01181607  0.00573380  0.00579460  0.00967613  0.00579613  0.00967561  0.00816036  0.02733312  0.00580482  0.00808644  0.00978385  0.02734915  0.00978472  0.02734939  0.02761505  0.10062603  
0.00859856  0.01181607  0.01181607  0.03285368  0.01181607  0.03285332  0.02743900  0.10062603  0.01181607  0.02743900  0.03285332  0.10062603  0.03285368  0.10062603  0.10062603  0.37392125  
