0.00001114  0.00000355  0.00000355  0.00000332  0.00000355  0.00000314  0.00000266  0.00000151  0.00000355  0.00000266  0.00000314  0.00000151  0.00000332  0.00000151  0.00000151  0.00000262  
0.00000355  0.00000253  0.00000225  0.00000107  0.00000216  0.00000091  0.00000094  0.00000106  0.00000270  0.00000098  0.00000096  0.00000119  0.00000093  0.00000098  0.00000094  0.00000151  
0.00000355  0.00000225  0.00000253  0.00000107  0.00000270  0.00000096  0.00000098  0.00000119  0.00000216  0.00000094  0.00000091  0.00000106  0.00000093  0.00000094  0.00000098  0.00000151  
0.00000332  0.00000107  0.00000107  0.00000176  0.00000093  0.00000096  0.00000073  0.00000107  0.00000093  0.00000073  0.00000096  0.00000107  0.00000190  0.00000093  0.00000093  0.00000332  
0.00000355  0.00000216  0.00000270  0.00000093  0.00000253  0.00000091  0.00000098  0.00000098  0.00000225  0.00000094  0.00000096  0.00000094  0.00000107  0.00000106  0.00000119  0.00000151  
0.00000314  0.00000091  0.00000096  0.00000096  0.00000091  0.00000147  0.00000086  0.00000091  0.00000096  0.00000086  0.00000149  0.00000096  0.00000096  0.00000091  0.00000096  0.00000314  
0.00000266  0.00000094  0.00000098  0.00000073  0.00000098  0.00000086  0.00000143  0.00000098  0.00000094  0.00000128  0.00000086  0.00000094  0.00000073  0.00000094  0.00000098  0.00000266  
0.00000151  0.00000106  0.00000119  0.00000107  0.00000098  0.00000091  0.00000098  0.00000253  0.00000094  0.00000094  0.00000096  0.00000225  0.00000093  0.00000216  0.00000270  0.00000355  
0.00000355  0.00000270  0.00000216  0.00000093  0.00000225  0.00000096  0.00000094  0.00000094  0.00000253  0.00000098  0.00000091  0.00000098  0.00000107  0.00000119  0.00000106  0.00000151  
0.00000266  0.00000098  0.00000094  0.00000073  0.00000094  0.00000086  0.00000128  0.00000094  0.00000098  0.00000143  0.00000086  0.00000098  0.00000073  0.00000098  0.00000094  0.00000266  
0.00000314  0.00000096  0.00000091  0.00000096  0.00000096  0.00000149  0.00000086  0.00000096  0.00000091  0.00000086  0.00000147  0.00000091  0.00000096  0.00000096  0.00000091  0.00000314  
0.00000151  0.00000119  0.00000106  0.00000107  0.00000094  0.00000096  0.00000094  0.00000225  0.00000098  0.00000098  0.00000091  0.00000253  0.00000093  0.00000270  0.00000216  0.00000355  
0.00000332  0.00000093  0.00000093  0.00000190  0.00000107  0.00000096  0.00000073  0.00000093  0.00000107  0.00000073  0.00000096  0.00000093  0.00000176  0.00000107  0.00000107  0.00000332  
0.00000151  0.00000098  0.00000094  0.00000093  0.00000106  0.00000091  0.00000094  0.00000216  0.00000119  0.00000098  0.00000096  0.00000270  0.00000107  0.00000253  0.00000225  0.00000355  
0.00000151  0.00000094  0.00000098  0.00000093  0.00000119  0.00000096  0.00000098  0.00000270  0.00000106  0.00000094  0.00000091  0.00000216  0.00000107  0.00000225  0.00000253  0.00000355  
0.00000262  0.00000151  0.00000151  0.00000332  0.00000151  0.00000314  0.00000266  0.00000355  0.00000151  0.00000266  0.00000314  0.00000355  0.00000332  0.00000355  0.00000355  0.00001114  
