0.16497076  0.13988028  0.12368697  0.13964681  0.13988028  0.12111852  0.13964681  0.16100261  
0.13988028  0.12111367  0.10504561  0.12107399  0.11867144  0.10489684  0.11865257  0.13964681  
0.12368697  0.10504561  0.09280190  0.10489684  0.10504561  0.09109753  0.10489684  0.12111852  
0.13964681  0.12107399  0.10489684  0.12111367  0.11865257  0.10504561  0.11867144  0.13988028  
0.13988028  0.11867144  0.10504561  0.11865257  0.12111367  0.10489684  0.12107399  0.13964681  
0.12111852  0.10489684  0.09109753  0.10504561  0.10489684  0.09280190  0.10504561  0.12368697  
0.13964681  0.11865257  0.10489684  0.11867144  0.12107399  0.10504561  0.12111367  0.13988028  
0.16100261  0.13964681  0.12111852  0.13988028  0.13964681  0.12368697  0.13988028  0.16497076  
