0.00000668  0.00000439  0.00000377  0.00000528  0.00000439  0.00000608  0.00000528  0.00000699  
0.00000439  0.00000324  0.00000334  0.00000562  0.00000568  0.00000438  0.00000643  0.00000528  
0.00000377  0.00000334  0.00000605  0.00000438  0.00000334  0.00000661  0.00000438  0.00000608  
0.00000528  0.00000562  0.00000438  0.00000324  0.00000643  0.00000334  0.00000568  0.00000439  
0.00000439  0.00000568  0.00000334  0.00000643  0.00000324  0.00000438  0.00000562  0.00000528  
0.00000608  0.00000438  0.00000661  0.00000334  0.00000438  0.00000605  0.00000334  0.00000377  
0.00000528  0.00000643  0.00000438  0.00000568  0.00000562  0.00000334  0.00000324  0.00000439  
0.00000699  0.00000528  0.00000608  0.00000439  0.00000528  0.00000377  0.00000439  0.00000668  
