0.22035019  0.10696159  0.08412724  0.09180815  0.08412724  0.04800497  0.06916033  0.09424003  0.10696159  0.05627526  0.04800497  0.05963544  0.09180815  0.05963544  0.09424003  0.14225216  
0.10696159  0.06250534  0.04245941  0.05693893  0.04162545  0.02899705  0.03613369  0.06030384  0.05329512  0.03410644  0.02515917  0.03849486  0.04706611  0.03765738  0.05116015  0.09424003  
0.08412724  0.04245941  0.03246558  0.03704012  0.03234770  0.01929232  0.02696829  0.03849486  0.04162545  0.02288341  0.01893772  0.02471960  0.03612912  0.02463816  0.03765738  0.05963544  
0.09180815  0.05693893  0.03704012  0.05300603  0.03612912  0.02686017  0.03210502  0.05693893  0.04706611  0.03210502  0.02271292  0.03704012  0.04231041  0.03612912  0.04706611  0.09180815  
0.08412724  0.04162545  0.03234770  0.03612912  0.03246558  0.01893772  0.02696829  0.03765738  0.04245941  0.02288341  0.01929232  0.02463816  0.03704012  0.02471960  0.03849486  0.05963544  
0.04800497  0.02899705  0.01929232  0.02686017  0.01893772  0.01375029  0.01675452  0.02899705  0.02515917  0.01675452  0.01211249  0.01929232  0.02271292  0.01893772  0.02515917  0.04800497  
0.06916033  0.03613369  0.02696829  0.03210502  0.02696829  0.01675452  0.02295166  0.03410644  0.03613369  0.02069819  0.01675452  0.02288341  0.03210502  0.02288341  0.03410644  0.05627526  
0.09424003  0.06030384  0.03849486  0.05693893  0.03765738  0.02899705  0.03410644  0.06250534  0.05116015  0.03613369  0.02515917  0.04245941  0.04706611  0.04162545  0.05329512  0.10696159  
0.10696159  0.05329512  0.04162545  0.04706611  0.04245941  0.02515917  0.03613369  0.05116015  0.06250534  0.03410644  0.02899705  0.03765738  0.05693893  0.03849486  0.06030384  0.09424003  
0.05627526  0.03410644  0.02288341  0.03210502  0.02288341  0.01675452  0.02069819  0.03613369  0.03410644  0.02295166  0.01675452  0.02696829  0.03210502  0.02696829  0.03613369  0.06916033  
0.04800497  0.02515917  0.01893772  0.02271292  0.01929232  0.01211249  0.01675452  0.02515917  0.02899705  0.01675452  0.01375029  0.01893772  0.02686017  0.01929232  0.02899705  0.04800497  
0.05963544  0.03849486  0.02471960  0.03704012  0.02463816  0.01929232  0.02288341  0.04245941  0.03765738  0.02696829  0.01893772  0.03246558  0.03612912  0.03234770  0.04162545  0.08412724  
0.09180815  0.04706611  0.03612912  0.04231041  0.03704012  0.02271292  0.03210502  0.04706611  0.05693893  0.03210502  0.02686017  0.03612912  0.05300603  0.03704012  0.05693893  0.09180815  
0.05963544  0.03765738  0.02463816  0.03612912  0.02471960  0.01893772  0.02288341  0.04162545  0.03849486  0.02696829  0.01929232  0.03234770  0.03704012  0.03246558  0.04245941  0.08412724  
0.09424003  0.05116015  0.03765738  0.04706611  0.03849486  0.02515917  0.03410644  0.05329512  0.06030384  0.03613369  0.02899705  0.04162545  0.05693893  0.04245941  0.06250534  0.10696159  
0.14225216  0.09424003  0.05963544  0.09180815  0.05963544  0.04800497  0.05627526  0.10696159  0.09424003  0.06916033  0.04800497  0.08412724  0.09180815  0.08412724  0.10696159  0.22035019  
