0.00001973  0.00000891  0.00000731  0.00000995  0.00000731  0.00000703  0.00000867  0.00000867  0.00000891  0.00000949  0.00000703  0.00000721  0.00000995  0.00000721  0.00000867  0.00002108  
0.00000891  0.00000512  0.00000417  0.00000569  0.00000499  0.00000433  0.00000367  0.00000909  0.00000877  0.00000402  0.00000339  0.00000402  0.00000511  0.00000492  0.00000808  0.00000867  
0.00000731  0.00000417  0.00000494  0.00000389  0.00000616  0.00000264  0.00000306  0.00000402  0.00000499  0.00000356  0.00000278  0.00000458  0.00000465  0.00000589  0.00000492  0.00000721  
0.00000995  0.00000569  0.00000389  0.00000968  0.00000465  0.00000515  0.00000373  0.00000569  0.00000511  0.00000373  0.00000358  0.00000389  0.00000835  0.00000465  0.00000511  0.00000995  
0.00000731  0.00000499  0.00000616  0.00000465  0.00000494  0.00000278  0.00000306  0.00000492  0.00000417  0.00000356  0.00000264  0.00000589  0.00000389  0.00000458  0.00000402  0.00000721  
0.00000703  0.00000433  0.00000264  0.00000515  0.00000278  0.00000444  0.00000276  0.00000433  0.00000339  0.00000276  0.00000321  0.00000264  0.00000358  0.00000278  0.00000339  0.00000703  
0.00000867  0.00000367  0.00000306  0.00000373  0.00000306  0.00000276  0.00000614  0.00000402  0.00000367  0.00000479  0.00000276  0.00000356  0.00000373  0.00000356  0.00000402  0.00000949  
0.00000867  0.00000909  0.00000402  0.00000569  0.00000492  0.00000433  0.00000402  0.00000512  0.00000808  0.00000367  0.00000339  0.00000417  0.00000511  0.00000499  0.00000877  0.00000891  
0.00000891  0.00000877  0.00000499  0.00000511  0.00000417  0.00000339  0.00000367  0.00000808  0.00000512  0.00000402  0.00000433  0.00000492  0.00000569  0.00000402  0.00000909  0.00000867  
0.00000949  0.00000402  0.00000356  0.00000373  0.00000356  0.00000276  0.00000479  0.00000367  0.00000402  0.00000614  0.00000276  0.00000306  0.00000373  0.00000306  0.00000367  0.00000867  
0.00000703  0.00000339  0.00000278  0.00000358  0.00000264  0.00000321  0.00000276  0.00000339  0.00000433  0.00000276  0.00000444  0.00000278  0.00000515  0.00000264  0.00000433  0.00000703  
0.00000721  0.00000402  0.00000458  0.00000389  0.00000589  0.00000264  0.00000356  0.00000417  0.00000492  0.00000306  0.00000278  0.00000494  0.00000465  0.00000616  0.00000499  0.00000731  
0.00000995  0.00000511  0.00000465  0.00000835  0.00000389  0.00000358  0.00000373  0.00000511  0.00000569  0.00000373  0.00000515  0.00000465  0.00000968  0.00000389  0.00000569  0.00000995  
0.00000721  0.00000492  0.00000589  0.00000465  0.00000458  0.00000278  0.00000356  0.00000499  0.00000402  0.00000306  0.00000264  0.00000616  0.00000389  0.00000494  0.00000417  0.00000731  
0.00000867  0.00000808  0.00000492  0.00000511  0.00000402  0.00000339  0.00000402  0.00000877  0.00000909  0.00000367  0.00000433  0.00000499  0.00000569  0.00000417  0.00000512  0.00000891  
0.00002108  0.00000867  0.00000721  0.00000995  0.00000721  0.00000703  0.00000949  0.00000891  0.00000867  0.00000867  0.00000703  0.00000731  0.00000995  0.00000731  0.00000891  0.00001973  
