0.00000256  0.00000241  0.00000241  0.00000198  0.00000336  0.00000173  0.00000173  0.00000148  
0.00000241  0.00000127  0.00000198  0.00000089  0.00000131  0.00000126  0.00000109  0.00000173  
0.00000241  0.00000198  0.00000127  0.00000089  0.00000131  0.00000109  0.00000126  0.00000173  
0.00000198  0.00000089  0.00000089  0.00000212  0.00000161  0.00000131  0.00000131  0.00000336  
0.00000336  0.00000131  0.00000131  0.00000161  0.00000212  0.00000089  0.00000089  0.00000198  
0.00000173  0.00000126  0.00000109  0.00000131  0.00000089  0.00000127  0.00000198  0.00000241  
0.00000173  0.00000109  0.00000126  0.00000131  0.00000089  0.00000198  0.00000127  0.00000241  
0.00000148  0.00000173  0.00000173  0.00000336  0.00000198  0.00000241  0.00000241  0.00000256  
