0.10507173  0.07763277  0.07763277  0.07105510  0.07763277  0.07105878  0.05965272  0.06784425  0.07763277  0.05965272  0.07105878  0.06784425  0.07105510  0.06784425  0.06784425  0.08055467  
0.07763277  0.06052273  0.05886186  0.05693169  0.05886714  0.05693565  0.04647787  0.05593417  0.05844846  0.04744052  0.05497514  0.05553038  0.05497006  0.05553376  0.05400325  0.06784425  
0.07763277  0.05886186  0.06052273  0.05693169  0.05844846  0.05497514  0.04744052  0.05553038  0.05886714  0.04647787  0.05693565  0.05593417  0.05497006  0.05400325  0.05553376  0.06784425  
0.07105510  0.05693169  0.05693169  0.05672897  0.05497006  0.05473951  0.04594030  0.05693169  0.05497006  0.04594030  0.05473951  0.05693169  0.05282360  0.05497006  0.05497006  0.07105510  
0.07763277  0.05886714  0.05844846  0.05497006  0.06052273  0.05693565  0.04744052  0.05553376  0.05886186  0.04647787  0.05497514  0.05400325  0.05693169  0.05593417  0.05553038  0.06784425  
0.07105878  0.05693565  0.05497514  0.05473951  0.05693565  0.05673421  0.04594766  0.05693565  0.05497514  0.04594766  0.05284190  0.05497514  0.05473951  0.05693565  0.05497514  0.07105878  
0.05965272  0.04647787  0.04744052  0.04594030  0.04744052  0.04594766  0.03937417  0.04744052  0.04647787  0.03777403  0.04594766  0.04647787  0.04594030  0.04647787  0.04744052  0.05965272  
0.06784425  0.05593417  0.05553038  0.05693169  0.05553376  0.05693565  0.04744052  0.06052273  0.05400325  0.04647787  0.05497514  0.05886186  0.05497006  0.05886714  0.05844846  0.07763277  
0.07763277  0.05844846  0.05886714  0.05497006  0.05886186  0.05497514  0.04647787  0.05400325  0.06052273  0.04744052  0.05693565  0.05553376  0.05693169  0.05553038  0.05593417  0.06784425  
0.05965272  0.04744052  0.04647787  0.04594030  0.04647787  0.04594766  0.03777403  0.04647787  0.04744052  0.03937417  0.04594766  0.04744052  0.04594030  0.04744052  0.04647787  0.05965272  
0.07105878  0.05497514  0.05693565  0.05473951  0.05497514  0.05284190  0.04594766  0.05497514  0.05693565  0.04594766  0.05673421  0.05693565  0.05473951  0.05497514  0.05693565  0.07105878  
0.06784425  0.05553038  0.05593417  0.05693169  0.05400325  0.05497514  0.04647787  0.05886186  0.05553376  0.04744052  0.05693565  0.06052273  0.05497006  0.05844846  0.05886714  0.07763277  
0.07105510  0.05497006  0.05497006  0.05282360  0.05693169  0.05473951  0.04594030  0.05497006  0.05693169  0.04594030  0.05473951  0.05497006  0.05672897  0.05693169  0.05693169  0.07105510  
0.06784425  0.05553376  0.05400325  0.05497006  0.05593417  0.05693565  0.04647787  0.05886714  0.05553038  0.04744052  0.05497514  0.05844846  0.05693169  0.06052273  0.05886186  0.07763277  
0.06784425  0.05400325  0.05553376  0.05497006  0.05553038  0.05497514  0.04744052  0.05844846  0.05593417  0.04647787  0.05693565  0.05886714  0.05693169  0.05886186  0.06052273  0.07763277  
0.08055467  0.06784425  0.06784425  0.07105510  0.06784425  0.07105878  0.05965272  0.07763277  0.06784425  0.05965272  0.07105878  0.07763277  0.07105510  0.07763277  0.07763277  0.10507173  
