0.17984536  0.13778303  0.13778303  0.11406516  0.12474855  0.13064234  0.13064234  0.14813333  
0.13778303  0.11435182  0.10924602  0.09809453  0.09782438  0.11106139  0.10612422  0.13064234  
0.13778303  0.10924602  0.11435182  0.09809453  0.09782438  0.10612422  0.11106139  0.13064234  
0.11406516  0.09809453  0.09809453  0.09145099  0.08306171  0.09782438  0.09782438  0.12474855  
0.12474855  0.09782438  0.09782438  0.08306171  0.09145099  0.09809453  0.09809453  0.11406516  
0.13064234  0.11106139  0.10612422  0.09782438  0.09809453  0.11435182  0.10924602  0.13778303  
0.13064234  0.10612422  0.11106139  0.09782438  0.09809453  0.10924602  0.11435182  0.13778303  
0.14813333  0.13064234  0.13064234  0.12474855  0.11406516  0.13778303  0.13778303  0.17984536  
