0.00003840  0.00002302  0.00002302  0.00002192  0.00002409  0.00002014  0.00002014  0.00003444  
0.00002302  0.00001397  0.00002174  0.00001468  0.00001672  0.00002607  0.00001985  0.00002014  
0.00002302  0.00002174  0.00001397  0.00001468  0.00001672  0.00001985  0.00002607  0.00002014  
0.00002192  0.00001468  0.00001468  0.00002963  0.00002780  0.00001672  0.00001672  0.00002409  
0.00002409  0.00001672  0.00001672  0.00002780  0.00002963  0.00001468  0.00001468  0.00002192  
0.00002014  0.00002607  0.00001985  0.00001672  0.00001468  0.00001397  0.00002174  0.00002302  
0.00002014  0.00001985  0.00002607  0.00001672  0.00001468  0.00002174  0.00001397  0.00002302  
0.00003444  0.00002014  0.00002014  0.00002409  0.00002192  0.00002302  0.00002302  0.00003840  
