0.19223681  0.13820297  0.13820297  0.10994265  0.12481205  0.12755164  0.12755164  0.14521167  
0.13820297  0.11034596  0.10441254  0.09270067  0.09309905  0.10610109  0.10040099  0.12755164  
0.13820297  0.10441254  0.11034596  0.09270067  0.09309905  0.10040099  0.10610109  0.12755164  
0.10994265  0.09270067  0.09270067  0.08707128  0.07711356  0.09309905  0.09309905  0.12481205  
0.12481205  0.09309905  0.09309905  0.07711356  0.08707128  0.09270067  0.09270067  0.10994265  
0.12755164  0.10610109  0.10040099  0.09309905  0.09270067  0.11034596  0.10441254  0.13820297  
0.12755164  0.10040099  0.10610109  0.09309905  0.09270067  0.10441254  0.11034596  0.13820297  
0.14521167  0.12755164  0.12755164  0.12481205  0.10994265  0.13820297  0.13820297  0.19223681  
