0.00001817  0.00001109  0.00001109  0.00001622  0.00001523  0.00001287  0.00001287  0.00003117  
0.00001109  0.00000928  0.00001416  0.00000976  0.00000965  0.00001413  0.00001196  0.00001287  
0.00001109  0.00001416  0.00000928  0.00000976  0.00000965  0.00001196  0.00001413  0.00001287  
0.00001622  0.00000976  0.00000976  0.00001593  0.00001771  0.00000965  0.00000965  0.00001523  
0.00001523  0.00000965  0.00000965  0.00001771  0.00001593  0.00000976  0.00000976  0.00001622  
0.00001287  0.00001413  0.00001196  0.00000965  0.00000976  0.00000928  0.00001416  0.00001109  
0.00001287  0.00001196  0.00001413  0.00000965  0.00000976  0.00001416  0.00000928  0.00001109  
0.00003117  0.00001287  0.00001287  0.00001523  0.00001622  0.00001109  0.00001109  0.00001817  
