0.09143124  0.07416504  0.07416504  0.07253380  0.07416504  0.07254006  0.06129079  0.07224823  0.07416504  0.06129079  0.07254006  0.07224823  0.07253380  0.07224823  0.07224823  0.08673016  
0.07416504  0.06134636  0.06042586  0.06017391  0.06043289  0.06018010  0.05010855  0.06015812  0.06026931  0.05070390  0.05915214  0.05999250  0.05915194  0.05999272  0.05913420  0.07224823  
0.07416504  0.06042586  0.06134636  0.06017391  0.06026931  0.05915214  0.05070390  0.05999250  0.06043289  0.05010855  0.06018010  0.06015812  0.05915194  0.05913420  0.05999272  0.07224823  
0.07253380  0.06017391  0.06017391  0.06020917  0.05915194  0.05912150  0.04995163  0.06017391  0.05915194  0.04995163  0.05912150  0.06017391  0.05811386  0.05915194  0.05915194  0.07253380  
0.07416504  0.06043289  0.06026931  0.05915194  0.06134636  0.06018010  0.05070390  0.05999272  0.06042586  0.05010855  0.05915214  0.05913420  0.06017391  0.06015812  0.05999250  0.07224823  
0.07254006  0.06018010  0.05915214  0.05912150  0.06018010  0.06020766  0.04994465  0.06018010  0.05915214  0.04994465  0.05813342  0.05915214  0.05912150  0.06018010  0.05915214  0.07254006  
0.06129079  0.05010855  0.05070390  0.04995163  0.05070390  0.04994465  0.04276650  0.05070390  0.05010855  0.04171553  0.04994465  0.05010855  0.04995163  0.05010855  0.05070390  0.06129079  
0.07224823  0.06015812  0.05999250  0.06017391  0.05999272  0.06018010  0.05070390  0.06134636  0.05913420  0.05010855  0.05915214  0.06042586  0.05915194  0.06043289  0.06026931  0.07416504  
0.07416504  0.06026931  0.06043289  0.05915194  0.06042586  0.05915214  0.05010855  0.05913420  0.06134636  0.05070390  0.06018010  0.05999272  0.06017391  0.05999250  0.06015812  0.07224823  
0.06129079  0.05070390  0.05010855  0.04995163  0.05010855  0.04994465  0.04171553  0.05010855  0.05070390  0.04276650  0.04994465  0.05070390  0.04995163  0.05070390  0.05010855  0.06129079  
0.07254006  0.05915214  0.06018010  0.05912150  0.05915214  0.05813342  0.04994465  0.05915214  0.06018010  0.04994465  0.06020766  0.06018010  0.05912150  0.05915214  0.06018010  0.07254006  
0.07224823  0.05999250  0.06015812  0.06017391  0.05913420  0.05915214  0.05010855  0.06042586  0.05999272  0.05070390  0.06018010  0.06134636  0.05915194  0.06026931  0.06043289  0.07416504  
0.07253380  0.05915194  0.05915194  0.05811386  0.06017391  0.05912150  0.04995163  0.05915194  0.06017391  0.04995163  0.05912150  0.05915194  0.06020917  0.06017391  0.06017391  0.07253380  
0.07224823  0.05999272  0.05913420  0.05915194  0.06015812  0.06018010  0.05010855  0.06043289  0.05999250  0.05070390  0.05915214  0.06026931  0.06017391  0.06134636  0.06042586  0.07416504  
0.07224823  0.05913420  0.05999272  0.05915194  0.05999250  0.05915214  0.05070390  0.06026931  0.06015812  0.05010855  0.06018010  0.06043289  0.06017391  0.06042586  0.06134636  0.07416504  
0.08673016  0.07224823  0.07224823  0.07253380  0.07224823  0.07254006  0.06129079  0.07416504  0.07224823  0.06129079  0.07254006  0.07416504  0.07253380  0.07416504  0.07416504  0.09143124  
