0.00001461  0.00000624  0.00000624  0.00000768  0.00000624  0.00000651  0.00000564  0.00000612  0.00000624  0.00000564  0.00000651  0.00000612  0.00000768  0.00000612  0.00000612  0.00001676  
0.00000624  0.00000511  0.00000851  0.00000625  0.00000678  0.00000539  0.00000487  0.00000590  0.00000630  0.00000425  0.00000510  0.00000707  0.00000578  0.00000813  0.00000789  0.00000612  
0.00000624  0.00000851  0.00000511  0.00000625  0.00000630  0.00000510  0.00000425  0.00000707  0.00000678  0.00000487  0.00000539  0.00000590  0.00000578  0.00000789  0.00000813  0.00000612  
0.00000768  0.00000625  0.00000625  0.00001114  0.00000578  0.00000473  0.00000509  0.00000625  0.00000578  0.00000509  0.00000473  0.00000625  0.00001267  0.00000578  0.00000578  0.00000768  
0.00000624  0.00000678  0.00000630  0.00000578  0.00000511  0.00000539  0.00000425  0.00000813  0.00000851  0.00000487  0.00000510  0.00000789  0.00000625  0.00000590  0.00000707  0.00000612  
0.00000651  0.00000539  0.00000510  0.00000473  0.00000539  0.00001375  0.00000595  0.00000539  0.00000510  0.00000595  0.00001023  0.00000510  0.00000473  0.00000539  0.00000510  0.00000651  
0.00000564  0.00000487  0.00000425  0.00000509  0.00000425  0.00000595  0.00001021  0.00000425  0.00000487  0.00001201  0.00000595  0.00000487  0.00000509  0.00000487  0.00000425  0.00000564  
0.00000612  0.00000590  0.00000707  0.00000625  0.00000813  0.00000539  0.00000425  0.00000511  0.00000789  0.00000487  0.00000510  0.00000851  0.00000578  0.00000678  0.00000630  0.00000624  
0.00000624  0.00000630  0.00000678  0.00000578  0.00000851  0.00000510  0.00000487  0.00000789  0.00000511  0.00000425  0.00000539  0.00000813  0.00000625  0.00000707  0.00000590  0.00000612  
0.00000564  0.00000425  0.00000487  0.00000509  0.00000487  0.00000595  0.00001201  0.00000487  0.00000425  0.00001021  0.00000595  0.00000425  0.00000509  0.00000425  0.00000487  0.00000564  
0.00000651  0.00000510  0.00000539  0.00000473  0.00000510  0.00001023  0.00000595  0.00000510  0.00000539  0.00000595  0.00001375  0.00000539  0.00000473  0.00000510  0.00000539  0.00000651  
0.00000612  0.00000707  0.00000590  0.00000625  0.00000789  0.00000510  0.00000487  0.00000851  0.00000813  0.00000425  0.00000539  0.00000511  0.00000578  0.00000630  0.00000678  0.00000624  
0.00000768  0.00000578  0.00000578  0.00001267  0.00000625  0.00000473  0.00000509  0.00000578  0.00000625  0.00000509  0.00000473  0.00000578  0.00001114  0.00000625  0.00000625  0.00000768  
0.00000612  0.00000813  0.00000789  0.00000578  0.00000590  0.00000539  0.00000487  0.00000678  0.00000707  0.00000425  0.00000510  0.00000630  0.00000625  0.00000511  0.00000851  0.00000624  
0.00000612  0.00000789  0.00000813  0.00000578  0.00000707  0.00000510  0.00000425  0.00000630  0.00000590  0.00000487  0.00000539  0.00000678  0.00000625  0.00000851  0.00000511  0.00000624  
0.00001676  0.00000612  0.00000612  0.00000768  0.00000612  0.00000651  0.00000564  0.00000624  0.00000612  0.00000564  0.00000651  0.00000624  0.00000768  0.00000624  0.00000624  0.00001461  
