0.28966660  0.10518816  0.10518816  0.05340720  0.10518816  0.05341731  0.04046331  0.03215286  0.10518816  0.04046331  0.05341731  0.03215286  0.05340720  0.03215286  0.03215286  0.03668022  
0.10518816  0.04059271  0.03968372  0.02330300  0.03967143  0.02329700  0.01718669  0.01893306  0.03952904  0.01750762  0.02260372  0.01880596  0.02260325  0.01880128  0.01831534  0.03215286  
0.10518816  0.03968372  0.04059271  0.02330300  0.03952904  0.02260372  0.01750762  0.01880596  0.03967143  0.01718669  0.02329700  0.01893306  0.02260325  0.01831534  0.01880128  0.03215286  
0.05340720  0.02330300  0.02330300  0.01871624  0.02260325  0.01808304  0.01364080  0.02330300  0.02260325  0.01364080  0.01808304  0.02330300  0.01750106  0.02260325  0.02260325  0.05340720  
0.10518816  0.03967143  0.03952904  0.02260325  0.04059271  0.02329700  0.01750762  0.01880128  0.03968372  0.01718669  0.02260372  0.01831534  0.02330300  0.01893306  0.01880596  0.03215286  
0.05341731  0.02329700  0.02260372  0.01808304  0.02329700  0.01871107  0.01364163  0.02329700  0.02260372  0.01364163  0.01750649  0.02260372  0.01808304  0.02329700  0.02260372  0.05341731  
0.04046331  0.01718669  0.01750762  0.01364080  0.01750762  0.01364163  0.01053523  0.01750762  0.01718669  0.01011674  0.01364163  0.01718669  0.01364080  0.01718669  0.01750762  0.04046331  
0.03215286  0.01893306  0.01880596  0.02330300  0.01880128  0.02329700  0.01750762  0.04059271  0.01831534  0.01718669  0.02260372  0.03968372  0.02260325  0.03967143  0.03952904  0.10518816  
0.10518816  0.03952904  0.03967143  0.02260325  0.03968372  0.02260372  0.01718669  0.01831534  0.04059271  0.01750762  0.02329700  0.01880128  0.02330300  0.01880596  0.01893306  0.03215286  
0.04046331  0.01750762  0.01718669  0.01364080  0.01718669  0.01364163  0.01011674  0.01718669  0.01750762  0.01053523  0.01364163  0.01750762  0.01364080  0.01750762  0.01718669  0.04046331  
0.05341731  0.02260372  0.02329700  0.01808304  0.02260372  0.01750649  0.01364163  0.02260372  0.02329700  0.01364163  0.01871107  0.02329700  0.01808304  0.02260372  0.02329700  0.05341731  
0.03215286  0.01880596  0.01893306  0.02330300  0.01831534  0.02260372  0.01718669  0.03968372  0.01880128  0.01750762  0.02329700  0.04059271  0.02260325  0.03952904  0.03967143  0.10518816  
0.05340720  0.02260325  0.02260325  0.01750106  0.02330300  0.01808304  0.01364080  0.02260325  0.02330300  0.01364080  0.01808304  0.02260325  0.01871624  0.02330300  0.02330300  0.05340720  
0.03215286  0.01880128  0.01831534  0.02260325  0.01893306  0.02329700  0.01718669  0.03967143  0.01880596  0.01750762  0.02260372  0.03952904  0.02330300  0.04059271  0.03968372  0.10518816  
0.03215286  0.01831534  0.01880128  0.02260325  0.01880596  0.02260372  0.01750762  0.03952904  0.01893306  0.01718669  0.02329700  0.03967143  0.02330300  0.03968372  0.04059271  0.10518816  
0.03668022  0.03215286  0.03215286  0.05340720  0.03215286  0.05341731  0.04046331  0.10518816  0.03215286  0.04046331  0.05341731  0.10518816  0.05340720  0.10518816  0.10518816  0.28966660  
