0.00003329  0.00001316  0.00001316  0.00001156  0.00001316  0.00000927  0.00000861  0.00000723  0.00001316  0.00000861  0.00000927  0.00000723  0.00001156  0.00000723  0.00000723  0.00001720  
0.00001316  0.00000727  0.00000871  0.00000471  0.00000856  0.00000450  0.00000391  0.00000565  0.00000932  0.00000331  0.00000376  0.00000566  0.00000450  0.00000654  0.00000466  0.00000723  
0.00001316  0.00000871  0.00000727  0.00000471  0.00000932  0.00000376  0.00000331  0.00000566  0.00000856  0.00000391  0.00000450  0.00000565  0.00000450  0.00000466  0.00000654  0.00000723  
0.00001156  0.00000471  0.00000471  0.00001031  0.00000450  0.00000569  0.00000500  0.00000471  0.00000450  0.00000500  0.00000569  0.00000471  0.00000946  0.00000450  0.00000450  0.00001156  
0.00001316  0.00000856  0.00000932  0.00000450  0.00000727  0.00000450  0.00000331  0.00000654  0.00000871  0.00000391  0.00000376  0.00000466  0.00000471  0.00000565  0.00000566  0.00000723  
0.00000927  0.00000450  0.00000376  0.00000569  0.00000450  0.00001199  0.00000462  0.00000450  0.00000376  0.00000462  0.00000829  0.00000376  0.00000569  0.00000450  0.00000376  0.00000927  
0.00000861  0.00000391  0.00000331  0.00000500  0.00000331  0.00000462  0.00000726  0.00000331  0.00000391  0.00000660  0.00000462  0.00000391  0.00000500  0.00000391  0.00000331  0.00000861  
0.00000723  0.00000565  0.00000566  0.00000471  0.00000654  0.00000450  0.00000331  0.00000727  0.00000466  0.00000391  0.00000376  0.00000871  0.00000450  0.00000856  0.00000932  0.00001316  
0.00001316  0.00000932  0.00000856  0.00000450  0.00000871  0.00000376  0.00000391  0.00000466  0.00000727  0.00000331  0.00000450  0.00000654  0.00000471  0.00000566  0.00000565  0.00000723  
0.00000861  0.00000331  0.00000391  0.00000500  0.00000391  0.00000462  0.00000660  0.00000391  0.00000331  0.00000726  0.00000462  0.00000331  0.00000500  0.00000331  0.00000391  0.00000861  
0.00000927  0.00000376  0.00000450  0.00000569  0.00000376  0.00000829  0.00000462  0.00000376  0.00000450  0.00000462  0.00001199  0.00000450  0.00000569  0.00000376  0.00000450  0.00000927  
0.00000723  0.00000566  0.00000565  0.00000471  0.00000466  0.00000376  0.00000391  0.00000871  0.00000654  0.00000331  0.00000450  0.00000727  0.00000450  0.00000932  0.00000856  0.00001316  
0.00001156  0.00000450  0.00000450  0.00000946  0.00000471  0.00000569  0.00000500  0.00000450  0.00000471  0.00000500  0.00000569  0.00000450  0.00001031  0.00000471  0.00000471  0.00001156  
0.00000723  0.00000654  0.00000466  0.00000450  0.00000565  0.00000450  0.00000391  0.00000856  0.00000566  0.00000331  0.00000376  0.00000932  0.00000471  0.00000727  0.00000871  0.00001316  
0.00000723  0.00000466  0.00000654  0.00000450  0.00000566  0.00000376  0.00000331  0.00000932  0.00000565  0.00000391  0.00000450  0.00000856  0.00000471  0.00000871  0.00000727  0.00001316  
0.00001720  0.00000723  0.00000723  0.00001156  0.00000723  0.00000927  0.00000861  0.00001316  0.00000723  0.00000861  0.00000927  0.00001316  0.00001156  0.00001316  0.00001316  0.00003329  
