0.06983859  0.06586734  0.06586734  0.06569769  0.06586734  0.06569294  0.06226398  0.06563529  0.06586734  0.06226398  0.06569294  0.06563529  0.06569769  0.06563529  0.06563529  0.06929745  
0.06586734  0.06239909  0.06220243  0.06220544  0.06219339  0.06219840  0.05880364  0.06216829  0.06218445  0.05895556  0.06203723  0.06216727  0.06203212  0.06216143  0.06199698  0.06563529  
0.06586734  0.06220243  0.06239909  0.06220544  0.06218445  0.06203723  0.05895556  0.06216727  0.06219339  0.05880364  0.06219840  0.06216829  0.06203212  0.06199698  0.06216143  0.06563529  
0.06569769  0.06220544  0.06220544  0.06230103  0.06203212  0.06206464  0.05882752  0.06220544  0.06203212  0.05882752  0.06206464  0.06220544  0.06192053  0.06203212  0.06203212  0.06569769  
0.06586734  0.06219339  0.06218445  0.06203212  0.06239909  0.06219840  0.05895556  0.06216143  0.06220243  0.05880364  0.06203723  0.06199698  0.06220544  0.06216829  0.06216727  0.06563529  
0.06569294  0.06219840  0.06203723  0.06206464  0.06219840  0.06230990  0.05882676  0.06219840  0.06203723  0.05882676  0.06192078  0.06203723  0.06206464  0.06219840  0.06203723  0.06569294  
0.06226398  0.05880364  0.05895556  0.05882752  0.05895556  0.05882676  0.05595413  0.05895556  0.05880364  0.05562977  0.05882676  0.05880364  0.05882752  0.05880364  0.05895556  0.06226398  
0.06563529  0.06216829  0.06216727  0.06220544  0.06216143  0.06219840  0.05895556  0.06239909  0.06199698  0.05880364  0.06203723  0.06220243  0.06203212  0.06219339  0.06218445  0.06586734  
0.06586734  0.06218445  0.06219339  0.06203212  0.06220243  0.06203723  0.05880364  0.06199698  0.06239909  0.05895556  0.06219840  0.06216143  0.06220544  0.06216727  0.06216829  0.06563529  
0.06226398  0.05895556  0.05880364  0.05882752  0.05880364  0.05882676  0.05562977  0.05880364  0.05895556  0.05595413  0.05882676  0.05895556  0.05882752  0.05895556  0.05880364  0.06226398  
0.06569294  0.06203723  0.06219840  0.06206464  0.06203723  0.06192078  0.05882676  0.06203723  0.06219840  0.05882676  0.06230990  0.06219840  0.06206464  0.06203723  0.06219840  0.06569294  
0.06563529  0.06216727  0.06216829  0.06220544  0.06199698  0.06203723  0.05880364  0.06220243  0.06216143  0.05895556  0.06219840  0.06239909  0.06203212  0.06218445  0.06219339  0.06586734  
0.06569769  0.06203212  0.06203212  0.06192053  0.06220544  0.06206464  0.05882752  0.06203212  0.06220544  0.05882752  0.06206464  0.06203212  0.06230103  0.06220544  0.06220544  0.06569769  
0.06563529  0.06216143  0.06199698  0.06203212  0.06216829  0.06219840  0.05880364  0.06219339  0.06216727  0.05895556  0.06203723  0.06218445  0.06220544  0.06239909  0.06220243  0.06586734  
0.06563529  0.06199698  0.06216143  0.06203212  0.06216727  0.06203723  0.05895556  0.06218445  0.06216829  0.05880364  0.06219840  0.06219339  0.06220544  0.06220243  0.06239909  0.06586734  
0.06929745  0.06563529  0.06563529  0.06569769  0.06563529  0.06569294  0.06226398  0.06586734  0.06563529  0.06226398  0.06569294  0.06586734  0.06569769  0.06586734  0.06586734  0.06983859  
