0.00001390  0.00000637  0.00000637  0.00000471  0.00000637  0.00000701  0.00000692  0.00000798  0.00000637  0.00000692  0.00000701  0.00000798  0.00000471  0.00000798  0.00000798  0.00001265  
0.00000637  0.00000403  0.00000761  0.00000503  0.00000673  0.00000470  0.00000668  0.00000706  0.00000757  0.00000539  0.00000623  0.00000612  0.00000760  0.00000688  0.00000775  0.00000798  
0.00000637  0.00000761  0.00000403  0.00000503  0.00000757  0.00000623  0.00000539  0.00000612  0.00000673  0.00000668  0.00000470  0.00000706  0.00000760  0.00000775  0.00000688  0.00000798  
0.00000471  0.00000503  0.00000503  0.00001148  0.00000760  0.00000568  0.00000635  0.00000503  0.00000760  0.00000635  0.00000568  0.00000503  0.00001420  0.00000760  0.00000760  0.00000471  
0.00000637  0.00000673  0.00000757  0.00000760  0.00000403  0.00000470  0.00000539  0.00000688  0.00000761  0.00000668  0.00000623  0.00000775  0.00000503  0.00000706  0.00000612  0.00000798  
0.00000701  0.00000470  0.00000623  0.00000568  0.00000470  0.00000957  0.00000678  0.00000470  0.00000623  0.00000678  0.00001496  0.00000623  0.00000568  0.00000470  0.00000623  0.00000701  
0.00000692  0.00000668  0.00000539  0.00000635  0.00000539  0.00000678  0.00000999  0.00000539  0.00000668  0.00001085  0.00000678  0.00000668  0.00000635  0.00000668  0.00000539  0.00000692  
0.00000798  0.00000706  0.00000612  0.00000503  0.00000688  0.00000470  0.00000539  0.00000403  0.00000775  0.00000668  0.00000623  0.00000761  0.00000760  0.00000673  0.00000757  0.00000637  
0.00000637  0.00000757  0.00000673  0.00000760  0.00000761  0.00000623  0.00000668  0.00000775  0.00000403  0.00000539  0.00000470  0.00000688  0.00000503  0.00000612  0.00000706  0.00000798  
0.00000692  0.00000539  0.00000668  0.00000635  0.00000668  0.00000678  0.00001085  0.00000668  0.00000539  0.00000999  0.00000678  0.00000539  0.00000635  0.00000539  0.00000668  0.00000692  
0.00000701  0.00000623  0.00000470  0.00000568  0.00000623  0.00001496  0.00000678  0.00000623  0.00000470  0.00000678  0.00000957  0.00000470  0.00000568  0.00000623  0.00000470  0.00000701  
0.00000798  0.00000612  0.00000706  0.00000503  0.00000775  0.00000623  0.00000668  0.00000761  0.00000688  0.00000539  0.00000470  0.00000403  0.00000760  0.00000757  0.00000673  0.00000637  
0.00000471  0.00000760  0.00000760  0.00001420  0.00000503  0.00000568  0.00000635  0.00000760  0.00000503  0.00000635  0.00000568  0.00000760  0.00001148  0.00000503  0.00000503  0.00000471  
0.00000798  0.00000688  0.00000775  0.00000760  0.00000706  0.00000470  0.00000668  0.00000673  0.00000612  0.00000539  0.00000623  0.00000757  0.00000503  0.00000403  0.00000761  0.00000637  
0.00000798  0.00000775  0.00000688  0.00000760  0.00000612  0.00000623  0.00000539  0.00000757  0.00000706  0.00000668  0.00000470  0.00000673  0.00000503  0.00000761  0.00000403  0.00000637  
0.00001265  0.00000798  0.00000798  0.00000471  0.00000798  0.00000701  0.00000692  0.00000637  0.00000798  0.00000692  0.00000701  0.00000637  0.00000471  0.00000637  0.00000637  0.00001390  
