0.17255118  0.14165912  0.12319303  0.14128283  0.14165912  0.11967605  0.14128283  0.16672093  
0.14165912  0.11969200  0.10141167  0.11963516  0.11642387  0.10117845  0.11638490  0.14128283  
0.12319303  0.10141167  0.08806482  0.10117845  0.10141167  0.08587667  0.10117845  0.11967605  
0.14128283  0.11963516  0.10117845  0.11969200  0.11638490  0.10141167  0.11642387  0.14165912  
0.14165912  0.11642387  0.10141167  0.11638490  0.11969200  0.10117845  0.11963516  0.14128283  
0.11967605  0.10117845  0.08587667  0.10141167  0.10117845  0.08806482  0.10141167  0.12319303  
0.14128283  0.11638490  0.10117845  0.11642387  0.11963516  0.10141167  0.11969200  0.14165912  
0.16672093  0.14128283  0.11967605  0.14165912  0.14128283  0.12319303  0.14165912  0.17255118  
