0.00001370  0.00000942  0.00000810  0.00000902  0.00000942  0.00000926  0.00000902  0.00001682  
0.00000942  0.00000622  0.00000586  0.00000688  0.00000792  0.00000664  0.00000933  0.00000902  
0.00000810  0.00000586  0.00000993  0.00000664  0.00000586  0.00001145  0.00000664  0.00000926  
0.00000902  0.00000688  0.00000664  0.00000622  0.00000933  0.00000586  0.00000792  0.00000942  
0.00000942  0.00000792  0.00000586  0.00000933  0.00000622  0.00000664  0.00000688  0.00000902  
0.00000926  0.00000664  0.00001145  0.00000586  0.00000664  0.00000993  0.00000586  0.00000810  
0.00000902  0.00000933  0.00000664  0.00000792  0.00000688  0.00000586  0.00000622  0.00000942  
0.00001682  0.00000902  0.00000926  0.00000942  0.00000902  0.00000810  0.00000942  0.00001370  
