0.47608368  0.06085258  0.06085258  0.00804367  0.06052245  0.01054597  0.01054597  0.00364627  
0.06085258  0.00803698  0.00800475  0.00231974  0.00789758  0.00264882  0.00264011  0.01054597  
0.06085258  0.00800475  0.00803698  0.00231974  0.00789758  0.00264011  0.00264882  0.01054597  
0.00804367  0.00231974  0.00231974  0.00784236  0.00198477  0.00789758  0.00789758  0.06052245  
0.06052245  0.00789758  0.00789758  0.00198477  0.00784236  0.00231974  0.00231974  0.00804367  
0.01054597  0.00264882  0.00264011  0.00789758  0.00231974  0.00803698  0.00800475  0.06085258  
0.01054597  0.00264011  0.00264882  0.00789758  0.00231974  0.00800475  0.00803698  0.06085258  
0.00364627  0.01054597  0.01054597  0.06052245  0.00804367  0.06085258  0.06085258  0.47608368  
