0.00000516  0.00000582  0.00000582  0.00000232  0.00000586  0.00000178  0.00000178  0.00000171  
0.00000582  0.00000205  0.00000203  0.00000078  0.00000147  0.00000134  0.00000102  0.00000178  
0.00000582  0.00000203  0.00000205  0.00000078  0.00000147  0.00000102  0.00000134  0.00000178  
0.00000232  0.00000078  0.00000078  0.00000294  0.00000121  0.00000147  0.00000147  0.00000586  
0.00000586  0.00000147  0.00000147  0.00000121  0.00000294  0.00000078  0.00000078  0.00000232  
0.00000178  0.00000134  0.00000102  0.00000147  0.00000078  0.00000205  0.00000203  0.00000582  
0.00000178  0.00000102  0.00000134  0.00000147  0.00000078  0.00000203  0.00000205  0.00000582  
0.00000171  0.00000178  0.00000178  0.00000586  0.00000232  0.00000582  0.00000582  0.00000516  
