0.08776024  0.07290192  0.07290192  0.07165661  0.07290192  0.07166455  0.06148959  0.07146421  0.07290192  0.06148959  0.07166455  0.07146421  0.07165661  0.07146421  0.07146421  0.08431104  
0.07290192  0.06158791  0.06077437  0.06059577  0.06079356  0.06060178  0.05139888  0.06060351  0.06066232  0.05189221  0.05977092  0.06045709  0.05977803  0.06048897  0.05976068  0.07146421  
0.07290192  0.06077437  0.06158791  0.06059577  0.06066232  0.05977092  0.05189221  0.06045709  0.06079356  0.05139888  0.06060178  0.06060351  0.05977803  0.05976068  0.06048897  0.07146421  
0.07165661  0.06059577  0.06059577  0.06069283  0.05977803  0.05976894  0.05126236  0.06059577  0.05977803  0.05126236  0.05976894  0.06059577  0.05896970  0.05977803  0.05977803  0.07165661  
0.07290192  0.06079356  0.06066232  0.05977803  0.06158791  0.06060178  0.05189221  0.06048897  0.06077437  0.05139888  0.05977092  0.05976068  0.06059577  0.06060351  0.06045709  0.07146421  
0.07166455  0.06060178  0.05977092  0.05976894  0.06060178  0.06069857  0.05128880  0.06060178  0.05977092  0.05128880  0.05895446  0.05977092  0.05976894  0.06060178  0.05977092  0.07166455  
0.06148959  0.05139888  0.05189221  0.05126236  0.05189221  0.05128880  0.04449670  0.05189221  0.05139888  0.04358164  0.05128880  0.05139888  0.05126236  0.05139888  0.05189221  0.06148959  
0.07146421  0.06060351  0.06045709  0.06059577  0.06048897  0.06060178  0.05189221  0.06158791  0.05976068  0.05139888  0.05977092  0.06077437  0.05977803  0.06079356  0.06066232  0.07290192  
0.07290192  0.06066232  0.06079356  0.05977803  0.06077437  0.05977092  0.05139888  0.05976068  0.06158791  0.05189221  0.06060178  0.06048897  0.06059577  0.06045709  0.06060351  0.07146421  
0.06148959  0.05189221  0.05139888  0.05126236  0.05139888  0.05128880  0.04358164  0.05139888  0.05189221  0.04449670  0.05128880  0.05189221  0.05126236  0.05189221  0.05139888  0.06148959  
0.07166455  0.05977092  0.06060178  0.05976894  0.05977092  0.05895446  0.05128880  0.05977092  0.06060178  0.05128880  0.06069857  0.06060178  0.05976894  0.05977092  0.06060178  0.07166455  
0.07146421  0.06045709  0.06060351  0.06059577  0.05976068  0.05977092  0.05139888  0.06077437  0.06048897  0.05189221  0.06060178  0.06158791  0.05977803  0.06066232  0.06079356  0.07290192  
0.07165661  0.05977803  0.05977803  0.05896970  0.06059577  0.05976894  0.05126236  0.05977803  0.06059577  0.05126236  0.05976894  0.05977803  0.06069283  0.06059577  0.06059577  0.07165661  
0.07146421  0.06048897  0.05976068  0.05977803  0.06060351  0.06060178  0.05139888  0.06079356  0.06045709  0.05189221  0.05977092  0.06066232  0.06059577  0.06158791  0.06077437  0.07290192  
0.07146421  0.05976068  0.06048897  0.05977803  0.06045709  0.05977092  0.05189221  0.06066232  0.06060351  0.05139888  0.06060178  0.06079356  0.06059577  0.06077437  0.06158791  0.07290192  
0.08431104  0.07146421  0.07146421  0.07165661  0.07146421  0.07166455  0.06148959  0.07290192  0.07146421  0.06148959  0.07166455  0.07290192  0.07165661  0.07290192  0.07290192  0.08776024  
