0.00002457  0.00000837  0.00000837  0.00001222  0.00000837  0.00001352  0.00000923  0.00000963  0.00000837  0.00000923  0.00001352  0.00000963  0.00001222  0.00000963  0.00000963  0.00002532  
0.00000837  0.00000725  0.00000974  0.00000747  0.00001036  0.00000969  0.00000639  0.00001132  0.00001066  0.00000774  0.00000906  0.00001000  0.00001047  0.00001011  0.00000988  0.00000963  
0.00000837  0.00000974  0.00000725  0.00000747  0.00001066  0.00000906  0.00000774  0.00001000  0.00001036  0.00000639  0.00000969  0.00001132  0.00001047  0.00000988  0.00001011  0.00000963  
0.00001222  0.00000747  0.00000747  0.00001595  0.00001047  0.00000850  0.00000773  0.00000747  0.00001047  0.00000773  0.00000850  0.00000747  0.00002106  0.00001047  0.00001047  0.00001222  
0.00000837  0.00001036  0.00001066  0.00001047  0.00000725  0.00000969  0.00000774  0.00001011  0.00000974  0.00000639  0.00000906  0.00000988  0.00000747  0.00001132  0.00001000  0.00000963  
0.00001352  0.00000969  0.00000906  0.00000850  0.00000969  0.00001648  0.00000912  0.00000969  0.00000906  0.00000912  0.00002036  0.00000906  0.00000850  0.00000969  0.00000906  0.00001352  
0.00000923  0.00000639  0.00000774  0.00000773  0.00000774  0.00000912  0.00001509  0.00000774  0.00000639  0.00001533  0.00000912  0.00000639  0.00000773  0.00000639  0.00000774  0.00000923  
0.00000963  0.00001132  0.00001000  0.00000747  0.00001011  0.00000969  0.00000774  0.00000725  0.00000988  0.00000639  0.00000906  0.00000974  0.00001047  0.00001036  0.00001066  0.00000837  
0.00000837  0.00001066  0.00001036  0.00001047  0.00000974  0.00000906  0.00000639  0.00000988  0.00000725  0.00000774  0.00000969  0.00001011  0.00000747  0.00001000  0.00001132  0.00000963  
0.00000923  0.00000774  0.00000639  0.00000773  0.00000639  0.00000912  0.00001533  0.00000639  0.00000774  0.00001509  0.00000912  0.00000774  0.00000773  0.00000774  0.00000639  0.00000923  
0.00001352  0.00000906  0.00000969  0.00000850  0.00000906  0.00002036  0.00000912  0.00000906  0.00000969  0.00000912  0.00001648  0.00000969  0.00000850  0.00000906  0.00000969  0.00001352  
0.00000963  0.00001000  0.00001132  0.00000747  0.00000988  0.00000906  0.00000639  0.00000974  0.00001011  0.00000774  0.00000969  0.00000725  0.00001047  0.00001066  0.00001036  0.00000837  
0.00001222  0.00001047  0.00001047  0.00002106  0.00000747  0.00000850  0.00000773  0.00001047  0.00000747  0.00000773  0.00000850  0.00001047  0.00001595  0.00000747  0.00000747  0.00001222  
0.00000963  0.00001011  0.00000988  0.00001047  0.00001132  0.00000969  0.00000639  0.00001036  0.00001000  0.00000774  0.00000906  0.00001066  0.00000747  0.00000725  0.00000974  0.00000837  
0.00000963  0.00000988  0.00001011  0.00001047  0.00001000  0.00000906  0.00000774  0.00001066  0.00001132  0.00000639  0.00000969  0.00001036  0.00000747  0.00000974  0.00000725  0.00000837  
0.00002532  0.00000963  0.00000963  0.00001222  0.00000963  0.00001352  0.00000923  0.00000837  0.00000963  0.00000923  0.00001352  0.00000837  0.00001222  0.00000837  0.00000837  0.00002457  
