0.24809290  0.14577793  0.11639864  0.14008121  0.14577793  0.09879024  0.14008121  0.19656161  
0.14577793  0.09837840  0.07028337  0.09770786  0.08731635  0.06833703  0.08668141  0.14008121  
0.11639864  0.07028337  0.05515029  0.06833703  0.07028337  0.04907630  0.06833703  0.09879024  
0.14008121  0.09770786  0.06833703  0.09837840  0.08668141  0.07028337  0.08731635  0.14577793  
0.14577793  0.08731635  0.07028337  0.08668141  0.09837840  0.06833703  0.09770786  0.14008121  
0.09879024  0.06833703  0.04907630  0.07028337  0.06833703  0.05515029  0.07028337  0.11639864  
0.14008121  0.08668141  0.06833703  0.08731635  0.09770786  0.07028337  0.09837840  0.14577793  
0.19656161  0.14008121  0.09879024  0.14577793  0.14008121  0.11639864  0.14577793  0.24809290  
