0.00000815  0.00000574  0.00000673  0.00000705  0.00000574  0.00000552  0.00000705  0.00001561  
0.00000574  0.00000415  0.00000402  0.00000585  0.00000744  0.00000421  0.00000725  0.00000705  
0.00000673  0.00000402  0.00000495  0.00000421  0.00000402  0.00000635  0.00000421  0.00000552  
0.00000705  0.00000585  0.00000421  0.00000415  0.00000725  0.00000402  0.00000744  0.00000574  
0.00000574  0.00000744  0.00000402  0.00000725  0.00000415  0.00000421  0.00000585  0.00000705  
0.00000552  0.00000421  0.00000635  0.00000402  0.00000421  0.00000495  0.00000402  0.00000673  
0.00000705  0.00000725  0.00000421  0.00000744  0.00000585  0.00000402  0.00000415  0.00000574  
0.00001561  0.00000705  0.00000552  0.00000574  0.00000705  0.00000673  0.00000574  0.00000815  
