0.36841603  0.09834122  0.08995369  0.05272043  0.08995369  0.02672895  0.04595456  0.03803591  0.09834122  0.02845494  0.02672895  0.02061249  0.05272043  0.02061249  0.03803591  0.04907161  
0.09834122  0.03032162  0.02482792  0.01929591  0.02464745  0.00948707  0.01404460  0.01839339  0.02772249  0.01093491  0.00866058  0.01180876  0.01693944  0.01163567  0.01626937  0.03803591  
0.08995369  0.02482792  0.02224640  0.01421975  0.02221453  0.00717605  0.01184563  0.01180876  0.02464745  0.00799104  0.00711414  0.00714346  0.01404689  0.00712975  0.01163567  0.02061249  
0.05272043  0.01929591  0.01421975  0.01541562  0.01404689  0.00750831  0.00973222  0.01929591  0.01693944  0.00973222  0.00667725  0.01421975  0.01303251  0.01404689  0.01693944  0.05272043  
0.08995369  0.02464745  0.02221453  0.01404689  0.02224640  0.00711414  0.01184563  0.01163567  0.02482792  0.00799104  0.00717605  0.00712975  0.01421975  0.00714346  0.01180876  0.02061249  
0.02672895  0.00948707  0.00717605  0.00750831  0.00711414  0.00371130  0.00489363  0.00948707  0.00866058  0.00489363  0.00340751  0.00717605  0.00667725  0.00711414  0.00866058  0.02672895  
0.04595456  0.01404460  0.01184563  0.00973222  0.01184563  0.00489363  0.00732101  0.01093491  0.01404460  0.00621613  0.00489363  0.00799104  0.00973222  0.00799104  0.01093491  0.02845494  
0.03803591  0.01839339  0.01180876  0.01929591  0.01163567  0.00948707  0.01093491  0.03032162  0.01626937  0.01404460  0.00866058  0.02482792  0.01693944  0.02464745  0.02772249  0.09834122  
0.09834122  0.02772249  0.02464745  0.01693944  0.02482792  0.00866058  0.01404460  0.01626937  0.03032162  0.01093491  0.00948707  0.01163567  0.01929591  0.01180876  0.01839339  0.03803591  
0.02845494  0.01093491  0.00799104  0.00973222  0.00799104  0.00489363  0.00621613  0.01404460  0.01093491  0.00732101  0.00489363  0.01184563  0.00973222  0.01184563  0.01404460  0.04595456  
0.02672895  0.00866058  0.00711414  0.00667725  0.00717605  0.00340751  0.00489363  0.00866058  0.00948707  0.00489363  0.00371130  0.00711414  0.00750831  0.00717605  0.00948707  0.02672895  
0.02061249  0.01180876  0.00714346  0.01421975  0.00712975  0.00717605  0.00799104  0.02482792  0.01163567  0.01184563  0.00711414  0.02224640  0.01404689  0.02221453  0.02464745  0.08995369  
0.05272043  0.01693944  0.01404689  0.01303251  0.01421975  0.00667725  0.00973222  0.01693944  0.01929591  0.00973222  0.00750831  0.01404689  0.01541562  0.01421975  0.01929591  0.05272043  
0.02061249  0.01163567  0.00712975  0.01404689  0.00714346  0.00711414  0.00799104  0.02464745  0.01180876  0.01184563  0.00717605  0.02221453  0.01421975  0.02224640  0.02482792  0.08995369  
0.03803591  0.01626937  0.01163567  0.01693944  0.01180876  0.00866058  0.01093491  0.02772249  0.01839339  0.01404460  0.00948707  0.02464745  0.01929591  0.02482792  0.03032162  0.09834122  
0.04907161  0.03803591  0.02061249  0.05272043  0.02061249  0.02672895  0.02845494  0.09834122  0.03803591  0.04595456  0.02672895  0.08995369  0.05272043  0.08995369  0.09834122  0.36841603  
