0.00001031  0.00000774  0.00000691  0.00000437  0.00000691  0.00000374  0.00000537  0.00000549  0.00000774  0.00000597  0.00000374  0.00000306  0.00000437  0.00000306  0.00000549  0.00000959  
0.00000774  0.00000414  0.00000301  0.00000214  0.00000330  0.00000145  0.00000205  0.00000344  0.00000549  0.00000210  0.00000170  0.00000192  0.00000210  0.00000183  0.00000290  0.00000549  
0.00000691  0.00000301  0.00000240  0.00000179  0.00000309  0.00000102  0.00000123  0.00000192  0.00000330  0.00000160  0.00000134  0.00000151  0.00000178  0.00000193  0.00000183  0.00000306  
0.00000437  0.00000214  0.00000179  0.00000276  0.00000178  0.00000177  0.00000170  0.00000214  0.00000210  0.00000170  0.00000144  0.00000179  0.00000365  0.00000178  0.00000210  0.00000437  
0.00000691  0.00000330  0.00000309  0.00000178  0.00000240  0.00000134  0.00000123  0.00000183  0.00000301  0.00000160  0.00000102  0.00000193  0.00000179  0.00000151  0.00000192  0.00000306  
0.00000374  0.00000145  0.00000102  0.00000177  0.00000134  0.00000155  0.00000086  0.00000145  0.00000170  0.00000086  0.00000138  0.00000102  0.00000144  0.00000134  0.00000170  0.00000374  
0.00000537  0.00000205  0.00000123  0.00000170  0.00000123  0.00000086  0.00000249  0.00000210  0.00000205  0.00000256  0.00000086  0.00000160  0.00000170  0.00000160  0.00000210  0.00000597  
0.00000549  0.00000344  0.00000192  0.00000214  0.00000183  0.00000145  0.00000210  0.00000414  0.00000290  0.00000205  0.00000170  0.00000301  0.00000210  0.00000330  0.00000549  0.00000774  
0.00000774  0.00000549  0.00000330  0.00000210  0.00000301  0.00000170  0.00000205  0.00000290  0.00000414  0.00000210  0.00000145  0.00000183  0.00000214  0.00000192  0.00000344  0.00000549  
0.00000597  0.00000210  0.00000160  0.00000170  0.00000160  0.00000086  0.00000256  0.00000205  0.00000210  0.00000249  0.00000086  0.00000123  0.00000170  0.00000123  0.00000205  0.00000537  
0.00000374  0.00000170  0.00000134  0.00000144  0.00000102  0.00000138  0.00000086  0.00000170  0.00000145  0.00000086  0.00000155  0.00000134  0.00000177  0.00000102  0.00000145  0.00000374  
0.00000306  0.00000192  0.00000151  0.00000179  0.00000193  0.00000102  0.00000160  0.00000301  0.00000183  0.00000123  0.00000134  0.00000240  0.00000178  0.00000309  0.00000330  0.00000691  
0.00000437  0.00000210  0.00000178  0.00000365  0.00000179  0.00000144  0.00000170  0.00000210  0.00000214  0.00000170  0.00000177  0.00000178  0.00000276  0.00000179  0.00000214  0.00000437  
0.00000306  0.00000183  0.00000193  0.00000178  0.00000151  0.00000134  0.00000160  0.00000330  0.00000192  0.00000123  0.00000102  0.00000309  0.00000179  0.00000240  0.00000301  0.00000691  
0.00000549  0.00000290  0.00000183  0.00000210  0.00000192  0.00000170  0.00000210  0.00000549  0.00000344  0.00000205  0.00000145  0.00000330  0.00000214  0.00000301  0.00000414  0.00000774  
0.00000959  0.00000549  0.00000306  0.00000437  0.00000306  0.00000374  0.00000597  0.00000774  0.00000549  0.00000537  0.00000374  0.00000691  0.00000437  0.00000691  0.00000774  0.00001031  
