0.16603137  0.13451971  0.13451971  0.11506285  0.12470012  0.12640334  0.12640334  0.13558233  
0.13451971  0.11730807  0.11268702  0.10392888  0.10407366  0.11375206  0.10925211  0.12640334  
0.13451971  0.11268702  0.11730807  0.10392888  0.10407366  0.10925211  0.11375206  0.12640334  
0.11506285  0.10392888  0.10392888  0.09935250  0.09185132  0.10407366  0.10407366  0.12470012  
0.12470012  0.10407366  0.10407366  0.09185132  0.09935250  0.10392888  0.10392888  0.11506285  
0.12640334  0.11375206  0.10925211  0.10407366  0.10392888  0.11730807  0.11268702  0.13451971  
0.12640334  0.10925211  0.11375206  0.10407366  0.10392888  0.11268702  0.11730807  0.13451971  
0.13558233  0.12640334  0.12640334  0.12470012  0.11506285  0.13451971  0.13451971  0.16603137  
