0.00000385  0.00000327  0.00000327  0.00000362  0.00000322  0.00000315  0.00000315  0.00000468  
0.00000327  0.00000236  0.00000376  0.00000200  0.00000218  0.00000306  0.00000282  0.00000315  
0.00000327  0.00000376  0.00000236  0.00000200  0.00000218  0.00000282  0.00000306  0.00000315  
0.00000362  0.00000200  0.00000200  0.00000381  0.00000414  0.00000218  0.00000218  0.00000322  
0.00000322  0.00000218  0.00000218  0.00000414  0.00000381  0.00000200  0.00000200  0.00000362  
0.00000315  0.00000306  0.00000282  0.00000218  0.00000200  0.00000236  0.00000376  0.00000327  
0.00000315  0.00000282  0.00000306  0.00000218  0.00000200  0.00000376  0.00000236  0.00000327  
0.00000468  0.00000315  0.00000315  0.00000322  0.00000362  0.00000327  0.00000327  0.00000385  
