0.26232567  0.14427185  0.11489450  0.13654750  0.14427185  0.09390900  0.13654750  0.19546754  
0.14427185  0.09334128  0.06544062  0.09239881  0.08156482  0.06303533  0.08065258  0.13654750  
0.11489450  0.06544062  0.05099176  0.06303533  0.06544062  0.04435221  0.06303533  0.09390900  
0.13654750  0.09239881  0.06303533  0.09334128  0.08065258  0.06544062  0.08156482  0.14427185  
0.14427185  0.08156482  0.06544062  0.08065258  0.09334128  0.06303533  0.09239881  0.13654750  
0.09390900  0.06303533  0.04435221  0.06544062  0.06303533  0.05099176  0.06544062  0.11489450  
0.13654750  0.08065258  0.06303533  0.08156482  0.09239881  0.06544062  0.09334128  0.14427185  
0.19546754  0.13654750  0.09390900  0.14427185  0.13654750  0.11489450  0.14427185  0.26232567  
