0.00000879  0.00000480  0.00000526  0.00000561  0.00000480  0.00000482  0.00000561  0.00001325  
0.00000480  0.00000374  0.00000328  0.00000497  0.00000396  0.00000318  0.00000489  0.00000561  
0.00000526  0.00000328  0.00000414  0.00000318  0.00000328  0.00000488  0.00000318  0.00000482  
0.00000561  0.00000497  0.00000318  0.00000374  0.00000489  0.00000328  0.00000396  0.00000480  
0.00000480  0.00000396  0.00000328  0.00000489  0.00000374  0.00000318  0.00000497  0.00000561  
0.00000482  0.00000318  0.00000488  0.00000328  0.00000318  0.00000414  0.00000328  0.00000526  
0.00000561  0.00000489  0.00000318  0.00000396  0.00000497  0.00000328  0.00000374  0.00000480  
0.00001325  0.00000561  0.00000482  0.00000480  0.00000561  0.00000526  0.00000480  0.00000879  
