0.09117641  0.07349022  0.07349022  0.07083291  0.07349022  0.07082831  0.06043124  0.06955104  0.07349022  0.06043124  0.07082831  0.06955104  0.07083291  0.06955104  0.06955104  0.08160970  
0.07349022  0.06138565  0.05983555  0.05960445  0.05982562  0.05960437  0.04960510  0.05906721  0.05951213  0.05058052  0.05783607  0.05877059  0.05784348  0.05874969  0.05730325  0.06955104  
0.07349022  0.05983555  0.06138565  0.05960445  0.05951213  0.05783607  0.05058052  0.05877059  0.05982562  0.04960510  0.05960437  0.05906721  0.05784348  0.05730325  0.05874969  0.06955104  
0.07083291  0.05960445  0.05960445  0.06000401  0.05784348  0.05816176  0.04962021  0.05960445  0.05784348  0.04962021  0.05816176  0.05960445  0.05643127  0.05784348  0.05784348  0.07083291  
0.07349022  0.05982562  0.05951213  0.05784348  0.06138565  0.05960437  0.05058052  0.05874969  0.05983555  0.04960510  0.05783607  0.05730325  0.05960445  0.05906721  0.05877059  0.06955104  
0.07082831  0.05960437  0.05783607  0.05816176  0.05960437  0.06003309  0.04961035  0.05960437  0.05783607  0.04961035  0.05640514  0.05783607  0.05816176  0.05960437  0.05783607  0.07082831  
0.06043124  0.04960510  0.05058052  0.04962021  0.05058052  0.04961035  0.04324389  0.05058052  0.04960510  0.04155078  0.04961035  0.04960510  0.04962021  0.04960510  0.05058052  0.06043124  
0.06955104  0.05906721  0.05877059  0.05960445  0.05874969  0.05960437  0.05058052  0.06138565  0.05730325  0.04960510  0.05783607  0.05983555  0.05784348  0.05982562  0.05951213  0.07349022  
0.07349022  0.05951213  0.05982562  0.05784348  0.05983555  0.05783607  0.04960510  0.05730325  0.06138565  0.05058052  0.05960437  0.05874969  0.05960445  0.05877059  0.05906721  0.06955104  
0.06043124  0.05058052  0.04960510  0.04962021  0.04960510  0.04961035  0.04155078  0.04960510  0.05058052  0.04324389  0.04961035  0.05058052  0.04962021  0.05058052  0.04960510  0.06043124  
0.07082831  0.05783607  0.05960437  0.05816176  0.05783607  0.05640514  0.04961035  0.05783607  0.05960437  0.04961035  0.06003309  0.05960437  0.05816176  0.05783607  0.05960437  0.07082831  
0.06955104  0.05877059  0.05906721  0.05960445  0.05730325  0.05783607  0.04960510  0.05983555  0.05874969  0.05058052  0.05960437  0.06138565  0.05784348  0.05951213  0.05982562  0.07349022  
0.07083291  0.05784348  0.05784348  0.05643127  0.05960445  0.05816176  0.04962021  0.05784348  0.05960445  0.04962021  0.05816176  0.05784348  0.06000401  0.05960445  0.05960445  0.07083291  
0.06955104  0.05874969  0.05730325  0.05784348  0.05906721  0.05960437  0.04960510  0.05982562  0.05877059  0.05058052  0.05783607  0.05951213  0.05960445  0.06138565  0.05983555  0.07349022  
0.06955104  0.05730325  0.05874969  0.05784348  0.05877059  0.05783607  0.05058052  0.05951213  0.05906721  0.04960510  0.05960437  0.05982562  0.05960445  0.05983555  0.06138565  0.07349022  
0.08160970  0.06955104  0.06955104  0.07083291  0.06955104  0.07082831  0.06043124  0.07349022  0.06955104  0.06043124  0.07082831  0.07349022  0.07083291  0.07349022  0.07349022  0.09117641  
