0.00002020  0.00000871  0.00000871  0.00001101  0.00000871  0.00001124  0.00000974  0.00000862  0.00000871  0.00000974  0.00001124  0.00000862  0.00001101  0.00000862  0.00000862  0.00002357  
0.00000871  0.00000640  0.00001093  0.00000918  0.00001155  0.00000778  0.00000746  0.00001109  0.00001347  0.00000802  0.00000917  0.00001354  0.00000930  0.00001123  0.00001089  0.00000862  
0.00000871  0.00001093  0.00000640  0.00000918  0.00001347  0.00000917  0.00000802  0.00001354  0.00001155  0.00000746  0.00000778  0.00001109  0.00000930  0.00001089  0.00001123  0.00000862  
0.00001101  0.00000918  0.00000918  0.00001913  0.00000930  0.00000847  0.00000799  0.00000918  0.00000930  0.00000799  0.00000847  0.00000918  0.00001728  0.00000930  0.00000930  0.00001101  
0.00000871  0.00001155  0.00001347  0.00000930  0.00000640  0.00000778  0.00000802  0.00001123  0.00001093  0.00000746  0.00000917  0.00001089  0.00000918  0.00001109  0.00001354  0.00000862  
0.00001124  0.00000778  0.00000917  0.00000847  0.00000778  0.00001736  0.00000875  0.00000778  0.00000917  0.00000875  0.00001868  0.00000917  0.00000847  0.00000778  0.00000917  0.00001124  
0.00000974  0.00000746  0.00000802  0.00000799  0.00000802  0.00000875  0.00001490  0.00000802  0.00000746  0.00001580  0.00000875  0.00000746  0.00000799  0.00000746  0.00000802  0.00000974  
0.00000862  0.00001109  0.00001354  0.00000918  0.00001123  0.00000778  0.00000802  0.00000640  0.00001089  0.00000746  0.00000917  0.00001093  0.00000930  0.00001155  0.00001347  0.00000871  
0.00000871  0.00001347  0.00001155  0.00000930  0.00001093  0.00000917  0.00000746  0.00001089  0.00000640  0.00000802  0.00000778  0.00001123  0.00000918  0.00001354  0.00001109  0.00000862  
0.00000974  0.00000802  0.00000746  0.00000799  0.00000746  0.00000875  0.00001580  0.00000746  0.00000802  0.00001490  0.00000875  0.00000802  0.00000799  0.00000802  0.00000746  0.00000974  
0.00001124  0.00000917  0.00000778  0.00000847  0.00000917  0.00001868  0.00000875  0.00000917  0.00000778  0.00000875  0.00001736  0.00000778  0.00000847  0.00000917  0.00000778  0.00001124  
0.00000862  0.00001354  0.00001109  0.00000918  0.00001089  0.00000917  0.00000746  0.00001093  0.00001123  0.00000802  0.00000778  0.00000640  0.00000930  0.00001347  0.00001155  0.00000871  
0.00001101  0.00000930  0.00000930  0.00001728  0.00000918  0.00000847  0.00000799  0.00000930  0.00000918  0.00000799  0.00000847  0.00000930  0.00001913  0.00000918  0.00000918  0.00001101  
0.00000862  0.00001123  0.00001089  0.00000930  0.00001109  0.00000778  0.00000746  0.00001155  0.00001354  0.00000802  0.00000917  0.00001347  0.00000918  0.00000640  0.00001093  0.00000871  
0.00000862  0.00001089  0.00001123  0.00000930  0.00001354  0.00000917  0.00000802  0.00001347  0.00001109  0.00000746  0.00000778  0.00001155  0.00000918  0.00001093  0.00000640  0.00000871  
0.00002357  0.00000862  0.00000862  0.00001101  0.00000862  0.00001124  0.00000974  0.00000871  0.00000862  0.00000974  0.00001124  0.00000871  0.00001101  0.00000871  0.00000871  0.00002020  
