0.13012611  0.09354196  0.07611830  0.09025267  0.07611830  0.05824094  0.07283328  0.09234843  0.09354196  0.06827568  0.05824094  0.07039603  0.09025267  0.07039603  0.09234843  0.11889894  
0.09354196  0.07178727  0.05518035  0.06986020  0.05483881  0.04479449  0.05294345  0.07162997  0.06733965  0.05245482  0.04227696  0.05457105  0.06510356  0.05423055  0.06721331  0.09234843  
0.07611830  0.05518035  0.04460649  0.05330420  0.04456041  0.03437396  0.04268518  0.05457105  0.05483881  0.04035562  0.03418046  0.04166300  0.05293632  0.04163200  0.05423055  0.07039603  
0.09025267  0.06986020  0.05330420  0.06812630  0.05293632  0.04363289  0.05117268  0.06986020  0.06510356  0.05117268  0.04092986  0.05330420  0.06298366  0.05293632  0.06510356  0.09025267  
0.07611830  0.05483881  0.04456041  0.05293632  0.04460649  0.03418046  0.04268518  0.05423055  0.05518035  0.04035562  0.03437396  0.04163200  0.05330420  0.04166300  0.05457105  0.07039603  
0.05824094  0.04479449  0.03437396  0.04363289  0.03418046  0.02801361  0.03301853  0.04479449  0.04227696  0.03301853  0.02656323  0.03437396  0.04092986  0.03418046  0.04227696  0.05824094  
0.07283328  0.05294345  0.04268518  0.05117268  0.04268518  0.03301853  0.04094647  0.05245482  0.05294345  0.03905953  0.03301853  0.04035562  0.05117268  0.04035562  0.05245482  0.06827568  
0.09234843  0.07162997  0.05457105  0.06986020  0.05423055  0.04479449  0.05245482  0.07178727  0.06721331  0.05294345  0.04227696  0.05518035  0.06510356  0.05483881  0.06733965  0.09354196  
0.09354196  0.06733965  0.05483881  0.06510356  0.05518035  0.04227696  0.05294345  0.06721331  0.07178727  0.05245482  0.04479449  0.05423055  0.06986020  0.05457105  0.07162997  0.09234843  
0.06827568  0.05245482  0.04035562  0.05117268  0.04035562  0.03301853  0.03905953  0.05294345  0.05245482  0.04094647  0.03301853  0.04268518  0.05117268  0.04268518  0.05294345  0.07283328  
0.05824094  0.04227696  0.03418046  0.04092986  0.03437396  0.02656323  0.03301853  0.04227696  0.04479449  0.03301853  0.02801361  0.03418046  0.04363289  0.03437396  0.04479449  0.05824094  
0.07039603  0.05457105  0.04166300  0.05330420  0.04163200  0.03437396  0.04035562  0.05518035  0.05423055  0.04268518  0.03418046  0.04460649  0.05293632  0.04456041  0.05483881  0.07611830  
0.09025267  0.06510356  0.05293632  0.06298366  0.05330420  0.04092986  0.05117268  0.06510356  0.06986020  0.05117268  0.04363289  0.05293632  0.06812630  0.05330420  0.06986020  0.09025267  
0.07039603  0.05423055  0.04163200  0.05293632  0.04166300  0.03418046  0.04035562  0.05483881  0.05457105  0.04268518  0.03437396  0.04456041  0.05330420  0.04460649  0.05518035  0.07611830  
0.09234843  0.06721331  0.05423055  0.06510356  0.05457105  0.04227696  0.05245482  0.06733965  0.07162997  0.05294345  0.04479449  0.05483881  0.06986020  0.05518035  0.07178727  0.09354196  
0.11889894  0.09234843  0.07039603  0.09025267  0.07039603  0.05824094  0.06827568  0.09354196  0.09234843  0.07283328  0.05824094  0.07611830  0.09025267  0.07611830  0.09354196  0.13012611  
