0.00000762  0.00000347  0.00000260  0.00000334  0.00000260  0.00000296  0.00000310  0.00000351  0.00000347  0.00000372  0.00000296  0.00000343  0.00000334  0.00000343  0.00000351  0.00000520  
0.00000347  0.00000332  0.00000236  0.00000270  0.00000242  0.00000214  0.00000189  0.00000392  0.00000428  0.00000260  0.00000246  0.00000228  0.00000304  0.00000240  0.00000384  0.00000351  
0.00000260  0.00000236  0.00000213  0.00000215  0.00000280  0.00000207  0.00000211  0.00000228  0.00000242  0.00000157  0.00000171  0.00000278  0.00000241  0.00000300  0.00000240  0.00000343  
0.00000334  0.00000270  0.00000215  0.00000515  0.00000241  0.00000307  0.00000222  0.00000270  0.00000304  0.00000222  0.00000315  0.00000215  0.00000433  0.00000241  0.00000304  0.00000334  
0.00000260  0.00000242  0.00000280  0.00000241  0.00000213  0.00000171  0.00000211  0.00000240  0.00000236  0.00000157  0.00000207  0.00000300  0.00000215  0.00000278  0.00000228  0.00000343  
0.00000296  0.00000214  0.00000207  0.00000307  0.00000171  0.00000270  0.00000146  0.00000214  0.00000246  0.00000146  0.00000292  0.00000207  0.00000315  0.00000171  0.00000246  0.00000296  
0.00000310  0.00000189  0.00000211  0.00000222  0.00000211  0.00000146  0.00000381  0.00000260  0.00000189  0.00000298  0.00000146  0.00000157  0.00000222  0.00000157  0.00000260  0.00000372  
0.00000351  0.00000392  0.00000228  0.00000270  0.00000240  0.00000214  0.00000260  0.00000332  0.00000384  0.00000189  0.00000246  0.00000236  0.00000304  0.00000242  0.00000428  0.00000347  
0.00000347  0.00000428  0.00000242  0.00000304  0.00000236  0.00000246  0.00000189  0.00000384  0.00000332  0.00000260  0.00000214  0.00000240  0.00000270  0.00000228  0.00000392  0.00000351  
0.00000372  0.00000260  0.00000157  0.00000222  0.00000157  0.00000146  0.00000298  0.00000189  0.00000260  0.00000381  0.00000146  0.00000211  0.00000222  0.00000211  0.00000189  0.00000310  
0.00000296  0.00000246  0.00000171  0.00000315  0.00000207  0.00000292  0.00000146  0.00000246  0.00000214  0.00000146  0.00000270  0.00000171  0.00000307  0.00000207  0.00000214  0.00000296  
0.00000343  0.00000228  0.00000278  0.00000215  0.00000300  0.00000207  0.00000157  0.00000236  0.00000240  0.00000211  0.00000171  0.00000213  0.00000241  0.00000280  0.00000242  0.00000260  
0.00000334  0.00000304  0.00000241  0.00000433  0.00000215  0.00000315  0.00000222  0.00000304  0.00000270  0.00000222  0.00000307  0.00000241  0.00000515  0.00000215  0.00000270  0.00000334  
0.00000343  0.00000240  0.00000300  0.00000241  0.00000278  0.00000171  0.00000157  0.00000242  0.00000228  0.00000211  0.00000207  0.00000280  0.00000215  0.00000213  0.00000236  0.00000260  
0.00000351  0.00000384  0.00000240  0.00000304  0.00000228  0.00000246  0.00000260  0.00000428  0.00000392  0.00000189  0.00000214  0.00000242  0.00000270  0.00000236  0.00000332  0.00000347  
0.00000520  0.00000351  0.00000343  0.00000334  0.00000343  0.00000296  0.00000372  0.00000347  0.00000351  0.00000310  0.00000296  0.00000260  0.00000334  0.00000260  0.00000347  0.00000762  
