0.36996090  0.09997213  0.09997213  0.03669767  0.09997213  0.03669423  0.02774375  0.01550628  0.09997213  0.02774375  0.03669423  0.01550628  0.03669767  0.01550628  0.01550628  0.01455753  
0.09997213  0.02781905  0.02742423  0.01124731  0.02742518  0.01124184  0.00836523  0.00744522  0.02739317  0.00847041  0.01105592  0.00742384  0.01105628  0.00742165  0.00730612  0.01550628  
0.09997213  0.02742423  0.02781905  0.01124731  0.02739317  0.01105592  0.00847041  0.00742384  0.02742518  0.00836523  0.01124184  0.00744522  0.01105628  0.00730612  0.00742165  0.01550628  
0.03669767  0.01124731  0.01124731  0.00732056  0.01105628  0.00715331  0.00539574  0.01124731  0.01105628  0.00539574  0.00715331  0.01124731  0.00702336  0.01105628  0.01105628  0.03669767  
0.09997213  0.02742518  0.02739317  0.01105628  0.02781905  0.01124184  0.00847041  0.00742165  0.02742423  0.00836523  0.01105592  0.00730612  0.01124731  0.00744522  0.00742384  0.01550628  
0.03669423  0.01124184  0.01105592  0.00715331  0.01124184  0.00730944  0.00539301  0.01124184  0.01105592  0.00539301  0.00702235  0.01105592  0.00715331  0.01124184  0.01105592  0.03669423  
0.02774375  0.00836523  0.00847041  0.00539574  0.00847041  0.00539301  0.00413290  0.00847041  0.00836523  0.00402232  0.00539301  0.00836523  0.00539574  0.00836523  0.00847041  0.02774375  
0.01550628  0.00744522  0.00742384  0.01124731  0.00742165  0.01124184  0.00847041  0.02781905  0.00730612  0.00836523  0.01105592  0.02742423  0.01105628  0.02742518  0.02739317  0.09997213  
0.09997213  0.02739317  0.02742518  0.01105628  0.02742423  0.01105592  0.00836523  0.00730612  0.02781905  0.00847041  0.01124184  0.00742165  0.01124731  0.00742384  0.00744522  0.01550628  
0.02774375  0.00847041  0.00836523  0.00539574  0.00836523  0.00539301  0.00402232  0.00836523  0.00847041  0.00413290  0.00539301  0.00847041  0.00539574  0.00847041  0.00836523  0.02774375  
0.03669423  0.01105592  0.01124184  0.00715331  0.01105592  0.00702235  0.00539301  0.01105592  0.01124184  0.00539301  0.00730944  0.01124184  0.00715331  0.01105592  0.01124184  0.03669423  
0.01550628  0.00742384  0.00744522  0.01124731  0.00730612  0.01105592  0.00836523  0.02742423  0.00742165  0.00847041  0.01124184  0.02781905  0.01105628  0.02739317  0.02742518  0.09997213  
0.03669767  0.01105628  0.01105628  0.00702336  0.01124731  0.00715331  0.00539574  0.01105628  0.01124731  0.00539574  0.00715331  0.01105628  0.00732056  0.01124731  0.01124731  0.03669767  
0.01550628  0.00742165  0.00730612  0.01105628  0.00744522  0.01124184  0.00836523  0.02742518  0.00742384  0.00847041  0.01105592  0.02739317  0.01124731  0.02781905  0.02742423  0.09997213  
0.01550628  0.00730612  0.00742165  0.01105628  0.00742384  0.01105592  0.00847041  0.02739317  0.00744522  0.00836523  0.01124184  0.02742518  0.01124731  0.02742423  0.02781905  0.09997213  
0.01455753  0.01550628  0.01550628  0.03669767  0.01550628  0.03669423  0.02774375  0.09997213  0.01550628  0.02774375  0.03669423  0.09997213  0.03669767  0.09997213  0.09997213  0.36996090  
