0.00001936  0.00001116  0.00001116  0.00000782  0.00001116  0.00000714  0.00000552  0.00000433  0.00001116  0.00000552  0.00000714  0.00000433  0.00000782  0.00000433  0.00000433  0.00000818  
0.00001116  0.00000411  0.00000587  0.00000252  0.00000599  0.00000258  0.00000212  0.00000240  0.00000606  0.00000186  0.00000241  0.00000269  0.00000227  0.00000210  0.00000227  0.00000433  
0.00001116  0.00000587  0.00000411  0.00000252  0.00000606  0.00000241  0.00000186  0.00000269  0.00000599  0.00000212  0.00000258  0.00000240  0.00000227  0.00000227  0.00000210  0.00000433  
0.00000782  0.00000252  0.00000252  0.00000471  0.00000227  0.00000228  0.00000207  0.00000252  0.00000227  0.00000207  0.00000228  0.00000252  0.00000360  0.00000227  0.00000227  0.00000782  
0.00001116  0.00000599  0.00000606  0.00000227  0.00000411  0.00000258  0.00000186  0.00000210  0.00000587  0.00000212  0.00000241  0.00000227  0.00000252  0.00000240  0.00000269  0.00000433  
0.00000714  0.00000258  0.00000241  0.00000228  0.00000258  0.00000502  0.00000169  0.00000258  0.00000241  0.00000169  0.00000477  0.00000241  0.00000228  0.00000258  0.00000241  0.00000714  
0.00000552  0.00000212  0.00000186  0.00000207  0.00000186  0.00000169  0.00000237  0.00000186  0.00000212  0.00000235  0.00000169  0.00000212  0.00000207  0.00000212  0.00000186  0.00000552  
0.00000433  0.00000240  0.00000269  0.00000252  0.00000210  0.00000258  0.00000186  0.00000411  0.00000227  0.00000212  0.00000241  0.00000587  0.00000227  0.00000599  0.00000606  0.00001116  
0.00001116  0.00000606  0.00000599  0.00000227  0.00000587  0.00000241  0.00000212  0.00000227  0.00000411  0.00000186  0.00000258  0.00000210  0.00000252  0.00000269  0.00000240  0.00000433  
0.00000552  0.00000186  0.00000212  0.00000207  0.00000212  0.00000169  0.00000235  0.00000212  0.00000186  0.00000237  0.00000169  0.00000186  0.00000207  0.00000186  0.00000212  0.00000552  
0.00000714  0.00000241  0.00000258  0.00000228  0.00000241  0.00000477  0.00000169  0.00000241  0.00000258  0.00000169  0.00000502  0.00000258  0.00000228  0.00000241  0.00000258  0.00000714  
0.00000433  0.00000269  0.00000240  0.00000252  0.00000227  0.00000241  0.00000212  0.00000587  0.00000210  0.00000186  0.00000258  0.00000411  0.00000227  0.00000606  0.00000599  0.00001116  
0.00000782  0.00000227  0.00000227  0.00000360  0.00000252  0.00000228  0.00000207  0.00000227  0.00000252  0.00000207  0.00000228  0.00000227  0.00000471  0.00000252  0.00000252  0.00000782  
0.00000433  0.00000210  0.00000227  0.00000227  0.00000240  0.00000258  0.00000212  0.00000599  0.00000269  0.00000186  0.00000241  0.00000606  0.00000252  0.00000411  0.00000587  0.00001116  
0.00000433  0.00000227  0.00000210  0.00000227  0.00000269  0.00000241  0.00000186  0.00000606  0.00000240  0.00000212  0.00000258  0.00000599  0.00000252  0.00000587  0.00000411  0.00001116  
0.00000818  0.00000433  0.00000433  0.00000782  0.00000433  0.00000714  0.00000552  0.00001116  0.00000433  0.00000552  0.00000714  0.00001116  0.00000782  0.00001116  0.00001116  0.00001936  
