0.00000253  0.00000283  0.00000299  0.00000147  0.00000299  0.00000095  0.00000163  0.00000088  0.00000283  0.00000108  0.00000095  0.00000040  0.00000147  0.00000040  0.00000088  0.00000107  
0.00000283  0.00000120  0.00000078  0.00000032  0.00000091  0.00000024  0.00000028  0.00000029  0.00000129  0.00000029  0.00000020  0.00000020  0.00000040  0.00000016  0.00000029  0.00000088  
0.00000299  0.00000078  0.00000070  0.00000029  0.00000074  0.00000016  0.00000027  0.00000020  0.00000091  0.00000017  0.00000015  0.00000018  0.00000031  0.00000018  0.00000016  0.00000040  
0.00000147  0.00000032  0.00000029  0.00000034  0.00000031  0.00000018  0.00000017  0.00000032  0.00000040  0.00000017  0.00000019  0.00000029  0.00000042  0.00000031  0.00000040  0.00000147  
0.00000299  0.00000091  0.00000074  0.00000031  0.00000070  0.00000015  0.00000027  0.00000016  0.00000078  0.00000017  0.00000016  0.00000018  0.00000029  0.00000018  0.00000020  0.00000040  
0.00000095  0.00000024  0.00000016  0.00000018  0.00000015  0.00000013  0.00000010  0.00000024  0.00000020  0.00000010  0.00000016  0.00000016  0.00000019  0.00000015  0.00000020  0.00000095  
0.00000163  0.00000028  0.00000027  0.00000017  0.00000027  0.00000010  0.00000025  0.00000029  0.00000028  0.00000018  0.00000010  0.00000017  0.00000017  0.00000017  0.00000029  0.00000108  
0.00000088  0.00000029  0.00000020  0.00000032  0.00000016  0.00000024  0.00000029  0.00000120  0.00000029  0.00000028  0.00000020  0.00000078  0.00000040  0.00000091  0.00000129  0.00000283  
0.00000283  0.00000129  0.00000091  0.00000040  0.00000078  0.00000020  0.00000028  0.00000029  0.00000120  0.00000029  0.00000024  0.00000016  0.00000032  0.00000020  0.00000029  0.00000088  
0.00000108  0.00000029  0.00000017  0.00000017  0.00000017  0.00000010  0.00000018  0.00000028  0.00000029  0.00000025  0.00000010  0.00000027  0.00000017  0.00000027  0.00000028  0.00000163  
0.00000095  0.00000020  0.00000015  0.00000019  0.00000016  0.00000016  0.00000010  0.00000020  0.00000024  0.00000010  0.00000013  0.00000015  0.00000018  0.00000016  0.00000024  0.00000095  
0.00000040  0.00000020  0.00000018  0.00000029  0.00000018  0.00000016  0.00000017  0.00000078  0.00000016  0.00000027  0.00000015  0.00000070  0.00000031  0.00000074  0.00000091  0.00000299  
0.00000147  0.00000040  0.00000031  0.00000042  0.00000029  0.00000019  0.00000017  0.00000040  0.00000032  0.00000017  0.00000018  0.00000031  0.00000034  0.00000029  0.00000032  0.00000147  
0.00000040  0.00000016  0.00000018  0.00000031  0.00000018  0.00000015  0.00000017  0.00000091  0.00000020  0.00000027  0.00000016  0.00000074  0.00000029  0.00000070  0.00000078  0.00000299  
0.00000088  0.00000029  0.00000016  0.00000040  0.00000020  0.00000020  0.00000029  0.00000129  0.00000029  0.00000028  0.00000024  0.00000091  0.00000032  0.00000078  0.00000120  0.00000283  
0.00000107  0.00000088  0.00000040  0.00000147  0.00000040  0.00000095  0.00000108  0.00000283  0.00000088  0.00000163  0.00000095  0.00000299  0.00000147  0.00000299  0.00000283  0.00000253  
